test/data/seminaire_final_coolparks/differents_cas/cas1bis/Reference_scenario_cas1bis/2_Calculated_park_effects/Reference_weather_cas1bis/OUTPUT_T_45_0_23h.tif
NCOLS 137
NROWS 137
XLLCORNER 355585.11
YLLCORNER 6688994.6
CELLSIZE 11.935661
NODATA_VALUE -9999
[rows 58 to 86 of 137, columns 65 to 129 of 137]
25.353717 25.369736 25.386267 25.411292 25.435419 25.46726 25.500807 25.521612 25.5318 25.542904 25.546206 25.548994 25.555716 25.562439 25.569161 25.575884 25.582788 25.589994 25.597201 25.604407 25.611613 25.618128 25.621121 25.624115 25.627109 25.630102 25.633096 25.643219 25.653701 25.664182 25.674664 25.685145 25.682177 25.674487 25.666796 25.659106 25.651415 -9999 -9999 -9999 -9999 -9999 -9999 -9999 -9999 -9999 -9999 -9999 -9999 -9999 -9999 -9999 -9999 -9999 -9999 -9999 -9999 -9999 -9999 -9999 -9999 -9999 -9999 -9999 -9999
25.314264 25.330297 25.34922 25.371386 25.398458 25.430396 25.464104 25.497947 25.518751 25.528939 25.543924 25.555716 25.562439 25.569161 25.575884 25.582788 25.589994 25.597201 25.604407 25.611613 25.618128 25.621121 25.624115 25.627109 25.630102 25.633096 25.643219 25.653701 25.664182 25.674664 25.685145 25.682177 25.674487 25.666796 25.659106 25.651415 25.643837 25.63636 -9999 -9999 -9999 -9999 -9999 -9999 -9999 -9999 -9999 -9999 -9999 -9999 -9999 -9999 -9999 -9999 -9999 -9999 -9999 -9999 -9999 -9999 -9999 -9999 -9999 -9999 -9999
25.274811 25.288172 25.30978 25.331481 25.362491 25.394483 25.427402 25.461195 25.495086 25.520688 25.539029 25.557369 25.569161 25.575884 25.582788 25.589994 25.597201 25.604407 25.611613 25.618128 25.621121 25.624115 25.627109 25.630102 25.633096 25.643219 25.653701 25.664182 25.674664 25.685145 25.682177 25.674487 25.666796 25.659106 25.651415 25.643837 25.63636 25.628883 25.621405 -9999 -9999 -9999 -9999 -9999 -9999 -9999 -9999 -9999 -9999 -9999 -9999 -9999 -9999 -9999 -9999 -9999 -9999 -9999 -9999 -9999 -9999 -9999 -9999 -9999 -9999
25.235899 25.247114 25.267656 25.296232 25.32747 25.359492 25.391489 25.424444 25.4621 25.509182 25.544962 25.558346 25.571729 25.582788 25.589994 25.597201 25.604407 25.611613 25.618128 25.621121 25.624115 25.627109 25.630102 25.633096 25.643219 25.653701 25.664182 25.674664 25.685145 25.682177 25.674487 25.666796 25.659106 25.651415 25.643837 25.63636 25.628883 25.621405 25.613928 25.608316 -9999 -9999 -9999 -9999 -9999 -9999 -9999 -9999 -9999 -9999 -9999 -9999 -9999 -9999 -9999 -9999 -9999 -9999 -9999 -9999 -9999 -9999 -9999 -9999 -9999
25.192916 25.206047 25.232499 25.262812 25.293157 25.324395 25.356417 25.383577 25.431747 25.472568 25.53595 25.571729 25.582788 25.589994 25.597201 25.604407 25.611613 25.618128 25.621121 25.624115 25.627109 25.630102 25.633096 25.643219 25.653701 25.664182 25.674664 25.685145 25.682177 25.674487 25.666796 25.659106 25.651415 25.643837 25.63636 25.628883 25.621405 25.613928 25.608316 25.60674 25.605165 -9999 -9999 -9999 -9999 -9999 -9999 -9999 -9999 -9999 -9999 -9999 -9999 -9999 -9999 -9999 -9999 -9999 -9999 -9999 -9999 -9999 -9999 -9999 -9999
25.145379 25.171038 25.199819 25.229392 25.259725 25.290083 25.316458 25.340217 25.390368 25.441683 25.499335 25.569991 25.589994 25.597201 25.604407 25.611613 25.618128 25.621121 25.624115 25.627109 25.630102 25.633096 25.643219 25.653701 25.664182 25.674664 25.685145 25.682177 25.674487 25.666796 25.659106 25.651415 25.643837 25.63636 25.628883 25.621405 25.613928 25.608316 25.60674 25.605165 25.60359 25.602015 -9999 -9999 -9999 -9999 -9999 -9999 -9999 -9999 -9999 -9999 -9999 -9999 -9999 -9999 -9999 -9999 -9999 -9999 -9999 -9999 -9999 -9999 -9999
25.111113 25.139156 25.167932 25.196711 25.226292 25.243654 25.262526 25.296858 25.33602 25.400305 25.469994 25.552701 25.594728 25.604407 25.611613 25.618128 25.621121 25.624115 25.627109 25.630102 25.633096 25.643219 25.653701 25.664182 25.674664 25.685145 25.682177 25.674487 25.666796 25.659106 25.651415 25.643837 25.63636 25.628883 25.621405 25.613928 25.608316 25.60674 25.605165 25.60359 25.602015 25.60045 25.59897 -9999 -9999 -9999 -9999 -9999 -9999 -9999 -9999 -9999 -9999 -9999 -9999 -9999 -9999 -9999 -9999 -9999 -9999 -9999 -9999 -9999 -9999
25.080708 25.108021 25.136062 25.164838 25.180623 25.188136 25.196724 25.242926 25.281672 25.356397 25.448423 25.535412 25.596415 25.609141 25.618128 25.621121 25.624115 25.627109 25.630102 25.633096 25.643219 25.653701 25.664182 25.674664 25.685145 25.682177 25.674487 25.666796 25.659106 25.651415 25.643837 25.63636 25.628883 25.621405 25.613928 25.608316 25.60674 25.605165 25.60359 25.602015 25.60045 25.59897 25.597491 25.596011 -9999 -9999 -9999 -9999 -9999 -9999 -9999 -9999 -9999 -9999 -9999 -9999 -9999 -9999 -9999 -9999 -9999 -9999 -9999 -9999 -9999
25.050303 25.077637 25.104926 25.119977 25.126677 25.133378 25.140892 25.177124 25.243706 25.332525 25.421815 25.51384 25.598101 25.610655 25.621121 25.624115 25.627109 25.630102 25.633096 25.643219 25.653701 25.664182 25.674664 25.685145 25.682177 25.674487 25.666796 25.659106 25.651415 25.643837 25.63636 25.628883 25.621405 25.613928 25.608316 25.60674 25.605165 25.60359 25.602015 25.60045 25.59897 25.597491 25.596011 25.594532 25.593052 -9999 -9999 -9999 -9999 -9999 -9999 -9999 -9999 -9999 -9999 -9999 -9999 -9999 -9999 -9999 -9999 -9999 -9999 -9999 -9999
25.020633 25.047252 25.046827 25.035804 25.050668 25.06699 25.083312 25.131701 25.232051 25.323676 25.409996 25.497537 25.582733 25.611294 25.622972 25.627109 25.630102 25.633096 25.643219 25.653701 25.664182 25.674664 25.685145 25.682177 25.674487 25.666796 25.659106 25.651415 25.643837 25.63636 25.628883 25.621405 25.613928 25.608316 25.60674 25.605165 25.60359 25.602015 25.60045 25.59897 25.597491 25.596011 25.594532 25.593052 25.587237 25.580895 -9999 -9999 -9999 -9999 -9999 -9999 -9999 -9999 -9999 -9999 -9999 -9999 -9999 -9999 -9999 -9999 -9999 -9999 -9999
24.99168 24.983213 24.969345 24.949538 24.962697 24.977561 25.024333 25.121555 25.220396 25.316196 25.401147 25.485122 25.558388 25.60671 25.623611 25.630102 25.633096 25.643219 25.653701 25.664182 25.674664 25.685145 25.682177 25.674487 25.666796 25.659106 25.651415 25.643837 25.63636 25.628883 25.621405 25.613928 25.608316 25.60674 25.605165 25.60359 25.602015 25.60045 25.59897 25.597491 25.596011 25.594532 25.593052 25.587237 25.580895 25.574553 25.568211 -9999 -9999 -9999 -9999 -9999 -9999 -9999 -9999 -9999 -9999 -9999 -9999 -9999 -9999 -9999 -9999 -9999 -9999
24.928347 24.895836 24.882606 24.872057 24.876219 24.923832 25.018385 25.113027 25.21025 25.308716 25.390751 25.459141 25.534043 25.595983 25.619027 25.633096 25.643219 25.653701 25.664182 25.674664 25.685145 25.682177 25.674487 25.666796 25.659106 25.651415 25.643837 25.63636 25.628883 25.621405 25.613928 25.608316 25.60674 25.605165 25.60359 25.602015 25.60045 25.59897 25.597491 25.596011 25.594532 25.593052 25.587237 25.580895 25.574553 25.568211 25.561869 25.558542 -9999 -9999 -9999 -9999 -9999 -9999 -9999 -9999 -9999 -9999 -9999 -9999 -9999 -9999 -9999 -9999 -9999
24.841655 24.808458 24.78682 24.785317 24.823982 24.928328 25.025324 25.117521 25.210859 25.299501 25.36552 25.432719 25.508062 25.582963 25.6083 25.643219 25.653701 25.664182 25.674664 25.685145 25.682177 25.674487 25.666796 25.659106 25.651415 25.643837 25.63636 25.628883 25.621405 25.613928 25.608316 25.60674 25.605165 25.60359 25.602015 25.60045 25.59897 25.597491 25.596011 25.594532 25.593052 25.587237 25.580895 25.574553 25.568211 25.561869 25.558542 25.556636 25.554729 -9999 -9999 -9999 -9999 -9999 -9999 -9999 -9999 -9999 -9999 -9999 -9999 -9999 -9999 -9999 -9999
24.755364 24.721767 24.691035 24.73002 24.833862 24.932824 25.033432 25.124461 25.211961 25.276715 25.341469 25.407487 25.480244 25.556982 25.610908 25.647957 25.664182 25.674664 25.685145 25.682177 25.674487 25.666796 25.659106 25.651415 25.643837 25.63636 25.628883 25.621405 25.613928 25.608316 25.60674 25.605165 25.60359 25.602015 25.60045 25.59897 25.597491 25.596011 25.594532 25.593052 25.587237 25.580895 25.574553 25.568211 25.561869 25.558542 25.556636 25.554729 25.552823 25.550917 -9999 -9999 -9999 -9999 -9999 -9999 -9999 -9999 -9999 -9999 -9999 -9999 -9999 -9999 -9999
24.640351 24.614367 24.637097 24.741807 24.847876 24.942704 25.041539 25.126829 25.183858 25.249736 25.316923 25.383437 25.452426 25.541759 25.611911 25.651234 25.674664 25.685145 25.682177 25.674487 25.666796 25.659106 25.651415 25.643837 25.63636 25.628883 25.621405 25.613928 25.608316 25.60674 25.605165 25.60359 25.602015 25.60045 25.59897 25.597491 25.596011 25.594532 25.593052 25.587237 25.580895 25.574553 25.568211 25.561869 25.558542 25.556636 25.554729 25.552823 25.550917 25.550751 25.552566 -9999 -9999 -9999 -9999 -9999 -9999 -9999 -9999 -9999 -9999 -9999 -9999 -9999 -9999
24.526649 24.548068 24.651511 24.754953 24.859664 24.957845 25.044535 25.100006 25.156104 25.219285 25.285164 25.352351 25.438557 25.527168 25.61036 25.652237 25.685145 25.682177 25.674487 25.666796 25.659106 25.651415 25.643837 25.63636 25.628883 25.621405 25.613928 25.608316 25.60674 25.605165 25.60359 25.602015 25.60045 25.59897 25.597491 25.596011 25.594532 25.593052 25.587237 25.580895 25.574553 25.568211 25.561869 25.558542 25.556636 25.554729 25.552823 25.550917 25.550751 25.552566 25.554381 25.556196 -9999 -9999 -9999 -9999 -9999 -9999 -9999 -9999 -9999 -9999 -9999 -9999 -9999
24.465861 24.573122 24.672426 24.772757 24.873088 24.965974 25.016999 25.071734 25.129281 25.190173 25.254712 25.338866 25.426771 25.513931 25.602543 25.650686 25.681163 25.674487 25.666796 25.659106 25.651415 25.643837 25.63636 25.628883 25.621405 25.613928 25.608316 25.60674 25.605165 25.60359 25.602015 25.60045 25.59897 25.597491 25.596011 25.594532 25.593052 25.587237 25.580895 25.574553 25.568211 25.561869 25.558542 25.556636 25.554729 25.552823 25.550917 25.550751 25.552566 25.554381 25.556196 25.558012 -9999 -9999 -9999 -9999 -9999 -9999 -9999 -9999 -9999 -9999 -9999 -9999 -9999
24.49081 24.59983 24.699342 24.798645 24.890537 24.939503 24.989463 25.042045 25.101009 25.161061 25.225043 25.299832 25.393 25.488063 25.583126 25.637735 25.664208 25.666796 25.659106 25.651415 25.643837 25.63636 25.628883 25.621405 25.613928 25.608316 25.60674 25.605165 25.60359 25.602015 25.60045 25.59897 25.597491 25.596011 25.594532 25.593052 25.587237 25.580895 25.574553 25.568211 25.561869 25.558542 25.556636 25.554729 25.552823 25.550917 25.550751 25.552566 25.554381 25.556196 25.558012 -9999 -9999 -9999 -9999 -9999 -9999 -9999 -9999 -9999 -9999 -9999 -9999 -9999 -9999
24.542858 24.624778 24.727173 24.816255 24.864127 24.914026 24.962992 25.012952 25.07132 25.124454 25.195345 25.262739 25.353967 25.447134 25.525687 25.598443 25.647254 25.659106 25.651415 25.643837 25.63636 25.628883 25.621405 25.613928 25.608316 25.60674 25.605165 25.60359 25.602015 25.60045 25.59897 25.597491 25.596011 25.594532 25.593052 25.587237 25.580895 25.574553 25.568211 25.561869 25.558542 25.556636 25.554729 25.552823 25.550917 25.550751 25.552566 25.554381 25.556196 25.558012 -9999 -9999 -9999 -9999 -9999 -9999 -9999 -9999 -9999 -9999 -9999 -9999 -9999 -9999 -9999
24.617946 24.676827 24.745699 24.787442 24.832362 24.882174 24.933165 24.984156 25.035149 25.087307 25.15871 25.229601 25.316873 25.411828 25.485946 25.538325 25.607962 25.651415 25.643837 25.63636 25.628883 25.621405 25.613928 25.608316 25.60674 25.605165 25.60359 25.602015 25.60045 25.59897 25.597491 25.596011 25.594532 25.593052 25.587237 25.580895 25.574553 25.568211 25.561869 25.558542 25.556636 25.554729 25.552823 25.550917 25.550751 25.552566 25.554381 25.556196 25.558012 -9999 -9999 -9999 -9999 -9999 -9999 -9999 -9999 -9999 -9999 -9999 -9999 -9999 -9999 -9999 -9999
24.69154 24.744721 24.756107 24.758629 24.801645 24.850409 24.900221 24.950076 24.999875 25.050811 25.115297 25.192966 25.283507 25.37977 25.47611 25.550233 25.602612 25.634071 25.63636 25.628883 25.621405 25.613928 25.608316 25.60674 25.605165 25.60359 25.602015 25.60045 25.59897 25.597491 25.596011 25.594532 25.593052 25.587237 25.580895 25.574553 25.568211 25.561869 25.558542 25.556636 25.554729 25.552823 25.550917 25.550751 25.552566 25.554381 25.556196 25.558012 -9999 -9999 -9999 -9999 -9999 -9999 -9999 -9999 -9999 -9999 -9999 -9999 -9999 -9999 -9999 -9999 -9999
24.78004 24.776022 24.791116 24.769037 24.771559 24.819692 24.891213 24.906113 24.962379 25.015537 25.071883 25.187984 25.285876 25.347712 25.444022 25.540397 25.593599 25.606358 25.619116 25.621405 25.613928 25.608316 25.60674 25.605165 25.60359 25.602015 25.60045 25.59897 25.597491 25.596011 25.594532 25.593052 25.587237 25.580895 25.574553 25.568211 25.561869 25.558542 25.556636 25.554729 25.552823 25.550917 25.550751 25.552566 25.554381 25.556196 25.558012 -9999 -9999 -9999 -9999 -9999 -9999 -9999 -9999 -9999 -9999 -9999 -9999 -9999 -9999 -9999 -9999 -9999 -9999
24.845055 24.825404 24.822417 24.812789 24.781968 24.812769 24.88652 24.889491 24.904391 24.960657 25.068668 25.196498 25.321885 25.350082 25.411934 25.512961 25.593616 25.597741 25.601866 25.605991 25.608316 25.60674 25.605165 25.60359 25.602015 25.60045 25.59897 25.597491 25.596011 25.594532 25.593052 25.587237 25.580895 25.574553 25.568211 25.561869 25.558542 25.556636 25.554729 25.552823 25.550917 25.550751 25.552566 25.554381 25.556196 25.558012 -9999 -9999 -9999 -9999 -9999 -9999 -9999 -9999 -9999 -9999 -9999 -9999 -9999 -9999 -9999 -9999 -9999 -9999 -9999
24.91007 24.889457 24.871799 24.85654 24.851948 24.848672 24.880791 24.909709 24.887769 24.954415 25.080596 25.206778 25.334607 25.386091 25.417778 25.489683 25.594868 25.601866 25.605991 25.608316 25.60674 25.605165 25.60359 25.602015 25.60045 25.59897 25.597491 25.596011 25.594532 25.593052 25.587237 25.580895 25.574553 25.568211 25.561869 25.558542 25.556636 25.554729 25.552823 25.550917 25.550751 25.552566 25.554381 25.556196 25.558012 -9999 -9999 -9999 -9999 -9999 -9999 -9999 -9999 -9999 -9999 -9999 -9999 -9999 -9999 -9999 -9999 -9999 -9999 -9999 -9999
24.973813 24.95388 24.935852 24.921944 24.920417 24.918939 24.916694 24.929928 24.982551 25.067083 25.165112 25.26314 25.361169 25.42559 25.460398 25.498892 25.571589 25.605991 25.608316 25.60674 25.605165 25.60359 25.602015 25.60045 25.59897 25.597491 25.596011 25.594532 25.593052 25.587237 25.580895 25.574553 25.568211 25.561869 25.558542 25.556636 25.554729 25.552823 25.550917 25.550751 25.552566 25.554381 25.556196 25.558012 -9999 -9999 -9999 -9999 -9999 -9999 -9999 -9999 -9999 -9999 -9999 -9999 -9999 -9999 -9999 -9999 -9999 -9999 -9999 -9999 -9999
25.036574 25.017624 25.003654 24.989934 24.985088 24.983609 24.98213 25.031193 25.103514 25.182834 25.280863 25.378891 25.440921 25.470774 25.503018 25.539845 25.580799 25.608316 25.60674 25.605165 25.60359 25.602015 25.60045 25.59897 25.597491 25.596011 25.594532 25.593052 25.587237 25.580895 25.574553 25.568211 25.561869 25.558542 25.556636 25.554729 25.552823 25.550917 25.550751 25.552566 25.554381 25.556196 25.558012 -9999 -9999 -9999 -9999 -9999 -9999 -9999 -9999 -9999 -9999 -9999 -9999 -9999 -9999 -9999 -9999 -9999 -9999 -9999 -9999 -9999 -9999
25.099334 25.085364 25.071644 25.057924 25.049759 25.04828 25.097342 25.164152 25.230962 25.303283 25.396614 25.453278 25.484907 25.518349 25.548201 25.580799 25.608316 25.60674 25.605165 25.60359 25.602015 25.60045 25.59897 25.597491 25.596011 25.594532 25.593052 25.587237 25.580895 25.574553 25.568211 25.561869 25.558542 25.556636 25.554729 25.552823 25.550917 25.550751 25.552566 25.554381 25.556196 25.558012 -9999 -9999 -9999 -9999 -9999 -9999 -9999 -9999 -9999 -9999 -9999 -9999 -9999 -9999 -9999 -9999 -9999 -9999 -9999 -9999 -9999 -9999 -9999
25.158578 25.14795 25.137549 25.125913 25.114429 25.142941 25.192776 25.269916 25.347056 25.424196 25.471001 25.490692 25.51854 25.552173 25.585806 25.608316 25.60674 25.605165 25.60359 25.602015 25.60045 25.59897 25.597491 25.596011 25.594532 25.593052 25.587237 25.580895 25.574553 25.568211 25.561869 25.558542 25.556636 25.554729 25.552823 25.550917 25.550751 25.552566 25.554381 25.556196 25.558012 -9999 -9999 -9999 -9999 -9999 -9999 -9999 -9999 -9999 -9999 -9999 -9999 -9999 -9999 -9999 -9999 -9999 -9999 -9999 -9999 -9999 -9999 -9999 -9999
25.217646 25.203698 25.193298 25.182897 25.209091 25.248134 25.287638 25.364778 25.441918 25.486041 25.503625 25.528105 25.552173 25.585806 25.608316 25.60674 25.605165 25.60359 25.602015 25.60045 25.59897 25.597491 25.596011 25.594532 25.593052 25.587237 25.580895 25.574553 25.568211 25.561869 25.558542 25.556636 25.554729 25.552823 25.550917 25.550751 25.552566 25.554381 25.556196 25.558012 -9999 -9999 -9999 -9999 -9999 -9999 -9999 -9999 -9999 -9999 -9999 -9999 -9999 -9999 -9999 -9999 -9999 -9999 -9999 -9999 -9999 -9999 -9999 -9999 -9999
