test/data/seminaire_final_coolparks/differents_cas/cas1bis/Reference_scenario_cas1bis/2_Calculated_park_effects/Reference_weather_cas1bis/OUTPUT_T_45_0_23h.tif
NCOLS 137
NROWS 137
XLLCORNER 355585.11
YLLCORNER 6688994.6
CELLSIZE 11.935661
NODATA_VALUE -9999
[rows 58 to 86 of 137, columns 0 to 64 of 137]
-9999 -9999 -9999 -9999 -9999 -9999 -9999 -9999 -9999 -9999 -9999 -9999 -9999 -9999 -9999 -9999 -9999 -9999 -9999 -9999 -9999 -9999 -9999 -9999 25.669228 25.66587 25.662512 25.659154 25.655796 25.655073 25.657015 25.658957 25.660899 25.662841 25.662082 25.654552 25.647023 25.639494 25.631964 25.624906 25.623819 25.622732 25.621645 25.620558 25.619472 25.620325 25.621491 25.622658 25.623824 25.624991 25.617646 25.597242 25.577752 25.559541 25.543028 25.541418 25.540421 25.536877 25.533458 25.526276 25.511431 25.47009 25.428749 25.387434 25.364447
-9999 -9999 -9999 -9999 -9999 -9999 -9999 -9999 -9999 -9999 -9999 -9999 -9999 -9999 -9999 -9999 -9999 -9999 -9999 -9999 -9999 -9999 -9999 25.669228 25.66587 25.662512 25.659154 25.655796 25.655073 25.657015 25.658957 25.660899 25.662841 25.662082 25.654552 25.647023 25.639494 25.631964 25.624906 25.623819 25.622732 25.621645 25.620558 25.619472 25.620325 25.621491 25.622658 25.623824 25.624991 25.617646 25.605697 25.586562 25.56502 25.545529 25.528914 25.522276 25.52236 25.517465 25.51375 25.494326 25.436247 25.402135 25.368546 25.333441 25.302508
-9999 -9999 -9999 -9999 -9999 -9999 -9999 -9999 -9999 -9999 -9999 -9999 -9999 -9999 -9999 -9999 -9999 -9999 -9999 -9999 -9999 -9999 25.669228 25.66587 25.662512 25.659154 25.655796 25.655073 25.657015 25.658957 25.660899 25.662841 25.662082 25.654552 25.647023 25.639494 25.631964 25.624906 25.623819 25.622732 25.621645 25.620558 25.619472 25.620325 25.621491 25.622658 25.623824 25.624991 25.620347 25.60962 25.593747 25.577709 25.55434 25.535673 25.522764 25.509856 25.503218 25.499773 25.479737 25.420151 25.358502 25.320102 25.285989 25.25296 25.263596
-9999 -9999 -9999 -9999 -9999 -9999 -9999 -9999 -9999 -9999 -9999 -9999 -9999 -9999 -9999 -9999 -9999 -9999 -9999 -9999 -9999 25.669228 25.66587 25.662512 25.659154 25.655796 25.655073 25.657015 25.658957 25.660899 25.662841 25.662082 25.654552 25.647023 25.639494 25.631964 25.624906 25.623819 25.622732 25.621645 25.620558 25.619472 25.620325 25.621491 25.622658 25.623824 25.624991 25.623047 25.612559 25.60477 25.58572 25.568856 25.545702 25.523143 25.507776 25.498939 25.490102 25.46731 25.396318 25.337803 25.284327 25.238605 25.204434 25.21419 25.225263
-9999 -9999 -9999 -9999 -9999 -9999 -9999 -9999 -9999 -9999 -9999 -9999 -9999 -9999 -9999 -9999 -9999 -9999 -9999 -9999 25.669228 25.66587 25.662512 25.659154 25.655796 25.655073 25.657015 25.658957 25.660899 25.662841 25.662082 25.654552 25.647023 25.639494 25.631964 25.624906 25.623819 25.622732 25.621645 25.620558 25.619472 25.620325 25.621491 25.622658 25.623824 25.624991 25.623047 25.61942 25.608777 25.596982 25.581029 25.560162 25.537341 25.514464 25.49314 25.477774 25.454957 25.383916 25.312899 25.247469 25.201978 25.157585 25.160675 25.167369 25.179784
-9999 -9999 -9999 -9999 -9999 -9999 -9999 -9999 -9999 -9999 -9999 -9999 -9999 -9999 -9999 -9999 -9999 -9999 -9999 -9999 25.66587 25.662512 25.659154 25.655796 25.655073 25.657015 25.658957 25.660899 25.662841 25.662082 25.654552 25.647023 25.639494 25.631964 25.624906 25.623819 25.622732 25.621645 25.620558 25.619472 25.620325 25.621491 25.622658 25.623824 25.624991 25.625748 25.623511 25.615794 25.608247 25.593201 25.574678 25.551673 25.528859 25.506103 25.484319 25.44752 25.368049 25.300546 25.229505 25.158488 25.112209 25.111756 25.116917 25.12128 25.132963
-9999 -9999 -9999 -9999 -9999 -9999 -9999 -9999 -9999 -9999 -9999 -9999 -9999 -9999 -9999 -9999 -9999 -9999 -9999 -9999 -9999 25.659154 25.655796 25.655073 25.657015 25.658957 25.660899 25.662841 25.662082 25.654552 25.647023 25.639494 25.631964 25.624906 25.623819 25.622732 25.621645 25.620558 25.619472 25.620325 25.621491 25.622658 25.623824 25.624991 25.628448 25.626282 25.626817 25.616258 25.607717 25.589139 25.566067 25.543185 25.520276 25.497621 25.459881 25.369207 25.276593 25.196083 25.131573 25.067856 25.066532 25.065697 25.071088 25.076248 25.086875
-9999 -9999 -9999 -9999 -9999 -9999 -9999 -9999 -9999 -9999 -9999 -9999 -9999 -9999 -9999 -9999 -9999 -9999 -9999 -9999 -9999 -9999 25.655073 25.657015 25.658957 25.660899 25.662841 25.662082 25.654552 25.647023 25.639494 25.631964 25.624906 25.623819 25.622732 25.621645 25.620558 25.619472 25.620325 25.621491 25.622658 25.623824 25.624991 25.628448 25.633144 25.630992 25.627352 25.61989 25.603599 25.580522 25.557389 25.534573 25.511692 25.476535 25.394513 25.290893 25.199388 25.104627 25.02491 25.023127 25.021345 25.02002 25.023236 25.03042 25.053342
-9999 -9999 -9999 -9999 -9999 -9999 -9999 -9999 -9999 -9999 -9999 -9999 -9999 -9999 -9999 -9999 -9999 -9999 -9999 -9999 -9999 -9999 -9999 25.658957 25.660899 25.662841 25.662082 25.654552 25.647023 25.639494 25.631964 25.624906 25.623819 25.622732 25.621645 25.620558 25.619472 25.620325 25.621491 25.622658 25.623824 25.624991 25.630617 25.636564 25.637841 25.638785 25.632062 25.618115 25.594855 25.57178 25.548773 25.525861 25.493582 25.412319 25.334033 25.225526 25.121905 25.027935 24.975556 24.975154 24.975398 24.974833 24.975385 24.997669 25.023671
-9999 -9999 -9999 -9999 -9999 -9999 -9999 -9999 -9999 -9999 -9999 -9999 -9999 -9999 -9999 -9999 -9999 -9999 -9999 -9999 -9999 -9999 -9999 -9999 25.662841 25.662082 25.654552 25.647023 25.639494 25.631964 25.624906 25.623819 25.622732 25.621645 25.620558 25.619472 25.620325 25.621491 25.622658 25.623824 25.624991 25.630617 25.638655 25.646693 25.645957 25.646578 25.632575 25.609243 25.58611 25.562941 25.540031 25.507652 25.442609 25.360855 25.269818 25.171164 25.057035 24.991366 24.937241 24.923597 24.923195 24.923439 24.943304 24.968681 24.994719
-9999 -9999 -9999 -9999 -9999 -9999 -9999 -9999 -9999 -9999 -9999 -9999 -9999 -9999 -9999 -9999 -9999 -9999 -9999 -9999 -9999 -9999 -9999 -9999 -9999 25.654552 25.647023 25.639494 25.631964 25.624906 25.623819 25.622732 25.621645 25.620558 25.619472 25.620325 25.621491 25.622658 25.623824 25.624991 25.630617 25.638655 25.646693 25.654731 25.656482 25.646555 25.623703 25.600315 25.577238 25.554106 25.524699 25.469698 25.391636 25.319736 25.218353 25.117299 25.04198 24.966489 24.900671 24.872616 24.871638 24.890856 24.915609 24.940362 24.965739
-9999 -9999 -9999 -9999 -9999 -9999 -9999 -9999 -9999 -9999 -9999 -9999 -9999 -9999 -9999 -9999 -9999 -9999 -9999 -9999 -9999 -9999 -9999 -9999 -9999 -9999 25.639494 25.631964 25.624906 25.623819 25.622732 25.621645 25.620558 25.619472 25.620325 25.621491 25.622658 25.623824 25.624991 25.630617 25.638655 25.646693 25.654731 25.662769 25.658212 25.636945 25.6147 25.591443 25.568271 25.541745 25.486969 25.435169 25.353682 25.275621 25.177659 25.109453 25.026925 24.951553 24.875794 24.821635 24.840399 24.864007 24.888047 24.91275 24.937453
-9999 -9999 -9999 -9999 -9999 -9999 -9999 -9999 -9999 -9999 -9999 -9999 -9999 -9999 -9999 -9999 -9999 -9999 -9999 -9999 -9999 -9999 -9999 -9999 -9999 -9999 -9999 25.624906 25.623819 25.622732 25.621645 25.620558 25.619472 25.620325 25.621491 25.622658 25.623824 25.624991 25.630617 25.638655 25.646693 25.654731 25.662769 25.662315 25.649324 25.627335 25.605606 25.58244 25.555816 25.517259 25.462526 25.39744 25.325807 25.238018 25.170091 25.102258 25.019079 24.93655 24.860858 24.80902 24.814079 24.83775 24.861199 24.885239 24.875493
-9999 -9999 -9999 -9999 -9999 -9999 -9999 -9999 -9999 -9999 -9999 -9999 -9999 -9999 -9999 -9999 -9999 -9999 -9999 -9999 -9999 -9999 -9999 -9999 -9999 -9999 -9999 -9999 25.622732 25.621645 25.620558 25.619472 25.620325 25.621491 25.622658 25.623824 25.624991 25.630617 25.638655 25.646693 25.654731 25.662769 25.662675 25.65091 25.639506 25.618448 25.596459 25.572863 25.544883 25.492773 25.447893 25.372996 25.298283 25.237938 25.169883 25.09469 25.017082 24.928704 24.869843 24.823965 24.804372 24.811441 24.834942 24.811934 24.781348
-9999 -9999 -9999 -9999 -9999 -9999 -9999 -9999 -9999 -9999 -9999 -9999 -9999 -9999 -9999 -9999 -9999 -9999 -9999 -9999 -9999 -9999 -9999 -9999 -9999 -9999 -9999 -9999 -9999 25.620558 25.619472 25.620325 25.621491 25.622658 25.623824 25.624991 25.630617 25.638655 25.646693 25.654731 25.662769 25.662675 25.652095 25.640383 25.628102 25.610045 25.589909 25.561619 25.536306 25.481839 25.429729 25.358642 25.305714 25.237857 25.175374 25.094483 25.015085 24.95319 24.895078 24.838909 24.808789 24.801734 24.762227 24.70673 24.667646
-9999 -9999 -9999 -9999 -9999 -9999 -9999 -9999 -9999 -9999 -9999 -9999 -9999 -9999 -9999 -9999 -9999 -9999 -9999 -9999 -9999 -9999 -9999 -9999 -9999 -9999 -9999 -9999 -9999 -9999 25.620325 25.621491 25.622658 25.623824 25.624991 25.62295 25.638655 25.646693 25.654731 25.662769 25.662675 25.652095 25.641515 25.630416 25.617574 25.60398 25.591909 25.564196 25.525062 25.48045 25.419002 25.366049 25.313191 25.245287 25.17743 25.099973 25.042262 24.984275 24.928664 24.864144 24.813205 24.744314 24.649001 24.601527 24.555112
-9999 -9999 -9999 -9999 -9999 -9999 -9999 -9999 -9999 -9999 -9999 -9999 -9999 -9999 -9999 -9999 -9999 -9999 -9999 -9999 -9999 -9999 -9999 -9999 -9999 -9999 -9999 -9999 -9999 -9999 -9999 25.622658 25.623824 25.624991 25.62295 25.619173 25.633409 25.654731 25.662769 25.662675 25.652095 25.641515 25.630935 25.620355 25.611208 25.612832 25.593909 25.57605 25.527639 25.479267 25.433895 25.381118 25.320597 25.258265 25.184861 25.128644 25.076708 25.018663 24.960063 24.89773 24.775141 24.64365 24.531514 24.4883 24.442578
-9999 -9999 -9999 -9999 -9999 -9999 -9999 -9999 -9999 -9999 -9999 -9999 -9999 -9999 -9999 -9999 -9999 -9999 -9999 -9999 -9999 -9999 -9999 -9999 -9999 -9999 -9999 -9999 -9999 -9999 -9999 -9999 25.624991 25.62295 25.619173 25.615396 25.620841 25.649486 25.662675 25.652095 25.641515 25.630935 25.620355 25.61319 25.617261 25.620439 25.602761 25.583838 25.539626 25.501742 25.448789 25.401582 25.335666 25.271242 25.217715 25.166461 25.111153 25.05561 24.994451 24.873245 24.710047 24.559441 24.43085 24.368253 24.393369
-9999 -9999 -9999 -9999 -9999 -9999 -9999 -9999 -9999 -9999 -9999 -9999 -9999 -9999 -9999 -9999 -9999 -9999 -9999 -9999 -9999 -9999 -9999 -9999 -9999 -9999 -9999 -9999 -9999 -9999 -9999 -9999 -9999 25.619173 25.615396 25.611619 25.608273 25.633946 25.652095 25.641515 25.630935 25.620355 25.61319 25.617805 25.622421 25.626492 25.615995 25.592785 25.562007 25.524123 25.471496 25.418311 25.35613 25.306787 25.255522 25.206768 25.14897 25.092556 24.977437 24.81832 24.644953 24.488583 24.346641 24.313975 24.448063
-9999 -9999 -9999 -9999 -9999 -9999 -9999 -9999 -9999 -9999 -9999 -9999 -9999 -9999 -9999 -9999 -9999 -9999 -9999 -9999 -9999 -9999 -9999 -9999 -9999 -9999 -9999 -9999 -9999 -9999 -9999 -9999 -9999 -9999 25.611619 25.607843 25.604739 25.614574 25.636416 25.630935 25.620355 25.61319 25.617805 25.622421 25.627036 25.631652 25.629325 25.613572 25.588075 25.546503 25.499448 25.441018 25.393169 25.347954 25.296768 25.244753 25.189277 25.081628 24.922686 24.769831 24.590027 24.417725 24.35299 24.414384 24.502758
-9999 -9999 -9999 -9999 -9999 -9999 -9999 -9999 -9999 -9999 -9999 -9999 -9999 -9999 -9999 -9999 -9999 -9999 -9999 -9999 -9999 -9999 -9999 -9999 -9999 -9999 -9999 -9999 -9999 -9999 -9999 -9999 -9999 -9999 -9999 25.604739 25.602503 25.604752 25.617044 25.620355 25.61319 25.617805 25.622421 25.627036 25.631652 25.63624 25.638757 25.634358 25.616502 25.572572 25.5274 25.48224 25.437843 25.389122 25.340436 25.285999 25.179733 25.037221 24.878313 24.715081 24.542973 24.436682 24.487262 24.55045 24.603167
-9999 -9999 -9999 -9999 -9999 -9999 -9999 -9999 -9999 -9999 -9999 -9999 -9999 -9999 -9999 -9999 -9999 -9999 -9999 -9999 -9999 -9999 -9999 -9999 -9999 -9999 -9999 -9999 -9999 -9999 -9999 -9999 -9999 -9999 -9999 -9999 25.600267 25.599934 25.607223 25.61319 25.617805 25.622421 25.627036 25.631652 25.63624 25.638757 25.641273 25.643789 25.639391 25.600998 25.569321 25.526769 25.484872 25.433796 25.384104 25.283924 25.145912 24.992815 24.841603 24.670708 24.570866 24.588753 24.6258 24.684723 24.740667
-9999 -9999 -9999 -9999 -9999 -9999 -9999 -9999 -9999 -9999 -9999 -9999 -9999 -9999 -9999 -9999 -9999 -9999 -9999 -9999 -9999 -9999 -9999 -9999 -9999 -9999 -9999 -9999 -9999 -9999 -9999 -9999 -9999 -9999 -9999 -9999 -9999 25.595794 25.601053 25.603088 25.622421 25.627036 25.631652 25.63624 25.638757 25.641273 25.643789 25.646306 25.648822 25.641678 25.613053 25.573632 25.529443 25.480825 25.388116 25.249861 25.117693 24.958993 24.804892 24.699875 24.709142 24.740825 24.767639 24.82326 24.866259
-9999 -9999 -9999 -9999 -9999 -9999 -9999 -9999 -9999 -9999 -9999 -9999 -9999 -9999 -9999 -9999 -9999 -9999 -9999 -9999 -9999 -9999 -9999 -9999 -9999 -9999 -9999 -9999 -9999 -9999 -9999 -9999 -9999 -9999 -9999 -9999 -9999 -9999 25.590226 25.591507 25.612318 25.631652 25.63624 25.638757 25.641273 25.643789 25.646306 25.648822 25.655371 25.662925 25.656785 25.62199 25.576307 25.486221 25.364396 25.226592 25.08363 24.932627 24.828884 24.838196 24.842332 24.879101 24.910783 24.952265 24.930003
-9999 -9999 -9999 -9999 -9999 -9999 -9999 -9999 -9999 -9999 -9999 -9999 -9999 -9999 -9999 -9999 -9999 -9999 -9999 -9999 -9999 -9999 -9999 -9999 -9999 -9999 -9999 -9999 -9999 -9999 -9999 -9999 -9999 -9999 -9999 -9999 -9999 -9999 -9999 25.58068 25.594505 25.621685 25.638757 25.641273 25.643789 25.646306 25.648822 25.655371 25.662925 25.670479 25.678033 25.670348 25.587826 25.473504 25.340676 25.210569 25.060361 24.963069 24.953454 24.962443 24.980652 25.007189 25.038272 25.015987 24.993491
-9999 -9999 -9999 -9999 -9999 -9999 -9999 -9999 -9999 -9999 -9999 -9999 -9999 -9999 -9999 -9999 -9999 -9999 -9999 -9999 -9999 -9999 -9999 -9999 -9999 -9999 -9999 -9999 -9999 -9999 -9999 -9999 -9999 -9999 -9999 -9999 -9999 -9999 -9999 -9999 25.576829 25.614633 25.641273 25.643789 25.646306 25.648822 25.655371 25.662925 25.670479 25.678033 25.685587 25.675281 25.573583 25.465299 25.32796 25.194545 25.092078 25.073288 25.078023 25.076781 25.1049 25.12449 25.100701 25.078413 25.057213
-9999 -9999 -9999 -9999 -9999 -9999 -9999 -9999 -9999 -9999 -9999 -9999 -9999 -9999 -9999 -9999 -9999 -9999 -9999 -9999 -9999 -9999 -9999 -9999 -9999 -9999 -9999 -9999 -9999 -9999 -9999 -9999 -9999 -9999 -9999 -9999 -9999 -9999 -9999 -9999 -9999 25.607581 25.643789 25.646306 25.648822 25.655371 25.662925 25.670479 25.678033 25.685587 25.675281 25.652486 25.571814 25.451056 25.32228 25.221087 25.202897 25.17953 25.188242 25.192977 25.210497 25.185597 25.163131 25.13988 25.119638
-9999 -9999 -9999 -9999 -9999 -9999 -9999 -9999 -9999 -9999 -9999 -9999 -9999 -9999 -9999 -9999 -9999 -9999 -9999 -9999 -9999 -9999 -9999 -9999 -9999 -9999 -9999 -9999 -9999 -9999 -9999 -9999 -9999 -9999 -9999 -9999 -9999 -9999 -9999 -9999 -9999 -9999 25.638333 25.648822 25.655371 25.662925 25.670479 25.678033 25.685587 25.682886 25.666755 25.629691 25.577643 25.449287 25.355272 25.318155 25.299087 25.290349 25.288829 25.296503 25.271633 25.246552 25.224237 25.201771 25.181106
-9999 -9999 -9999 -9999 -9999 -9999 -9999 -9999 -9999 -9999 -9999 -9999 -9999 -9999 -9999 -9999 -9999 -9999 -9999 -9999 -9999 -9999 -9999 -9999 -9999 -9999 -9999 -9999 -9999 -9999 -9999 -9999 -9999 -9999 -9999 -9999 -9999 -9999 -9999 -9999 -9999 -9999 -9999 25.655371 25.662925 25.670479 25.678033 25.685587 25.682886 25.673014 25.663142 25.621165 25.583472 25.480978 25.42792 25.415222 25.385922 25.386539 25.382721 25.356347 25.331422 25.307689 25.284412 25.262877 25.240288
