test/data/Reference_scenario/processor_outputs/debug/OUTPUT_T_90_0_12h.tif
NCOLS 132
NROWS 132
XLLCORNER 352310.43
YLLCORNER 6689219.5
DX 17.797726
DY 17.797726
NODATA_VALUE -9999
[rows 58 to 86 of 132, columns 0 to 63 of 132]
-9999 -9999 -9999 -9999 -9999 -9999 -9999 -9999 -9999 -9999 -9999 -9999 -9999 -9999 -9999 -9999 -9999 -9999 -9999 -9999 -9999 -9999 29.694553 29.656076 29.617599 29.609993 29.609993 29.609993 29.609993 29.609993 29.609993 29.609993 29.609993 29.609993 29.609993 29.609993 29.609993 29.609993 29.609993 29.609993 29.609993 29.609993 29.609993 29.609993 29.609993 29.609993 29.609993 29.609993 29.609993 29.609993 29.609993 29.609993 29.609993 29.571019 29.512451 29.453883 29.498312 29.656438 29.814565 29.85316 29.85316 29.85316 29.85316 29.85316
-9999 -9999 -9999 -9999 -9999 -9999 -9999 -9999 -9999 -9999 -9999 -9999 -9999 -9999 -9999 -9999 -9999 -9999 -9999 -9999 -9999 -9999 29.791803 29.753326 29.745665 29.745665 29.745665 29.745665 29.745665 29.745665 29.745665 29.745665 29.745665 29.745665 29.745665 29.745665 29.745665 29.745665 29.745665 29.745665 29.745665 29.745665 29.745665 29.745665 29.745665 29.745665 29.745665 29.745665 29.745665 29.745665 29.745665 29.745665 29.745665 29.706691 29.648123 29.527248 29.560754 29.71888 29.757703 29.757703 29.757703 29.757703 29.757703 29.757703
-9999 -9999 -9999 -9999 -9999 -9999 -9999 -9999 -9999 -9999 -9999 -9999 -9999 -9999 -9999 -9999 -9999 -9999 -9999 -9999 -9999 -9999 29.889052 29.881336 29.881336 29.881336 29.881336 29.881336 29.881336 29.881336 29.881336 29.881336 29.881336 29.881336 29.881336 29.881336 29.881336 29.881336 29.881336 29.881336 29.881336 29.881336 29.881336 29.881336 29.881336 29.881336 29.881336 29.881336 29.881336 29.881336 29.881336 29.881336 29.881336 29.842362 29.721593 29.589689 29.623195 29.662245 29.662245 29.662245 29.662245 29.662245 29.662245 29.662245
-9999 -9999 -9999 -9999 -9999 -9999 -9999 -9999 -9999 -9999 -9999 -9999 -9999 -9999 -9999 -9999 -9999 -9999 -9999 -9999 -9999 -9999 30.027212 30.027212 30.027212 30.027212 30.027212 30.027212 30.027212 30.027212 30.027212 30.027212 30.027212 30.027212 30.027212 30.027212 30.027212 30.027212 30.027212 30.027212 30.027212 30.027212 30.027212 30.027212 30.027212 30.027212 30.027212 30.027212 30.027212 30.027212 30.027212 30.027212 30.027212 29.91948 29.787576 29.655672 29.566554 29.566554 29.566554 29.566554 29.566554 29.566554 29.566554 29.566554
-9999 -9999 -9999 -9999 -9999 -9999 -9999 -9999 -9999 -9999 -9999 -9999 -9999 -9999 -9999 -9999 -9999 -9999 -9999 -9999 -9999 -9999 30.219092 30.219092 30.219092 30.219092 30.219092 30.219092 30.219092 30.219092 30.219092 30.219092 30.219092 30.219092 30.219092 30.219092 30.219092 30.219092 30.219092 30.219092 30.219092 30.219092 30.219092 30.219092 30.219092 30.219092 30.219092 30.219092 30.219092 30.219092 30.219092 30.219092 30.126035 30.00143 29.869526 29.603378 29.469809 29.469809 29.469809 29.469809 29.469809 29.469809 29.469809 29.469809
-9999 -9999 -9999 -9999 -9999 -9999 -9999 -9999 -9999 -9999 -9999 -9999 -9999 -9999 -9999 -9999 -9999 -9999 -9999 -9999 -9999 -9999 30.410971 30.410971 30.410971 30.410971 30.410971 30.410971 30.410971 30.410971 30.410971 30.410971 30.410971 30.410971 30.410971 30.410971 30.410971 30.410971 30.410971 30.410971 30.410971 30.410971 30.410971 30.410971 30.410971 30.410971 30.410971 30.410971 30.410971 30.410971 30.410971 30.318073 30.207985 30.08338 29.81749 29.506633 29.373064 29.373064 29.373064 29.373064 29.373064 29.373064 29.373064 29.373064
-9999 -9999 -9999 -9999 -9999 -9999 -9999 -9999 -9999 -9999 -9999 -9999 -9999 -9999 -9999 -9999 -9999 -9999 -9999 -9999 -9999 -9999 30.584778 30.584778 30.584778 30.584778 30.584778 30.584778 30.584778 30.584778 30.584778 30.584778 30.584778 30.584778 30.584778 30.584778 30.584778 30.584778 30.584778 30.584778 30.584778 30.584778 30.584778 30.584778 30.584778 30.584778 30.584778 30.584778 30.584778 30.584778 30.501048 30.39096 30.280872 30.018721 29.707864 29.397008 29.288879 29.288879 29.288879 29.288879 29.288879 29.288879 29.288879 29.288879
-9999 -9999 -9999 -9999 -9999 -9999 -9999 -9999 -9999 -9999 -9999 -9999 -9999 -9999 -9999 -9999 -9999 -9999 -9999 -9999 -9999 -9999 30.556145 30.556145 30.556145 30.556145 30.556145 30.556145 30.556145 30.556145 30.556145 30.556145 30.556145 30.556145 30.556145 30.556145 30.556145 30.556145 30.556145 30.556145 30.556145 30.556145 30.556145 30.556145 30.556145 30.556145 30.556145 30.556145 30.556145 30.556145 30.472415 30.362327 30.083984 29.764824 29.453967 29.345391 29.345391 29.345391 29.345391 29.345391 29.345391 29.345391 29.345391 29.345391
-9999 -9999 -9999 -9999 -9999 -9999 -9999 -9999 -9999 -9999 -9999 -9999 -9999 -9999 -9999 -9999 -9999 -9999 -9999 -9999 -9999 -9999 30.527513 30.527513 30.527513 30.527513 30.527513 30.527513 30.527513 30.527513 30.527513 30.527513 30.527513 30.527513 30.527513 30.527513 30.527513 30.527513 30.527513 30.527513 30.527513 30.527513 30.527513 30.527513 30.527513 30.527513 30.527513 30.527513 30.527513 30.527513 30.443783 30.165764 29.830087 29.510926 29.401903 29.401903 29.401903 29.401903 29.401903 29.401903 29.401903 29.401903 29.401903 29.401903
-9999 -9999 -9999 -9999 -9999 -9999 -9999 -9999 -9999 -9999 -9999 -9999 -9999 -9999 -9999 -9999 -9999 -9999 -9999 -9999 -9999 -9999 30.49888 30.49888 30.49888 30.49888 30.49888 30.49888 30.49888 30.49888 30.49888 30.49888 30.49888 30.49888 30.49888 30.49888 30.49888 30.49888 30.49888 30.49888 30.49888 30.49888 30.49888 30.49888 30.49888 30.49888 30.49888 30.49888 30.49888 30.49888 30.247544 29.911867 29.576189 29.458415 29.458415 29.458415 29.458415 29.458415 29.458415 29.458415 29.458415 29.458415 29.458415 29.458415
-9999 -9999 -9999 -9999 -9999 -9999 -9999 -9999 -9999 -9999 -9999 -9999 -9999 -9999 -9999 -9999 -9999 -9999 -9999 -9999 -9999 -9999 30.49651 30.49651 30.49651 30.49651 30.49651 30.49651 30.49651 30.49651 30.49651 30.49651 30.49651 30.49651 30.49651 30.49651 30.49651 30.49651 30.49651 30.49651 30.49651 30.49651 30.49651 30.49651 30.49651 30.49651 30.49651 30.49651 30.49651 30.490197 30.232851 29.897174 29.681846 29.631833 29.631833 29.631833 29.631833 29.631833 29.631833 29.631833 29.631833 29.631833 29.631833 29.631833
-9999 -9999 -9999 -9999 -9999 -9999 -9999 -9999 -9999 -9999 -9999 -9999 -9999 -9999 -9999 -9999 -9999 -9999 -9999 -9999 -9999 -9999 30.49461 30.49461 30.49461 30.49461 30.49461 30.49461 30.49461 30.49461 30.49461 30.49461 30.49461 30.49461 30.49461 30.49461 30.49461 30.49461 30.49461 30.49461 30.49461 30.49461 30.49461 30.49461 30.49461 30.49461 30.49461 30.49461 30.48831 30.479797 30.222451 30.006856 29.857362 29.807348 29.807348 29.807348 29.807348 29.807348 29.807348 29.807348 29.807348 29.807348 29.807348 29.807348
-9999 -9999 -9999 -9999 -9999 -9999 -9999 -9999 -9999 -9999 -9999 -9999 -9999 -9999 -9999 -9999 -9999 -9999 -9999 -9999 -9999 -9999 30.49271 30.49271 30.49271 30.49271 30.49271 30.49271 30.49271 30.49271 30.49271 30.49271 30.49271 30.49271 30.49271 30.49271 30.49271 30.49271 30.49271 30.49271 30.49271 30.49271 30.49271 30.49271 30.49271 30.49271 30.49271 30.486422 30.47791 30.469397 30.331865 30.182371 30.032878 29.982864 29.982864 29.982864 29.982864 29.982864 29.982864 29.982864 29.982864 29.982864 29.982864 29.982864
-9999 -9999 -9999 -9999 -9999 -9999 -9999 -9999 -9999 -9999 -9999 -9999 -9999 -9999 -9999 -9999 -9999 -9999 -9999 -9999 -9999 -9999 30.362521 30.362521 30.362521 30.362521 30.362521 30.362521 30.362521 30.362521 30.362521 30.362521 30.362521 30.362521 30.362521 30.362521 30.362521 30.362521 30.362521 30.362521 30.362521 30.362521 30.362521 30.362521 30.362521 30.362521 30.362521 30.355237 30.346724 30.343677 30.229976 30.080483 30.012756 30.012756 30.012756 30.012756 30.012756 30.012756 30.012756 30.012756 30.012756 30.012756 30.012756 30.012756
-9999 -9999 -9999 -9999 -9999 -9999 -9999 -9999 -9999 -9999 -9999 -9999 -9999 -9999 -9999 -9999 -9999 -9999 -9999 -9999 -9999 -9999 30.215297 30.215297 30.215297 30.215297 30.215297 30.215297 30.215297 30.215297 30.215297 30.215297 30.215297 30.215297 30.215297 30.215297 30.215297 30.215297 30.215297 30.215297 30.215297 30.215297 30.215297 30.215297 30.215297 30.215297 30.215297 30.208013 30.204954 30.204954 30.091253 30.023311 30.023311 30.023311 30.023311 30.023311 30.023311 30.023311 30.023311 30.023311 30.023311 30.023311 30.023311 30.020899
-9999 -9999 -9999 -9999 -9999 -9999 -9999 -9999 -9999 -9999 -9999 -9999 -9999 -9999 -9999 -9999 -9999 -9999 -9999 -9999 -9999 -9999 30.068073 30.068073 30.068073 30.068073 30.068073 30.068073 30.068073 30.068073 30.068073 30.068073 30.068073 30.068073 30.068073 30.068073 30.068073 30.068073 30.068073 30.068073 30.068073 30.068073 30.068073 30.068073 30.068073 30.068073 30.068073 30.06623 30.06623 30.06623 30.033866 30.033866 30.033866 30.033866 30.033866 30.033866 30.033866 30.033866 30.033866 30.033866 30.033866 30.033866 30.031475 30.016856
-9999 -9999 -9999 -9999 -9999 -9999 -9999 -9999 -9999 -9999 -9999 -9999 -9999 -9999 -9999 -9999 -9999 -9999 -9999 -9999 -9999 -9999 30.15423 30.15423 30.15423 30.15423 30.15423 30.15423 30.15423 30.15423 30.15423 30.15423 30.15423 30.15423 30.15423 30.15423 30.15423 30.15423 30.15423 30.15423 30.15423 30.15423 30.15423 30.15423 30.15423 30.15423 30.15423 30.15423 30.15423 30.15423 30.15423 30.15423 30.15423 30.15423 30.15423 30.15423 30.15423 30.15423 30.15423 30.15423 30.15423 30.15423 30.148674 30.134055
-9999 -9999 -9999 -9999 -9999 -9999 -9999 -9999 -9999 -9999 -9999 -9999 -9999 -9999 -9999 -9999 -9999 -9999 -9999 -9999 -9999 -9999 30.304991 30.304991 30.304991 30.304991 30.304991 30.304991 30.304991 30.304991 30.304991 30.304991 30.304991 30.304991 30.304991 30.304991 30.304991 30.304991 30.304991 30.304991 30.304991 30.304991 30.304991 30.304991 30.304991 30.304991 30.304991 30.304991 30.304991 30.304991 30.304991 30.304991 30.304991 30.304991 30.304991 30.304991 30.304991 30.304991 30.304991 30.304991 30.304991 30.304991 30.299435 30.281498
-9999 -9999 -9999 -9999 -9999 -9999 -9999 -9999 -9999 -9999 -9999 -9999 -9999 -9999 -9999 -9999 -9999 -9999 -9999 -9999 -9999 -9999 30.455752 30.455752 30.455752 30.455752 30.455752 30.455752 30.455752 30.455752 30.455752 30.455752 30.455752 30.455752 30.455752 30.455752 30.455752 30.455752 30.455752 30.455752 30.455752 30.455752 30.455752 30.455752 30.455752 30.455752 30.455752 30.455752 30.455752 30.455752 30.455752 30.455752 30.455752 30.455752 30.455752 30.455752 30.455752 30.455752 30.455752 30.455752 30.455752 30.455752 30.446951 30.381713
-9999 -9999 -9999 -9999 -9999 -9999 -9999 -9999 -9999 -9999 -9999 -9999 -9999 -9999 -9999 -9999 -9999 -9999 -9999 -9999 -9999 -9999 30.39203 30.39203 30.39203 30.39203 30.39203 30.39203 30.39203 30.39203 30.39203 30.39203 30.39203 30.39203 30.39203 30.39203 30.39203 30.39203 30.39203 30.39203 30.39203 30.39203 30.39203 30.39203 30.39203 30.39203 30.39203 30.39203 30.39203 30.39203 30.39203 30.39203 30.39203 30.39203 30.39203 30.39203 30.39203 30.39203 30.39203 30.39203 30.39203 30.39203 30.367236 30.301998
-9999 -9999 -9999 -9999 -9999 -9999 -9999 -9999 -9999 -9999 -9999 -9999 -9999 -9999 -9999 -9999 -9999 -9999 -9999 -9999 -9999 -9999 30.229038 30.229038 30.229038 30.229038 30.229038 30.229038 30.229038 30.229038 30.229038 30.229038 30.229038 30.229038 30.229038 30.229038 30.229038 30.229038 30.229038 30.229038 30.229038 30.229038 30.229038 30.229038 30.229038 30.229038 30.229038 30.229038 30.229038 30.229038 30.229038 30.229038 30.229038 30.229038 30.229038 30.229038 30.229038 30.229038 30.229038 30.229038 30.229038 30.229038 30.204244 30.139006
-9999 -9999 -9999 -9999 -9999 -9999 -9999 -9999 -9999 -9999 -9999 -9999 -9999 -9999 -9999 -9999 -9999 -9999 -9999 -9999 -9999 -9999 30.066046 30.066046 30.066046 30.066046 30.066046 30.066046 30.066046 30.066046 30.066046 30.066046 30.066046 30.066046 30.066046 30.066046 30.066046 30.066046 30.066046 30.066046 30.066046 30.066046 30.066046 30.066046 30.066046 30.066046 30.066046 30.066046 30.066046 30.066046 30.066046 30.066046 30.066046 30.066046 30.066046 30.066046 30.066046 30.066046 30.066046 30.066046 30.066046 30.066046 30.041252 30.038948
-9999 -9999 -9999 -9999 -9999 -9999 -9999 -9999 -9999 -9999 -9999 -9999 -9999 -9999 -9999 -9999 -9999 -9999 -9999 -9999 -9999 -9999 29.979989 29.979989 29.979989 29.979989 29.979989 29.979989 29.979989 29.979989 29.979989 29.979989 29.979989 29.979989 29.979989 29.979989 29.979989 29.979989 29.979989 29.979989 29.979989 29.979989 29.979989 29.979989 29.979989 29.979989 29.979989 29.979989 29.979989 29.979989 29.979989 29.979989 29.979989 29.979989 29.979989 29.979989 29.979989 29.979989 29.979989 29.979989 29.979989 29.979989 29.979989 29.979989
-9999 -9999 -9999 -9999 -9999 -9999 -9999 -9999 -9999 -9999 -9999 -9999 -9999 -9999 -9999 -9999 -9999 -9999 -9999 -9999 -9999 -9999 29.94873 29.94873 29.94873 29.94873 29.94873 29.94873 29.94873 29.94873 29.94873 29.94873 29.94873 29.94873 29.94873 29.94873 29.94873 29.94873 29.94873 29.94873 29.94873 29.94873 29.94873 29.94873 29.94873 29.94873 29.94873 29.94873 29.94873 29.94873 29.94873 29.94873 29.94873 29.94873 29.94873 29.94873 29.94873 29.94873 29.94873 29.94873 29.94873 29.94873 29.94873 29.94873
-9999 -9999 -9999 -9999 -9999 -9999 -9999 -9999 -9999 -9999 -9999 -9999 -9999 -9999 -9999 -9999 -9999 -9999 -9999 -9999 -9999 -9999 29.917472 29.917472 29.917472 29.917472 29.917472 29.917472 29.917472 29.917472 29.917472 29.917472 29.917472 29.917472 29.917472 29.917472 29.917472 29.917472 29.917472 29.917472 29.917472 29.917472 29.917472 29.917472 29.917472 29.917472 29.917472 29.917472 29.917472 29.917472 29.917472 29.917472 29.917472 29.917472 29.917472 29.917472 29.917472 29.917472 29.917472 29.917472 29.917472 29.917472 29.917472 29.917472
-9999 -9999 -9999 -9999 -9999 -9999 -9999 -9999 -9999 -9999 -9999 -9999 -9999 -9999 -9999 -9999 -9999 -9999 -9999 -9999 -9999 -9999 29.982411 29.982411 29.982411 29.982411 29.982411 29.982411 29.982411 29.982411 29.982411 29.982411 29.982411 29.982411 29.982411 29.982411 29.982411 29.982411 29.982411 29.982411 29.982411 29.982411 29.982411 29.982411 29.982411 29.982411 29.982411 29.982411 29.982411 29.982411 29.982411 29.982411 29.982411 29.982411 29.982411 29.982411 29.982411 29.982411 29.982411 29.982411 29.982411 29.982411 29.982411 29.982411
-9999 -9999 -9999 -9999 -9999 -9999 -9999 -9999 -9999 -9999 -9999 -9999 -9999 -9999 -9999 -9999 -9999 -9999 -9999 -9999 -9999 -9999 30.149734 30.149734 30.149734 30.149734 30.149734 30.149734 30.149734 30.149734 30.149734 30.149734 30.149734 30.149734 30.149734 30.149734 30.149734 30.149734 30.149734 30.149734 30.149734 30.149734 30.149734 30.149734 30.149734 30.149734 30.149734 30.149734 30.149734 30.149734 30.149734 30.149734 30.149734 30.149734 30.149734 30.149734 30.149734 30.149734 30.149734 30.149734 30.149734 30.149734 30.149734 30.149734
-9999 -9999 -9999 -9999 -9999 -9999 -9999 -9999 -9999 -9999 -9999 -9999 -9999 -9999 -9999 -9999 -9999 -9999 -9999 -9999 -9999 -9999 30.317057 30.317057 30.317057 30.317057 30.317057 30.317057 30.317057 30.317057 30.317057 30.317057 30.317057 30.317057 30.317057 30.317057 30.317057 30.317057 30.317057 30.317057 30.317057 30.317057 30.317057 30.317057 30.317057 30.317057 30.317057 30.317057 30.317057 30.317057 30.317057 30.317057 30.317057 30.317057 30.317057 30.317057 30.317057 30.317057 30.317057 30.317057 30.317057 30.317057 30.317057 30.317057
-9999 -9999 -9999 -9999 -9999 -9999 -9999 -9999 -9999 -9999 -9999 -9999 -9999 -9999 -9999 -9999 -9999 -9999 -9999 -9999 -9999 -9999 30.398564 30.398564 30.398564 30.398564 30.398564 30.398564 30.398564 30.398564 30.398564 30.398564 30.398564 30.398564 30.398564 30.398564 30.398564 30.398564 30.398564 30.398564 30.398564 30.398564 30.398564 30.398564 30.398564 30.398564 30.398564 30.398564 30.398564 30.398564 30.398564 30.398564 30.398564 30.398564 30.398564 30.398564 30.398564 30.398564 30.398564 30.398564 30.398564 30.398564 30.398564 30.398564
