test/data/Reference_scenario/processor_outputs/debug/OUTPUT_T_270_0_12h.tif
NCOLS 132
NROWS 132
XLLCORNER 352310.43
YLLCORNER 6689219.5
DX 17.797726
DY 17.797726
NODATA_VALUE -9999
[rows 28 to 55 of 132, columns 64 to 127 of 132]
22.463967 22.463967 22.463967 22.463967 22.463967 22.463967 22.463967 22.463967 22.463967 22.463967 22.463967 22.463967 22.463967 22.463967 22.463967 22.463967 22.463967 22.463967 22.463967 22.463967 22.463967 22.463967 22.463967 22.463967 22.463967 22.463967 22.463967 22.463967 22.463967 22.463967 22.463967 22.463967 22.463967 22.463967 22.463967 22.463967 22.463967 22.463967 22.463967 22.463967 22.463967 22.463967 22.463967 22.463967 22.463967 22.463967 22.463967 22.463967 -9999 -9999 -9999 -9999 -9999 -9999 -9999 -9999 -9999 -9999 -9999 -9999 -9999 -9999 -9999 -9999
22.494491 22.494491 22.494491 22.494491 22.494491 22.494491 22.494491 22.494491 22.494491 22.494491 22.494491 22.494491 22.494491 22.494491 22.494491 22.494491 22.494491 22.494491 22.494491 22.494491 22.494491 22.494491 22.494491 22.494491 22.494491 22.494491 22.494491 22.494491 22.494491 22.494491 22.494491 22.494491 22.494491 22.494491 22.494491 22.494491 22.494491 22.494491 22.494491 22.494491 22.494491 22.494491 22.494491 22.494491 22.494491 22.494491 22.494491 22.494491 -9999 -9999 -9999 -9999 -9999 -9999 -9999 -9999 -9999 -9999 -9999 -9999 -9999 -9999 -9999 -9999
22.581162 22.581162 22.581162 22.581162 22.581162 22.581162 22.581162 22.581162 22.581162 22.581162 22.581162 22.581162 22.581162 22.581162 22.581162 22.581162 22.581162 22.581162 22.581162 22.581162 22.581162 22.581162 22.581162 22.581162 22.581162 22.581162 22.581162 22.581162 22.581162 22.581162 22.581162 22.581162 22.581162 22.581162 22.581162 22.581162 22.581162 22.581162 22.581162 22.581162 22.581162 22.581162 22.581162 22.581162 22.581162 22.581162 22.581162 22.581162 -9999 -9999 -9999 -9999 -9999 -9999 -9999 -9999 -9999 -9999 -9999 -9999 -9999 -9999 -9999 -9999
22.787969 22.787969 22.787969 22.787969 22.787969 22.787969 22.787969 22.787969 22.787969 22.787969 22.787969 22.787969 22.787969 22.787969 22.787969 22.787969 22.787969 22.787969 22.787969 22.787969 22.787969 22.787969 22.787969 22.787969 22.787969 22.787969 22.787969 22.787969 22.787969 22.787969 22.787969 22.787969 22.787969 22.787969 22.787969 22.787969 22.787969 22.787969 22.787969 22.787969 22.787969 22.787969 22.787969 22.787969 22.787969 22.787969 22.787969 22.787969 -9999 -9999 -9999 -9999 -9999 -9999 -9999 -9999 -9999 -9999 -9999 -9999 -9999 -9999 -9999 -9999
22.994776 22.994776 22.994776 22.994776 22.994776 22.994776 22.994776 22.994776 22.994776 22.994776 22.994776 22.994776 22.994776 22.994776 22.994776 22.994776 22.994776 22.994776 22.994776 22.994776 22.994776 22.994776 22.994776 22.994776 22.994776 22.994776 22.994776 22.994776 22.994776 22.994776 22.994776 22.994776 22.994776 22.994776 22.994776 22.994776 22.994776 22.994776 22.994776 22.994776 22.994776 22.994776 22.994776 22.994776 22.994776 22.994776 22.994776 22.994776 -9999 -9999 -9999 -9999 -9999 -9999 -9999 -9999 -9999 -9999 -9999 -9999 -9999 -9999 -9999 -9999
23.143298 23.143298 23.143298 23.143298 23.143298 23.143298 23.143298 23.143298 23.143298 23.143298 23.143298 23.143298 23.143298 23.143298 23.143298 23.143298 23.143298 23.143298 23.143298 23.143298 23.143298 23.143298 23.143298 23.143298 23.143298 23.143298 23.143298 23.143298 23.143298 23.143298 23.143298 23.143298 23.143298 23.143298 23.143298 23.143298 23.143298 23.143298 23.143298 23.143298 23.143298 23.143298 23.143298 23.143298 23.143298 23.143298 23.143298 23.143298 -9999 -9999 -9999 -9999 -9999 -9999 -9999 -9999 -9999 -9999 -9999 -9999 -9999 -9999 -9999 -9999
23.08387 23.08387 23.08387 23.08387 23.08387 23.08387 23.08387 23.08387 23.08387 23.08387 23.08387 23.08387 23.08387 23.08387 23.08387 23.08387 23.08387 23.08387 23.08387 23.08387 23.08387 23.08387 23.08387 23.08387 23.08387 23.08387 23.08387 23.08387 23.08387 23.08387 23.08387 23.08387 23.08387 23.08387 23.08387 23.08387 23.08387 23.08387 23.08387 23.08387 23.08387 23.08387 23.08387 23.08387 23.08387 23.08387 23.08387 23.08387 -9999 -9999 -9999 -9999 -9999 -9999 -9999 -9999 -9999 -9999 -9999 -9999 -9999 -9999 -9999 -9999
23.024442 23.024442 23.024442 23.024442 23.024442 23.024442 23.024442 23.024442 23.024442 23.024442 23.024442 23.024442 23.024442 23.024442 23.024442 23.024442 23.024442 23.024442 23.024442 23.024442 23.024442 23.024442 23.024442 23.024442 23.024442 23.024442 23.024442 23.024442 23.024442 23.024442 23.024442 23.024442 23.024442 23.024442 23.024442 23.024442 23.024442 23.024442 23.024442 23.024442 23.024442 23.024442 23.024442 23.024442 23.024442 23.024442 23.024442 23.024442 -9999 -9999 -9999 -9999 -9999 -9999 -9999 -9999 -9999 -9999 -9999 -9999 -9999 -9999 -9999 -9999
22.969746 22.969746 22.969746 22.969746 22.969746 22.969746 22.969746 22.969746 22.969746 22.969746 22.969746 22.969746 22.969746 22.969746 22.969746 22.969746 22.969746 22.969746 22.969746 22.969746 22.969746 22.969746 22.969746 22.969746 22.969746 22.969746 22.969746 22.969746 22.969746 22.969746 22.969746 22.969746 22.969746 22.969746 22.969746 22.969746 22.969746 22.969746 22.969746 22.969746 22.969746 22.969746 22.969746 22.969746 22.969746 22.969746 22.969746 22.969746 -9999 -9999 -9999 -9999 -9999 -9999 -9999 -9999 -9999 -9999 -9999 -9999 -9999 -9999 -9999 -9999
22.949967 22.949967 22.949967 22.949967 22.949967 22.949967 22.949967 22.949967 22.949967 22.949967 22.949967 22.949967 22.949967 22.949967 22.949967 22.949967 22.949967 22.949967 22.949967 22.949967 22.949967 22.949967 22.949967 22.949967 22.949967 22.949967 22.949967 22.949967 22.949967 22.949967 22.949967 22.949967 22.949967 22.949967 22.949967 22.949967 22.949967 22.949967 22.949967 22.949967 22.949967 22.949967 22.949967 22.949967 22.949967 22.949967 22.949967 22.949967 -9999 -9999 -9999 -9999 -9999 -9999 -9999 -9999 -9999 -9999 -9999 -9999 -9999 -9999 -9999 -9999
22.930188 22.930188 22.930188 22.930188 22.930188 22.930188 22.930188 22.930188 22.930188 22.930188 22.930188 22.930188 22.930188 22.930188 22.930188 22.930188 22.930188 22.930188 22.930188 22.930188 22.930188 22.930188 22.930188 22.930188 22.930188 22.930188 22.930188 22.930188 22.930188 22.930188 22.930188 22.930188 22.930188 22.930188 22.930188 22.930188 22.930188 22.930188 22.930188 22.930188 22.930188 22.930188 22.930188 22.930188 22.930188 22.930188 22.930188 22.930188 -9999 -9999 -9999 -9999 -9999 -9999 -9999 -9999 -9999 -9999 -9999 -9999 -9999 -9999 -9999 -9999
22.910364 22.910364 22.910364 22.910364 22.910364 22.910364 22.910364 22.910364 22.910364 22.910364 22.910364 22.910364 22.910364 22.910364 22.910364 22.910364 22.910364 22.910364 22.910364 22.910364 22.910364 22.910364 22.910364 22.910364 22.910364 22.910364 22.910364 22.910364 22.910364 22.910364 22.910364 22.910364 22.910364 22.910364 22.910364 22.910364 22.910364 22.910364 22.910364 22.910364 22.910364 22.910364 22.910364 22.910364 22.910364 22.910364 22.910364 22.910364 -9999 -9999 -9999 -9999 -9999 -9999 -9999 -9999 -9999 -9999 -9999 -9999 -9999 -9999 -9999 -9999
22.888267 22.888267 22.888267 22.888267 22.888267 22.888267 22.888267 22.888267 22.888267 22.888267 22.888267 22.888267 22.888267 22.888267 22.888267 22.888267 22.888267 22.888267 22.888267 22.888267 22.888267 22.888267 22.888267 22.888267 22.888267 22.888267 22.888267 22.888267 22.888267 22.888267 22.888267 22.888267 22.888267 22.888267 22.888267 22.888267 22.888267 22.888267 22.888267 22.888267 22.888267 22.888267 22.888267 22.888267 22.888267 22.888267 22.888267 22.888267 -9999 -9999 -9999 -9999 -9999 -9999 -9999 -9999 -9999 -9999 -9999 -9999 -9999 -9999 -9999 -9999
22.866169 22.866169 22.866169 22.866169 22.866169 22.866169 22.866169 22.866169 22.866169 22.866169 22.866169 22.866169 22.866169 22.866169 22.866169 22.866169 22.866169 22.866169 22.866169 22.866169 22.866169 22.866169 22.866169 22.866169 22.866169 22.866169 22.866169 22.866169 22.866169 22.866169 22.866169 22.866169 22.866169 22.866169 22.866169 22.866169 22.866169 22.866169 22.866169 22.866169 22.866169 22.866169 22.866169 22.866169 22.866169 22.866169 22.866169 22.866169 -9999 -9999 -9999 -9999 -9999 -9999 -9999 -9999 -9999 -9999 -9999 -9999 -9999 -9999 -9999 -9999
22.844072 22.844072 22.844072 22.844072 22.844072 22.844072 22.844072 22.844072 22.844072 22.844072 22.844072 22.844072 22.844072 22.844072 22.844072 22.844072 22.844072 22.844072 22.844072 22.844072 22.844072 22.844072 22.844072 22.844072 22.844072 22.844072 22.844072 22.844072 22.844072 22.844072 22.844072 22.844072 22.844072 22.844072 22.844072 22.844072 22.844072 22.844072 22.844072 22.844072 22.844072 22.844072 22.844072 22.844072 22.844072 22.844072 22.844072 22.844072 -9999 -9999 -9999 -9999 -9999 -9999 -9999 -9999 -9999 -9999 -9999 -9999 -9999 -9999 -9999 -9999
22.747456 22.747456 22.747456 22.747456 22.747456 22.747456 22.747456 22.747456 22.747456 22.747456 22.747456 22.747456 22.747456 22.747456 22.747456 22.747456 22.747456 22.747456 22.747456 22.747456 22.747456 22.747456 22.747456 22.747456 22.747456 22.747456 22.747456 22.747456 22.747456 22.747456 22.747456 22.747456 22.747456 22.747456 22.747456 22.747456 22.747456 22.747456 22.747456 22.747456 22.747456 22.747456 22.747456 22.747456 22.747456 22.747456 22.747456 22.747456 -9999 -9999 -9999 -9999 -9999 -9999 -9999 -9999 -9999 -9999 -9999 -9999 -9999 -9999 -9999 -9999
22.644375 22.644375 22.644375 22.644375 22.644375 22.644375 22.644375 22.644375 22.644375 22.644375 22.644375 22.644375 22.644375 22.644375 22.644375 22.644375 22.644375 22.644375 22.644375 22.644375 22.644375 22.644375 22.644375 22.644375 22.644375 22.644375 22.644375 22.644375 22.644375 22.644375 22.644375 22.644375 22.644375 22.644375 22.644375 22.644375 22.644375 22.644375 22.644375 22.644375 22.644375 22.644375 22.644375 22.644375 22.644375 22.644375 22.644375 22.644375 -9999 -9999 -9999 -9999 -9999 -9999 -9999 -9999 -9999 -9999 -9999 -9999 -9999 -9999 -9999 -9999
22.541293 22.541293 22.541293 22.541293 22.541293 22.541293 22.541293 22.541293 22.541293 22.541293 22.541293 22.541293 22.541293 22.541293 22.541293 22.541293 22.541293 22.541293 22.541293 22.541293 22.541293 22.541293 22.541293 22.541293 22.541293 22.541293 22.541293 22.541293 22.541293 22.541293 22.541293 22.541293 22.541293 22.541293 22.541293 22.541293 22.541293 22.541293 22.541293 22.541293 22.541293 22.541293 22.541293 22.541293 22.541293 22.541293 22.541293 22.541293 -9999 -9999 -9999 -9999 -9999 -9999 -9999 -9999 -9999 -9999 -9999 -9999 -9999 -9999 -9999 -9999
22.701072 22.658998 22.658998 22.652969 22.49567 22.49567 22.49567 22.49567 22.49567 22.49567 22.49567 22.49567 22.49567 22.49567 22.49567 22.49567 22.49567 22.49567 22.49567 22.49567 22.49567 22.49567 22.49567 22.49567 22.49567 22.49567 22.49567 22.49567 22.49567 22.49567 22.49567 22.49567 22.49567 22.49567 22.49567 22.49567 22.49567 22.49567 22.49567 22.49567 22.49567 22.49567 22.49567 22.49567 22.519893 22.520681 22.520681 22.520681 -9999 -9999 -9999 -9999 -9999 -9999 -9999 -9999 -9999 -9999 -9999 -9999 -9999 -9999 -9999 -9999
22.867056 22.824981 22.819239 22.61991 22.462611 22.462611 22.462611 22.462611 22.462611 22.462611 22.462611 22.462611 22.462611 22.462611 22.462611 22.462611 22.462611 22.462611 22.462611 22.462611 22.462611 22.462611 22.462611 22.462611 22.462611 22.462611 22.462611 22.462611 22.462611 22.462611 22.462611 22.462611 22.462611 22.462611 22.462611 22.462611 22.462611 22.462611 22.462611 22.462611 22.462611 22.462611 22.462611 22.486791 22.517315 22.518103 22.518103 22.518103 -9999 -9999 -9999 -9999 -9999 -9999 -9999 -9999 -9999 -9999 -9999 -9999 -9999 -9999 -9999 -9999
23.03304 22.98551 22.786181 22.586851 22.429552 22.429552 22.429552 22.429552 22.429552 22.429552 22.429552 22.429552 22.429552 22.429552 22.429552 22.429552 22.429552 22.429552 22.429552 22.429552 22.429552 22.429552 22.429552 22.429552 22.429552 22.429552 22.429552 22.429552 22.429552 22.429552 22.429552 22.429552 22.429552 22.429552 22.429552 22.429552 22.429552 22.429552 22.429552 22.429552 22.429552 22.429552 22.453688 22.484213 22.514737 22.515525 22.515525 22.515525 -9999 -9999 -9999 -9999 -9999 -9999 -9999 -9999 -9999 -9999 -9999 -9999 -9999 -9999 -9999 -9999
23.058877 22.993373 22.794044 22.594715 22.580921 22.580921 22.580921 22.517524 22.517524 22.517524 22.449095 22.449095 22.449095 22.449095 22.449095 22.449095 22.449095 22.449095 22.449095 22.449095 22.449095 22.449095 22.449095 22.449095 22.449095 22.449095 22.449095 22.449095 22.449095 22.449095 22.449095 22.449095 22.449095 22.449095 22.449095 22.449095 22.449095 22.449095 22.449095 22.449095 22.449095 22.451211 22.481735 22.51226 22.498436 22.497574 22.497574 22.497574 -9999 -9999 -9999 -9999 -9999 -9999 -9999 -9999 -9999 -9999 -9999 -9999 -9999 -9999 -9999 -9999
23.082577 23.017074 22.817745 22.803664 22.803664 22.803664 22.730202 22.652334 22.652334 22.582084 22.488994 22.488994 22.488994 22.488994 22.488994 22.488994 22.488994 22.488994 22.488994 22.488994 22.488994 22.488994 22.488994 22.488994 22.488994 22.488994 22.488994 22.488994 22.488994 22.488994 22.488994 22.488994 22.488994 22.488994 22.488994 22.488994 22.488994 22.488994 22.488994 22.488994 22.488994 22.49111 22.521635 22.507902 22.474536 22.473674 22.473674 22.473674 -9999 -9999 -9999 -9999 -9999 -9999 -9999 -9999 -9999 -9999 -9999 -9999 -9999 -9999 -9999 -9999
23.106278 23.040774 23.026407 23.026407 23.026407 22.953072 22.865013 22.787145 22.717031 22.621983 22.528894 22.528894 22.528894 22.528894 22.528894 22.528894 22.528894 22.528894 22.528894 22.528894 22.528894 22.528894 22.528894 22.528894 22.528894 22.528894 22.528894 22.528894 22.528894 22.528894 22.528894 22.528894 22.528894 22.528894 22.528894 22.528894 22.528894 22.528894 22.528894 22.528894 22.528894 22.531009 22.517369 22.484002 22.450635 22.449774 22.449774 22.449774 -9999 -9999 -9999 -9999 -9999 -9999 -9999 -9999 -9999 -9999 -9999 -9999 -9999 -9999 -9999 -9999
23.081965 23.081487 23.081487 23.081487 23.062919 22.97486 22.8868 22.852573 22.757525 22.662477 22.62363 22.62363 22.62363 22.576224 22.569752 22.569752 22.569752 22.569752 22.569752 22.569752 22.569752 22.569752 22.569752 22.569752 22.569752 22.569752 22.569752 22.569752 22.569752 22.569752 22.569752 22.569752 22.569752 22.569752 22.569752 22.569752 22.569752 22.569752 22.569752 22.569752 22.569752 22.56744 22.534073 22.500706 22.487182 22.487182 22.487182 22.487222 -9999 -9999 -9999 -9999 -9999 -9999 -9999 -9999 -9999 -9999 -9999 -9999 -9999 -9999 -9999 -9999
23.034411 23.034411 23.034411 23.034411 23.015843 22.927784 22.904429 22.893429 22.798382 22.759251 22.751778 22.751778 22.704497 22.617667 22.611196 22.611196 22.611196 22.611196 22.611196 22.611196 22.611196 22.611196 22.611196 22.611196 22.611196 22.611196 22.611196 22.611196 22.611196 22.611196 22.611196 22.611196 22.611196 22.611196 22.611196 22.611196 22.611196 22.611196 22.611196 22.611196 22.611196 22.608883 22.575516 22.561944 22.561944 22.561944 22.561985 22.562065 -9999 -9999 -9999 -9999 -9999 -9999 -9999 -9999 -9999 -9999 -9999 -9999 -9999 -9999 -9999 -9999
22.987335 22.987335 22.987335 22.987335 22.968767 22.945286 22.945286 22.934286 22.89503 22.887399 22.879926 22.83277 22.74594 22.659111 22.652639 22.652639 22.652639 22.652639 22.652639 22.652639 22.652639 22.652639 22.652639 22.652639 22.652639 22.652639 22.652639 22.652639 22.652639 22.652639 22.652639 22.652639 22.652639 22.652639 22.652639 22.652639 22.652639 22.652639 22.652639 22.652639 22.652639 22.650327 22.636706 22.636706 22.636706 22.636747 22.636828 22.636908 -9999 -9999 -9999 -9999 -9999 -9999 -9999 -9999 -9999 -9999 -9999 -9999 -9999 -9999 -9999 -9999
23.096634 23.096634 23.096634 23.096634 23.096634 23.096634 23.096634 23.095751 23.088121 23.08049 23.075204 22.988375 22.901545 22.679882 22.650907 22.650907 22.650907 22.650907 22.650907 22.650907 22.650907 22.650907 22.650907 22.650907 22.650907 22.650907 22.650907 22.650907 22.650907 22.650907 22.650907 22.650907 22.650907 22.650907 22.650907 22.650907 22.650907 22.650907 22.650907 22.650907 22.650907 22.650907 22.650907 22.650907 22.650907 22.650986 22.651066 22.63572 -9999 -9999 -9999 -9999 -9999 -9999 -9999 -9999 -9999 -9999 -9999 -9999 -9999 -9999 -9999 -9999
