test/data/Reference_scenario/processor_outputs/debug/OUTPUT_T_0_0_23h.tif
NCOLS 132
NROWS 132
XLLCORNER 352310.43
YLLCORNER 6689219.5
DX 17.797726
DY 17.797726
NODATA_VALUE -9999
[rows 56 to 83 of 132, columns 64 to 127 of 132]
19.319556 19.019707 18.565493 18.080108 17.545894 16.817993 16.084826 15.395167 15.381264 16.453123 18.605964 18.685537 19.684838 21.942004 22.220431 22.215833 22.211236 22.209279 22.208067 22.206855 22.203169 22.198341 22.193514 22.192543 22.194256 22.195969 22.19612 22.194672 22.193224 22.196145 22.20564 22.215135 22.220394 22.21596 22.211527 22.207512 22.205085 22.202658 22.200439 22.199846 22.199254 22.198799 22.205561 22.212323 22.219085 22.213174 22.206215 22.199255 -9999 -9999 -9999 -9999 -9999 -9999 -9999 -9999 -9999 -9999 -9999 -9999 -9999 -9999 -9999 -9999
19.279714 18.978989 18.493666 17.996414 17.4622 16.734299 16.006397 15.320291 15.306388 15.292486 16.367462 17.427672 19.684838 21.942004 22.220431 22.215833 22.211236 22.209279 22.208067 22.206855 22.203169 22.198341 22.193514 22.192543 22.194256 22.195969 22.19612 22.194672 22.193224 22.196145 22.20564 22.215135 22.220394 22.21596 22.211527 22.207512 22.205085 22.202658 22.200439 22.199846 22.199254 22.198799 22.205561 22.212323 22.219085 22.213174 22.206215 22.199255 -9999 -9999 -9999 -9999 -9999 -9999 -9999 -9999 -9999 -9999 -9999 -9999 -9999 -9999 -9999 -9999
19.24395 18.930037 18.432785 17.935533 17.387774 16.662128 15.934227 15.2524 15.235892 15.22199 15.208088 17.397109 19.654275 21.933798 22.220431 22.215833 22.211236 22.209279 22.208067 22.206855 22.203169 22.198341 22.193514 22.192543 22.194256 22.195969 22.19612 22.194672 22.193224 22.196145 22.20564 22.215135 22.220394 22.21596 22.211527 22.207512 22.205085 22.202658 22.200439 22.199846 22.199254 22.198799 22.205561 22.212323 22.219085 22.213174 22.206215 22.199255 -9999 -9999 -9999 -9999 -9999 -9999 -9999 -9999 -9999 -9999 -9999 -9999 -9999 -9999 -9999 -9999
19.209138 18.895225 18.397973 17.880975 17.321404 16.600882 15.875226 15.193399 15.172998 15.1565 15.142598 17.331619 19.611047 21.933798 22.220431 22.215833 22.211236 22.209279 22.208067 22.206855 22.203169 22.198341 22.193514 22.192543 22.194256 22.195969 22.19612 22.194672 22.193224 22.196145 22.20564 22.215135 22.220394 22.21596 22.211527 22.207512 22.205085 22.202658 22.200439 22.199846 22.199254 22.198799 22.205561 22.212323 22.219085 22.213174 22.206215 22.199255 -9999 -9999 -9999 -9999 -9999 -9999 -9999 -9999 -9999 -9999 -9999 -9999 -9999 -9999 -9999 -9999
19.174672 18.860413 18.34346 17.814605 17.255035 16.534512 15.81399 15.134397 15.113997 15.093597 15.077108 17.288297 19.611047 21.933798 22.220431 22.215833 22.211236 22.209279 22.208067 22.206855 22.203169 22.198341 22.193514 22.192543 22.194256 22.195969 22.19612 22.194672 22.193224 22.196145 22.20564 22.215135 22.220394 22.21596 22.211527 22.207512 22.205085 22.202658 22.200439 22.199846 22.199254 22.198799 22.205561 22.212323 22.219085 22.213174 22.206215 22.199255 -9999 -9999 -9999 -9999 -9999 -9999 -9999 -9999 -9999 -9999 -9999 -9999 -9999 -9999 -9999 -9999
19.143507 18.819234 18.290379 17.761524 17.194572 16.475339 15.754816 15.079576 15.057734 15.037334 15.016934 17.269376 19.592126 21.927339 22.220431 22.215833 22.211236 22.209279 22.208067 22.206855 22.203169 22.198341 22.193514 22.192543 22.194256 22.195969 22.19612 22.194672 22.193224 22.196145 22.20564 22.215135 22.220394 22.21596 22.211527 22.207512 22.205085 22.202658 22.200439 22.199846 22.199254 22.198799 22.205561 22.212323 22.219085 22.213174 22.206215 22.199255 -9999 -9999 -9999 -9999 -9999 -9999 -9999 -9999 -9999 -9999 -9999 -9999 -9999 -9999 -9999 -9999
19.113336 18.789063 18.260208 17.719336 17.14156 16.427292 15.70805 15.03281 15.007627 14.985792 14.965392 17.217834 19.552972 21.927339 22.220431 22.215833 22.211236 22.209279 22.208067 22.206855 22.203169 22.198341 22.193514 22.192543 22.194256 22.195969 22.19612 22.194672 22.193224 22.196145 22.20564 22.215135 22.220394 22.21596 22.211527 22.207512 22.205085 22.202658 22.200439 22.199846 22.199254 22.198799 22.205561 22.212323 22.219085 22.213174 22.206215 22.199255 -9999 -9999 -9999 -9999 -9999 -9999 -9999 -9999 -9999 -9999 -9999 -9999 -9999 -9999 -9999 -9999
19.083194 18.758892 18.218053 17.666325 17.088549 16.374281 15.660012 14.986044 14.960861 14.935678 14.91385 17.178606 19.552972 21.927339 22.220431 22.215833 22.211236 22.209279 22.208067 22.206855 22.203169 22.198341 22.193514 22.192543 22.194256 22.195969 22.19612 22.194672 22.193224 22.196145 22.20564 22.215135 22.220394 22.21596 22.211527 22.207512 22.205085 22.202658 22.200439 22.199846 22.199254 22.198799 22.205561 22.212323 22.219085 22.213174 22.206215 22.199255 -9999 -9999 -9999 -9999 -9999 -9999 -9999 -9999 -9999 -9999 -9999 -9999 -9999 -9999 -9999 -9999
19.287154 18.955367 18.403639 17.851911 17.039161 16.325467 15.611199 14.941579 14.915693 14.890511 14.865328 17.167694 19.54206 21.922227 22.220431 22.215833 22.211236 22.209279 22.208067 22.206855 22.203169 22.198341 22.193514 22.192543 22.194256 22.195969 22.19612 22.194672 22.193224 22.196145 22.20564 22.215135 22.220394 22.21596 22.211527 22.207512 22.205085 22.202658 22.200439 22.199846 22.199254 22.198799 22.205561 22.212323 22.219085 22.213174 22.206215 22.199255 -9999 -9999 -9999 -9999 -9999 -9999 -9999 -9999 -9999 -9999 -9999 -9999 -9999 -9999 -9999 -9999
20.126067 19.794279 19.242551 18.314775 16.99647 16.287581 15.57388 14.90426 14.875599 14.849719 14.824536 17.126902 19.50701 21.922227 22.220431 22.215833 22.211236 22.209279 22.208067 22.206855 22.203169 22.198341 22.193514 22.192543 22.194256 22.195969 22.19612 22.194672 22.193224 22.196145 22.20564 22.215135 22.220394 22.21596 22.211527 22.207512 22.205085 22.202658 22.200439 22.199846 22.199254 22.198799 22.205561 22.212323 22.219085 22.213174 22.206215 22.199255 -9999 -9999 -9999 -9999 -9999 -9999 -9999 -9999 -9999 -9999 -9999 -9999 -9999 -9999 -9999 -9999
20.96498 20.633192 19.706686 18.272085 16.953779 16.24489 15.536001 14.866941 14.83828 14.80962 14.783744 17.091793 19.50701 21.922227 22.220431 22.215833 22.211236 22.209279 22.208067 22.206855 22.203169 22.198341 22.193514 22.192543 22.194256 22.195969 22.19612 22.194672 22.193224 22.196145 22.20564 22.215135 22.220394 22.21596 22.211527 22.207512 22.205085 22.202658 22.200439 22.199846 22.199254 22.198799 22.205561 22.212323 22.219085 22.213174 22.206215 22.199255 -9999 -9999 -9999 -9999 -9999 -9999 -9999 -9999 -9999 -9999 -9999 -9999 -9999 -9999 -9999 -9999
21.479823 21.105766 19.671164 18.236562 17.25598 16.553014 15.844125 15.043951 14.801772 14.773111 14.74445 17.086337 19.501554 21.860817 22.198481 22.193884 22.189287 22.209279 22.208067 22.206855 22.203169 22.198341 22.193514 22.192543 22.194256 22.195969 22.19612 22.194672 22.193224 22.196145 22.20564 22.215135 22.220394 22.21596 22.211527 22.207512 22.205085 22.202658 22.200439 22.199846 22.199254 22.198799 22.205561 22.212323 22.219085 22.213174 22.206215 22.199255 -9999 -9999 -9999 -9999 -9999 -9999 -9999 -9999 -9999 -9999 -9999 -9999 -9999 -9999 -9999 -9999
21.479823 21.105766 19.671164 18.645327 18.506172 18.594722 17.890608 17.090434 14.979803 14.74062 14.711959 17.053846 19.415001 20.515039 21.71322 22.063171 22.058573 22.158685 22.208067 22.206855 22.203169 22.198341 22.193514 22.192543 22.194256 22.195969 22.19612 22.194672 22.193224 22.196145 22.20564 22.215135 22.220394 22.21596 22.211527 22.207512 22.205085 22.202658 22.200439 22.199846 22.199254 22.198799 22.205561 22.212323 22.219085 22.213174 22.206215 22.199255 -9999 -9999 -9999 -9999 -9999 -9999 -9999 -9999 -9999 -9999 -9999 -9999 -9999 -9999 -9999 -9999
21.479823 21.105766 20.078127 19.895519 19.756364 19.844914 19.933464 19.136918 17.026286 14.915655 14.679468 16.969185 18.069223 19.169261 20.367442 21.57966 21.92786 22.027972 22.157662 22.206855 22.203169 22.198341 22.193514 22.192543 22.194256 22.195969 22.19612 22.194672 22.193224 22.196145 22.20564 22.215135 22.220394 22.21596 22.211527 22.207512 22.205085 22.202658 22.200439 22.199846 22.199254 22.198799 22.205561 22.212323 22.219085 22.213174 22.206215 22.199255 -9999 -9999 -9999 -9999 -9999 -9999 -9999 -9999 -9999 -9999 -9999 -9999 -9999 -9999 -9999 -9999
21.479823 21.4255 21.242891 21.060283 20.921127 21.009678 21.098228 21.183205 19.079244 16.968613 14.857982 15.861681 16.961719 18.061757 19.11612 20.328339 21.540557 21.90619 22.03588 22.16557 22.203169 22.198341 22.193514 22.192543 22.194256 22.195969 22.19612 22.194672 22.193224 22.196145 22.20564 22.215135 22.220394 22.21596 22.211527 22.207512 22.205085 22.202658 22.200439 22.199846 22.199254 22.198799 22.205561 22.212323 22.219085 22.213174 22.206215 22.199255 -9999 -9999 -9999 -9999 -9999 -9999 -9999 -9999 -9999 -9999 -9999 -9999 -9999 -9999 -9999 -9999
21.479823 21.4255 21.242891 21.060283 20.921127 21.009678 21.098228 21.183205 21.216892 19.109846 16.999214 18.002914 19.102951 18.034796 19.115277 20.364883 21.577102 21.916696 22.03588 22.16557 22.203169 22.198341 22.193514 22.192543 22.194256 22.195969 22.19612 22.194672 22.193224 22.196145 22.20564 22.215135 22.220394 22.21596 22.211527 22.207512 22.205085 22.202658 22.200439 22.199846 22.199254 22.198799 22.205561 22.212323 22.219085 22.213174 22.206215 22.199255 -9999 -9999 -9999 -9999 -9999 -9999 -9999 -9999 -9999 -9999 -9999 -9999 -9999 -9999 -9999 -9999
21.479823 21.4255 21.242891 21.060283 20.921127 21.009678 21.098228 21.183205 21.216892 21.250578 19.140447 20.144146 19.079304 17.876821 18.957302 20.364321 21.613647 21.953241 22.046333 22.16557 22.203169 22.198341 22.193514 22.192543 22.194256 22.195969 22.19612 22.194672 22.193224 22.196145 22.20564 22.215135 22.220394 22.21596 22.211527 22.207512 22.205085 22.202658 22.200439 22.199846 22.199254 22.198799 22.205561 22.212323 22.219085 22.213174 22.206215 22.199255 -9999 -9999 -9999 -9999 -9999 -9999 -9999 -9999 -9999 -9999 -9999 -9999 -9999 -9999 -9999 -9999
21.519213 21.4255 21.242891 21.060283 20.921127 21.009678 21.098228 21.183205 21.216892 21.250578 21.281679 20.123812 18.921328 17.718845 18.799326 20.206345 21.613364 21.989786 22.082878 22.17597 22.203169 22.198341 22.193514 22.192543 22.194256 22.195969 22.19612 22.194672 22.193224 22.196145 22.20564 22.215135 22.220394 22.21596 22.211527 22.207512 22.205085 22.202658 22.200439 22.199846 22.199254 22.198799 22.205561 22.212323 22.219085 22.213174 22.206215 22.199255 -9999 -9999 -9999 -9999 -9999 -9999 -9999 -9999 -9999 -9999 -9999 -9999 -9999 -9999 -9999 -9999
20.313337 20.2179 20.035291 20.011975 20.921127 21.009678 21.098228 21.183205 21.216892 21.250578 21.284265 20.118874 18.916391 18.800866 18.958508 20.2509 21.657919 22.000527 22.08402 22.177113 22.203169 22.198341 22.193514 22.192543 22.194256 22.195969 22.19612 22.194672 22.193224 22.196145 22.20564 22.215135 22.220394 22.21596 22.211527 22.207512 22.205085 22.202658 22.200439 22.199846 22.199254 22.198799 22.205561 22.212323 22.219085 22.213174 22.206215 22.199255 -9999 -9999 -9999 -9999 -9999 -9999 -9999 -9999 -9999 -9999 -9999 -9999 -9999 -9999 -9999 -9999
19.066774 18.971337 18.946224 20.011975 20.921127 21.009678 21.098228 21.183205 21.216892 21.250578 21.284265 20.118874 20.001493 20.089604 20.247246 20.414833 21.709008 22.051616 22.093546 22.177113 22.203169 22.198341 22.193514 22.192543 22.194256 22.195969 22.19612 22.194672 22.193224 22.196145 22.20564 22.215135 22.220394 22.21596 22.211527 22.207512 22.205085 22.202658 22.200439 22.199846 22.199254 22.198799 22.205561 22.212323 22.219085 22.213174 22.206215 22.199255 -9999 -9999 -9999 -9999 -9999 -9999 -9999 -9999 -9999 -9999 -9999 -9999 -9999 -9999 -9999 -9999
18.631634 17.880474 18.946224 20.011975 20.921127 21.009678 21.098228 21.183205 21.216892 21.250578 21.284265 21.202119 21.29023 21.378342 21.535984 21.703571 21.871158 22.102705 22.144635 22.186564 22.203169 22.198341 22.193514 22.192543 22.194256 22.195969 22.19612 22.194672 22.193224 22.196145 22.20564 22.215135 22.220394 22.21596 22.211527 22.207512 22.205085 22.202658 22.200439 22.199846 22.199254 22.198799 22.205561 22.212323 22.219085 22.213174 22.206215 22.199255 -9999 -9999 -9999 -9999 -9999 -9999 -9999 -9999 -9999 -9999 -9999 -9999 -9999 -9999 -9999 -9999
19.026677 18.265946 19.331696 20.39133 21.021672 20.684596 20.773146 20.879461 21.176189 21.209876 21.243562 21.330041 21.418152 21.598711 21.742551 21.910138 22.077725 22.113244 22.151319 22.193249 22.203169 22.198341 22.193514 22.192543 22.194256 22.195969 22.19612 22.194672 22.193224 22.196145 22.20564 22.215135 22.220394 22.21596 22.211527 22.207512 22.205085 22.202658 22.200439 22.199846 22.199254 22.198799 22.205561 22.212323 22.219085 22.213174 22.206215 22.199255 -9999 -9999 -9999 -9999 -9999 -9999 -9999 -9999 -9999 -9999 -9999 -9999 -9999 -9999 -9999 -9999
19.470179 18.709448 19.769394 20.617906 21.248248 20.735337 20.399126 20.505441 20.866789 21.163045 21.196732 21.28321 21.463591 21.676166 21.81977 21.953792 22.12138 22.156899 22.155111 22.193249 22.203169 22.198341 22.193514 22.192543 22.194256 22.195969 22.19612 22.194672 22.193224 22.196145 22.20564 22.215135 22.220394 22.21596 22.211527 22.207512 22.205085 22.202658 22.200439 22.199846 22.199254 22.198799 22.205561 22.212323 22.219085 22.213174 22.206215 22.199255 -9999 -9999 -9999 -9999 -9999 -9999 -9999 -9999 -9999 -9999 -9999 -9999 -9999 -9999 -9999 -9999
19.722853 19.147459 19.995971 20.844483 21.474825 20.961913 20.449001 20.131421 20.492769 20.854117 21.149902 21.32847 21.541045 21.75362 21.897224 22.030962 22.165034 22.200553 22.198765 22.196978 22.203169 22.198341 22.193514 22.192543 22.194256 22.195969 22.19612 22.194672 22.193224 22.196145 22.20564 22.215135 22.220394 22.21596 22.211527 22.207512 22.205085 22.202658 22.200439 22.199846 22.199254 22.198799 22.205561 22.212323 22.219085 22.213174 22.206215 22.199255 -9999 -9999 -9999 -9999 -9999 -9999 -9999 -9999 -9999 -9999 -9999 -9999 -9999 -9999 -9999 -9999
20.081014 19.540974 20.389486 21.237998 21.615569 21.209951 20.69704 20.233972 20.518747 20.880095 21.241444 21.458483 21.671058 21.839633 21.915072 22.04881 22.182549 22.210613 22.208825 22.207037 22.203169 22.198341 22.193514 22.192543 22.194256 22.195969 22.19612 22.194672 22.193224 22.196145 22.20564 22.215135 22.220394 22.21596 22.211527 22.207512 22.205085 22.202658 22.200439 22.199846 22.199254 22.198799 22.205561 22.212323 22.219085 22.213174 22.206215 22.199255 -9999 -9999 -9999 -9999 -9999 -9999 -9999 -9999 -9999 -9999 -9999 -9999 -9999 -9999 -9999 -9999
20.524516 19.984476 20.832988 21.342378 21.693877 21.357376 20.951505 20.488437 20.740914 21.025846 21.387194 21.604233 21.772907 21.917087 21.984273 22.04881 22.182549 22.210613 22.208825 22.207037 22.203169 22.198341 22.193514 22.192543 22.194256 22.195969 22.19612 22.194672 22.193224 22.196145 22.20564 22.215135 22.220394 22.21596 22.211527 22.207512 22.205085 22.202658 22.200439 22.199846 22.199254 22.198799 22.205561 22.212323 22.219085 22.213174 22.206215 22.199255 -9999 -9999 -9999 -9999 -9999 -9999 -9999 -9999 -9999 -9999 -9999 -9999 -9999 -9999 -9999 -9999
20.796035 20.427978 20.937894 21.420686 21.772185 21.435684 21.099183 20.742903 20.99538 21.247857 21.532945 21.706181 21.850361 21.994542 22.061727 22.1179 22.182549 22.210613 22.208825 22.207037 22.203169 22.198341 22.193514 22.192543 22.194256 22.195969 22.19612 22.194672 22.193224 22.196145 22.20564 22.215135 22.220394 22.21596 22.211527 22.207512 22.205085 22.202658 22.200439 22.199846 22.199254 22.198799 22.205561 22.212323 22.219085 22.213174 22.206215 22.199255 -9999 -9999 -9999 -9999 -9999 -9999 -9999 -9999 -9999 -9999 -9999 -9999 -9999 -9999 -9999 -9999
21.102991 20.778082 21.260874 21.743666 21.878763 21.632013 21.295513 20.990278 21.177008 21.429485 21.681962 21.829392 21.973572 22.069291 22.087289 22.143461 22.199634 22.210613 22.208825 22.207037 22.203169 22.198341 22.193514 22.192543 22.194256 22.195969 22.19612 22.194672 22.193224 22.196145 22.20564 22.215135 22.220394 22.21596 22.211527 22.207512 22.205085 22.202658 22.200439 22.199846 22.199254 22.198799 22.205561 22.212323 22.219085 22.213174 22.206215 22.199255 -9999 -9999 -9999 -9999 -9999 -9999 -9999 -9999 -9999 -9999 -9999 -9999 -9999 -9999 -9999 -9999
