test/data/Reference_scenario/processor_outputs/debug/OUTPUT_T_225_0_23h.tif
NCOLS 132
NROWS 132
XLLCORNER 352310.43
YLLCORNER 6689219.5
DX 17.797726
DY 17.797726
NODATA_VALUE -9999
[rows 58 to 86 of 132, columns 0 to 63 of 132]
-9999 -9999 -9999 -9999 -9999 -9999 -9999 -9999 -9999 -9999 -9999 -9999 -9999 -9999 -9999 -9999 -9999 -9999 -9999 -9999 -9999 -9999 -9999 -9999 -9999 -9999 -9999 -9999 -9999 -9999 -9999 -9999 -9999 -9999 -9999 -9999 -9999 -9999 -9999 -9999 -9999 -9999 -9999 -9999 -9999 -9999 -9999 -9999 -9999 -9999 -9999 -9999 -9999 -9999 -9999 -9999 -9999 -9999 -9999 -9999 -9999 -9999 -9999 -9999
-9999 -9999 -9999 -9999 -9999 -9999 -9999 -9999 -9999 -9999 -9999 20.009829 20.007491 20.005153 20.002815 20.000543 20.003125 20.005708 20.00829 20.010873 20.012172 20.011938 20.011703 20.011469 20.011234 20.009574 20.007752 20.005929 20.004106 20.004182 20.007949 20.011717 20.015484 20.019251 20.020494 20.021033 20.021572 20.022111 20.022328 20.021427 20.020526 20.019625 20.018724 20.021991 20.02735 20.032709 20.038069 20.04257 20.03997 20.03737 20.03477 20.03217 20.03109 20.031254 20.031419 19.987264 19.903047 19.771945 19.640813 19.518085 19.413912 19.368096 19.400719 19.436432
-9999 -9999 -9999 -9999 -9999 -9999 -9999 -9999 -9999 -9999 -9999 -9999 -9999 -9999 -9999 -9999 -9999 -9999 -9999 -9999 -9999 -9999 -9999 -9999 -9999 -9999 -9999 -9999 -9999 -9999 -9999 -9999 -9999 -9999 -9999 -9999 -9999 -9999 -9999 -9999 -9999 -9999 -9999 -9999 -9999 -9999 -9999 -9999 -9999 -9999 -9999 -9999 -9999 -9999 -9999 -9999 -9999 -9999 -9999 -9999 -9999 -9999 -9999 -9999
-9999 -9999 -9999 -9999 -9999 -9999 -9999 -9999 -9999 20.009829 20.007491 20.005153 20.002815 20.000543 20.003125 20.005708 20.00829 20.010873 20.012172 20.011938 20.011703 20.011469 20.011234 20.009574 20.007752 20.005929 20.004106 20.004182 20.007949 20.011717 20.015484 20.019251 20.020494 20.021033 20.021572 20.022111 20.022328 20.021427 20.020526 20.019625 20.018724 20.021991 20.02735 20.032709 20.038069 20.04257 20.03997 20.03737 20.03477 20.03217 20.03109 20.031254 20.031419 20.031583 20.031747 19.937784 19.805104 19.670317 19.550461 19.488158 19.506663 19.526331 19.570571 19.614167
-9999 -9999 -9999 -9999 -9999 -9999 -9999 -9999 -9999 -9999 -9999 -9999 -9999 -9999 -9999 -9999 -9999 -9999 -9999 -9999 -9999 -9999 -9999 -9999 -9999 -9999 -9999 -9999 -9999 -9999 -9999 -9999 -9999 -9999 -9999 -9999 -9999 -9999 -9999 -9999 -9999 -9999 -9999 -9999 -9999 -9999 -9999 -9999 -9999 -9999 -9999 -9999 -9999 -9999 -9999 -9999 -9999 -9999 -9999 -9999 -9999 -9999 -9999 -9999
-9999 -9999 -9999 -9999 -9999 -9999 -9999 20.009829 20.007491 20.005153 20.002815 20.000543 20.003125 20.005708 20.00829 20.010873 20.012172 20.011938 20.011703 20.011469 20.011234 20.009574 20.007752 20.005929 20.004106 20.004182 20.007949 20.011717 20.015484 20.019251 20.020494 20.021033 20.021572 20.022111 20.022328 20.021427 20.020526 20.019625 20.018724 20.021991 20.02735 20.032709 20.038069 20.04257 20.03997 20.03737 20.03477 20.03217 20.03109 20.031254 20.031419 20.031583 20.031747 19.981427 19.880052 19.779764 19.679476 19.621755 19.622343 19.623828 19.654664 19.6855 19.699566 19.711164
-9999 -9999 -9999 -9999 -9999 -9999 -9999 -9999 -9999 -9999 -9999 -9999 -9999 -9999 -9999 -9999 -9999 -9999 -9999 -9999 -9999 -9999 -9999 -9999 -9999 -9999 -9999 -9999 -9999 -9999 -9999 -9999 -9999 -9999 -9999 -9999 -9999 -9999 -9999 -9999 -9999 -9999 -9999 -9999 -9999 -9999 -9999 -9999 -9999 -9999 -9999 -9999 -9999 -9999 -9999 -9999 -9999 -9999 -9999 -9999 -9999 -9999 -9999 -9999
-9999 -9999 -9999 -9999 -9999 -9999 -9999 -9999 -9999 20.000543 20.003125 20.005708 20.00829 20.010873 20.012172 20.011938 20.011703 20.011469 20.011234 20.009574 20.007752 20.005929 20.004106 20.004182 20.007949 20.011717 20.015484 20.019251 20.020494 20.021033 20.021572 20.022111 20.022328 20.021427 20.020526 20.019625 20.018724 20.021991 20.02735 20.032709 20.038069 20.04257 20.03997 20.03737 20.03477 20.03217 20.03109 20.031254 20.031419 20.031583 20.031747 20.01665 19.97842 19.940147 19.835942 19.762181 19.762044 19.762473 19.762901 19.76333 19.77241 19.782786 19.793162 19.803537
-9999 -9999 -9999 -9999 -9999 -9999 -9999 -9999 -9999 -9999 -9999 -9999 -9999 -9999 -9999 -9999 -9999 -9999 -9999 -9999 -9999 -9999 -9999 -9999 -9999 -9999 -9999 -9999 -9999 -9999 -9999 -9999 -9999 -9999 -9999 -9999 -9999 -9999 -9999 -9999 -9999 -9999 -9999 -9999 -9999 -9999 -9999 -9999 -9999 -9999 -9999 -9999 -9999 -9999 -9999 -9999 -9999 -9999 -9999 -9999 -9999 -9999 -9999 -9999
-9999 -9999 -9999 -9999 -9999 -9999 -9999 -9999 -9999 -9999 -9999 20.010873 20.012172 20.011938 20.011703 20.011469 20.011234 20.009574 20.007752 20.005929 20.004106 20.004182 20.007949 20.011717 20.015484 20.019251 20.020494 20.021033 20.021572 20.022111 20.022328 20.021427 20.020526 20.019625 20.018724 20.021991 20.02735 20.032709 20.038069 20.04257 20.03997 20.03737 20.03477 20.03217 20.03109 20.031254 20.031419 20.031583 20.031747 20.030148 20.028534 20.022077 19.965819 19.921367 19.889204 19.850929 19.845345 19.843735 19.852671 19.863266 19.873951 19.884636 19.893823 19.900791
-9999 -9999 -9999 -9999 -9999 -9999 -9999 -9999 -9999 -9999 -9999 -9999 -9999 -9999 -9999 -9999 -9999 -9999 -9999 -9999 -9999 -9999 -9999 -9999 -9999 -9999 -9999 -9999 -9999 -9999 -9999 -9999 -9999 -9999 -9999 -9999 -9999 -9999 -9999 -9999 -9999 -9999 -9999 -9999 -9999 -9999 -9999 -9999 -9999 -9999 -9999 -9999 -9999 -9999 -9999 -9999 -9999 -9999 -9999 -9999 -9999 -9999 -9999 -9999
-9999 -9999 -9999 -9999 -9999 -9999 -9999 -9999 -9999 -9999 -9999 -9999 -9999 20.011469 20.011234 20.009574 20.007752 20.005929 20.004106 20.004182 20.007949 20.011717 20.015484 20.019251 20.020494 20.021033 20.021572 20.022111 20.022328 20.021427 20.020526 20.019625 20.018724 20.021991 20.02735 20.032709 20.038069 20.04257 20.03997 20.03737 20.03477 20.03217 20.03109 20.031254 20.031419 20.031583 20.031747 20.030148 20.028534 20.02692 20.025305 20.028258 20.010258 19.981206 19.957707 19.935332 19.940508 19.953443 19.965123 19.976804 19.985436 19.989461 19.993485 19.99751
-9999 -9999 -9999 -9999 -9999 -9999 -9999 -9999 -9999 -9999 -9999 -9999 -9999 -9999 20.009574 20.007752 20.005929 20.004106 20.004182 20.007949 20.011717 20.015484 20.019251 20.020494 20.021033 20.021572 20.022111 20.022328 20.021427 20.020526 20.019625 20.018724 20.021991 20.02735 20.032709 20.038069 20.04257 20.03997 20.03737 20.03477 20.03217 20.03109 20.031254 20.031419 20.031583 20.031747 20.030148 20.028534 20.02692 20.025305 20.028258 20.037167 20.030409 20.011125 19.987097 19.984261 19.98419 19.992132 20.005166 20.011923 20.016043 20.024976 20.030818 20.03666
-9999 -9999 -9999 -9999 -9999 -9999 -9999 -9999 -9999 -9999 -9999 -9999 -9999 -9999 -9999 20.005929 20.004106 20.004182 20.007949 20.011717 20.015484 20.019251 20.020494 20.021033 20.021572 20.022111 20.022328 20.021427 20.020526 20.019625 20.018724 20.021991 20.02735 20.032709 20.038069 20.04257 20.03997 20.03737 20.03477 20.03217 20.03109 20.031254 20.031419 20.031583 20.031747 20.030148 20.028534 20.02692 20.025305 20.028258 20.037167 20.046076 20.040776 20.031276 20.029633 20.033361 20.035885 20.035814 20.037479 20.030775 20.03302 20.049998 20.05893 20.017613
-9999 -9999 -9999 -9999 -9999 -9999 -9999 -9999 -9999 -9999 -9999 -9999 -9999 -9999 -9999 -9999 20.004182 20.007949 20.011717 20.015484 20.019251 20.020494 20.021033 20.021572 20.022111 20.022328 20.021427 20.020526 20.019625 20.018724 20.021991 20.02735 20.032709 20.038069 20.04257 20.03997 20.03737 20.03477 20.03217 20.03109 20.031254 20.031419 20.031583 20.031747 20.030148 20.028534 20.02692 20.025305 20.028258 20.037167 20.046076 20.054985 20.051144 20.044529 20.038324 20.037089 20.040817 20.045291 20.051366 20.049628 20.049998 20.066975 20.063448 20.014036
-9999 -9999 -9999 -9999 -9999 -9999 -9999 -9999 -9999 -9999 -9999 -9999 -9999 -9999 -9999 -9999 -9999 20.011717 20.015484 20.019251 20.020494 20.021033 20.021572 20.022111 20.022328 20.021427 20.020526 20.019625 20.018724 20.021991 20.02735 20.032709 20.038069 20.04257 20.03997 20.03737 20.03477 20.03217 20.03109 20.031254 20.031419 20.031583 20.031747 20.030148 20.028534 20.02692 20.025305 20.028258 20.037167 20.046076 20.054985 20.063894 20.06084 20.056092 20.051345 20.04578 20.045291 20.051366 20.057441 20.063516 20.066975 20.065313 20.056641 20.039782
-9999 -9999 -9999 -9999 -9999 -9999 -9999 -9999 -9999 -9999 -9999 -9999 -9999 -9999 -9999 -9999 -9999 -9999 20.019251 20.020494 20.021033 20.021572 20.022111 20.022328 20.021427 20.020526 20.019625 20.018724 20.021991 20.02735 20.032709 20.038069 20.04257 20.03997 20.03737 20.03477 20.03217 20.03109 20.031254 20.031419 20.031583 20.031747 20.030148 20.028534 20.02692 20.025305 20.028258 20.037167 20.046076 20.054985 20.063894 20.06084 20.056092 20.051345 20.046597 20.045291 20.051366 20.057441 20.063516 20.069591 20.065313 20.057768 20.049833 20.032974
-9999 -9999 -9999 -9999 -9999 -9999 -9999 -9999 -9999 -9999 -9999 -9999 -9999 -9999 -9999 -9999 -9999 -9999 -9999 20.021033 20.021572 20.022111 20.022328 20.021427 20.020526 20.019625 20.018724 20.021991 20.02735 20.032709 20.038069 20.04257 20.03997 20.03737 20.03477 20.03217 20.03109 20.031254 20.031419 20.031583 20.031747 20.030148 20.028534 20.02692 20.025305 20.028258 20.037167 20.046076 20.054985 20.063894 20.06084 20.056092 20.051345 20.046597 20.045291 20.051366 20.057441 20.063516 20.069591 20.065313 20.057768 20.050222 20.042677 20.030065
-9999 -9999 -9999 -9999 -9999 -9999 -9999 -9999 -9999 -9999 -9999 -9999 -9999 -9999 -9999 -9999 -9999 -9999 -9999 -9999 20.022111 20.022328 20.021427 20.020526 20.019625 20.018724 20.021991 20.02735 20.032709 20.038069 20.04257 20.03997 20.03737 20.03477 20.03217 20.03109 20.031254 20.031419 20.031583 20.031747 20.030148 20.028534 20.02692 20.025305 20.028258 20.037167 20.046076 20.054985 20.063894 20.06084 20.056092 20.051345 20.046597 20.045291 20.051366 20.057441 20.063516 20.069591 20.065313 20.057768 20.050222 20.042677 20.038164 20.042546
-9999 -9999 -9999 -9999 -9999 -9999 -9999 -9999 -9999 -9999 -9999 -9999 -9999 -9999 -9999 -9999 -9999 -9999 -9999 -9999 -9999 20.021427 20.020526 20.019625 20.018724 20.021991 20.02735 20.032709 20.038069 20.04257 20.03997 20.03737 20.03477 20.03217 20.03109 20.031254 20.031419 20.031583 20.031747 20.030148 20.028534 20.02692 20.025305 20.028258 20.037167 20.046076 20.054985 20.063894 20.06084 20.056092 20.051345 20.046597 20.045291 20.051366 20.057441 20.063516 20.069591 20.065313 20.057768 20.050222 20.042677 20.038164 20.045618 20.053073
-9999 -9999 -9999 -9999 -9999 -9999 -9999 -9999 -9999 -9999 -9999 -9999 -9999 -9999 -9999 -9999 -9999 -9999 -9999 -9999 -9999 -9999 20.019625 20.018724 20.021991 20.02735 20.032709 20.038069 20.04257 20.03997 20.03737 20.03477 20.03217 20.03109 20.031254 20.031419 20.031583 20.031747 20.030148 20.028534 20.02692 20.025305 20.028258 20.037167 20.046076 20.054985 20.063894 20.06084 20.056092 20.051345 20.046597 20.045291 20.051366 20.057441 20.063516 20.069591 20.065313 20.057768 20.050222 20.042677 20.038164 20.045618 20.053073 20.060528
-9999 -9999 -9999 -9999 -9999 -9999 -9999 -9999 -9999 -9999 -9999 -9999 -9999 -9999 -9999 -9999 -9999 -9999 -9999 -9999 -9999 -9999 -9999 20.021991 20.02735 20.032709 20.038069 20.04257 20.03997 20.03737 20.03477 20.03217 20.03109 20.031254 20.031419 20.031583 20.031747 20.030148 20.028534 20.02692 20.025305 20.028258 20.037167 20.046076 20.054985 20.063894 20.06084 20.056092 20.051345 20.046597 20.045291 20.051366 20.057441 20.063516 20.069591 20.065313 20.057768 20.050222 20.042677 20.038164 20.045618 20.053073 20.060528 20.067983
-9999 -9999 -9999 -9999 -9999 -9999 -9999 -9999 -9999 -9999 -9999 -9999 -9999 -9999 -9999 -9999 -9999 -9999 -9999 -9999 -9999 -9999 -9999 -9999 20.032709 20.038069 20.04257 20.03997 20.03737 20.03477 20.03217 20.03109 20.031254 20.031419 20.031583 20.031747 20.030148 20.028534 20.02692 20.025305 20.028258 20.037167 20.046076 20.054985 20.063894 20.06084 20.056092 20.051345 20.046597 20.045291 20.051366 20.057441 20.063516 20.069591 20.065313 20.057768 20.050222 20.042677 20.038164 20.045618 20.053073 20.060528 20.067983 20.072873
-9999 -9999 -9999 -9999 -9999 -9999 -9999 -9999 -9999 -9999 -9999 -9999 -9999 -9999 -9999 -9999 -9999 -9999 -9999 -9999 -9999 -9999 -9999 -9999 -9999 20.04257 20.03997 20.03737 20.03477 20.03217 20.03109 20.031254 20.031419 20.031583 20.031747 20.030148 20.028534 20.02692 20.025305 20.028258 20.037167 20.046076 20.054985 20.063894 20.06084 20.056092 20.051345 20.046597 20.045291 20.051366 20.057441 20.063516 20.069591 20.065313 20.057768 20.050222 20.042677 20.038164 20.045618 20.053073 20.060528 20.067983 20.072873 20.076346
-9999 -9999 -9999 -9999 -9999 -9999 -9999 -9999 -9999 -9999 -9999 -9999 -9999 -9999 -9999 -9999 -9999 -9999 -9999 -9999 -9999 -9999 -9999 -9999 -9999 -9999 20.03737 20.03477 20.03217 20.03109 20.031254 20.031419 20.031583 20.031747 20.030148 20.028534 20.02692 20.025305 20.028258 20.037167 20.046076 20.054985 20.063894 20.06084 20.056092 20.051345 20.046597 20.045291 20.051366 20.057441 20.063516 20.069591 20.065313 20.057768 20.050222 20.042677 20.038164 20.045618 20.053073 20.060528 20.067983 20.072873 20.076346 20.079819
-9999 -9999 -9999 -9999 -9999 -9999 -9999 -9999 -9999 -9999 -9999 -9999 -9999 -9999 -9999 -9999 -9999 -9999 -9999 -9999 -9999 -9999 -9999 -9999 -9999 -9999 -9999 20.03217 20.03109 20.031254 20.031419 20.031583 20.031747 20.030148 20.028534 20.02692 20.025305 20.028258 20.037167 20.046076 20.054985 20.063894 20.06084 20.056092 20.051345 20.046597 20.045291 20.051366 20.057441 20.063516 20.069591 20.065313 20.057768 20.050222 20.042677 20.038164 20.045618 20.053073 20.060528 20.067983 20.072873 20.076346 20.079819 20.083293
-9999 -9999 -9999 -9999 -9999 -9999 -9999 -9999 -9999 -9999 -9999 -9999 -9999 -9999 -9999 -9999 -9999 -9999 -9999 -9999 -9999 -9999 -9999 -9999 -9999 -9999 -9999 -9999 20.031254 20.031419 20.031583 20.031747 20.030148 20.028534 20.02692 20.025305 20.028258 20.037167 20.046076 20.054985 20.063894 20.06084 20.056092 20.051345 20.046597 20.045291 20.051366 20.057441 20.063516 20.069591 20.065313 20.057768 20.050222 20.042677 20.038164 20.045618 20.053073 20.060528 20.067983 20.072873 20.076346 20.079819 20.083293 20.086689
-9999 -9999 -9999 -9999 -9999 -9999 -9999 -9999 -9999 -9999 -9999 -9999 -9999 -9999 -9999 -9999 -9999 -9999 -9999 -9999 -9999 -9999 -9999 -9999 -9999 -9999 -9999 -9999 -9999 20.031583 20.031747 20.030148 20.028534 20.02692 20.025305 20.028258 20.037167 20.046076 20.054985 20.063894 20.06084 20.056092 20.051345 20.046597 20.045291 20.051366 20.057441 20.063516 20.069591 20.065313 20.057768 20.050222 20.042677 20.038164 20.045618 20.053073 20.060528 20.067983 20.072873 20.076346 20.079819 20.083293 20.086689 20.089263
-9999 -9999 -9999 -9999 -9999 -9999 -9999 -9999 -9999 -9999 -9999 -9999 -9999 -9999 -9999 -9999 -9999 -9999 -9999 -9999 -9999 -9999 -9999 -9999 -9999 -9999 -9999 -9999 -9999 -9999 20.030148 20.028534 20.02692 20.025305 20.028258 20.037167 20.046076 20.054985 20.063894 20.06084 20.056092 20.051345 20.046597 20.045291 20.051366 20.057441 20.063516 20.069591 20.065313 20.057768 20.050222 20.042677 20.038164 20.045618 20.053073 20.060528 20.067983 20.072873 20.076346 20.079819 20.083293 20.086689 20.089263 20.091837
