test/data/Reference_scenario/processor_outputs/debug/OUTPUT_T_0_0_23h.tif
NCOLS 132
NROWS 132
XLLCORNER 352310.43
YLLCORNER 6689219.5
DX 17.797726
DY 17.797726
NODATA_VALUE -9999
[rows 28 to 55 of 132, columns 0 to 63 of 132]
-9999 -9999 -9999 -9999 -9999 -9999 -9999 -9999 -9999 -9999 -9999 -9999 -9999 -9999 -9999 -9999 -9999 -9999 -9999 -9999 -9999 -9999 22.142049 22.149182 22.156314 22.160735 22.162357 22.163979 22.164787 22.164359 22.163932 22.164691 22.168196 22.171701 22.173857 22.17083 22.167804 22.165145 22.165412 22.165679 22.166097 22.175576 22.185056 22.194536 22.188239 22.180594 22.172948 22.169746 22.16748 22.165213 22.167471 22.171393 22.175314 22.176282 22.175559 22.174835 22.174062 22.173246 22.172431 22.174344 22.179651 22.184957 22.187188 22.183718
-9999 -9999 -9999 -9999 -9999 -9999 -9999 -9999 -9999 -9999 -9999 -9999 -9999 -9999 -9999 -9999 -9999 -9999 -9999 -9999 -9999 -9999 22.142049 22.149182 22.156314 22.160735 22.162357 22.163979 22.164787 22.164359 22.163932 22.164691 22.168196 22.171701 22.173857 22.17083 22.167804 22.165145 22.165412 22.165679 22.166097 22.175576 22.185056 22.194536 22.188239 22.180594 22.172948 22.169746 22.16748 22.165213 22.167471 22.171393 22.175314 22.176282 22.175559 22.174835 22.174062 22.173246 22.172431 22.174344 22.179651 22.184957 22.187188 22.183718
-9999 -9999 -9999 -9999 -9999 -9999 -9999 -9999 -9999 -9999 -9999 -9999 -9999 -9999 -9999 -9999 -9999 -9999 -9999 -9999 -9999 -9999 22.142049 22.149182 22.156314 22.160735 22.162357 22.163979 22.164787 22.164359 22.163932 22.164691 22.168196 22.171701 22.173857 22.17083 22.167804 22.165145 22.165412 22.165679 22.166097 22.175576 22.185056 22.194536 22.188239 22.180594 22.172948 22.169746 22.16748 22.165213 22.167471 22.171393 22.175314 22.176282 22.175559 22.174835 22.174062 22.173246 22.172431 22.174344 22.179651 22.184957 22.187188 22.183718
-9999 -9999 -9999 -9999 -9999 -9999 -9999 -9999 -9999 -9999 -9999 -9999 -9999 -9999 -9999 -9999 -9999 -9999 -9999 -9999 -9999 -9999 22.142049 22.149182 22.156314 22.160735 22.162357 22.163979 22.164787 22.164359 22.163932 22.164691 22.168196 22.171701 22.173857 22.17083 22.167804 22.165145 22.165412 22.165679 22.166097 22.175576 22.185056 22.194536 22.188239 22.180594 22.172948 22.169746 22.16748 22.165213 22.167471 22.171393 22.175314 22.176282 22.175559 22.174835 22.174062 22.173246 22.172431 22.174344 22.179651 22.184957 22.187188 22.183718
-9999 -9999 -9999 -9999 -9999 -9999 -9999 -9999 -9999 -9999 -9999 -9999 -9999 -9999 -9999 -9999 -9999 -9999 -9999 -9999 -9999 -9999 22.142049 22.149182 22.156314 22.160735 22.162357 22.163979 22.164787 22.164359 22.163932 22.164691 22.168196 22.171701 22.173857 22.17083 22.167804 22.165145 22.165412 22.165679 22.166097 22.175576 22.185056 22.194536 22.188239 22.180594 22.172948 22.169746 22.16748 22.165213 22.167471 22.171393 22.175314 22.176282 22.175559 22.174835 22.174062 22.173246 22.172431 22.174344 22.179651 22.184957 22.187188 22.183718
-9999 -9999 -9999 -9999 -9999 -9999 -9999 -9999 -9999 -9999 -9999 -9999 -9999 -9999 -9999 -9999 -9999 -9999 -9999 -9999 -9999 -9999 22.142049 22.149182 22.156314 22.160735 22.162357 22.163979 22.164787 22.164359 22.163932 22.164691 22.168196 22.171701 22.173857 22.17083 22.167804 22.165145 22.165412 22.165679 22.166097 22.175576 22.185056 22.194536 22.188239 22.180594 22.172948 22.169746 22.16748 22.165213 22.167471 22.171393 22.175314 22.176282 22.175559 22.174835 22.174062 22.173246 22.172431 22.174344 22.179651 22.184957 22.187188 22.183718
-9999 -9999 -9999 -9999 -9999 -9999 -9999 -9999 -9999 -9999 -9999 -9999 -9999 -9999 -9999 -9999 -9999 -9999 -9999 -9999 -9999 -9999 22.142049 22.149182 22.156314 22.160735 22.162357 22.163979 22.164787 22.164359 22.163932 22.164691 22.168196 22.171701 22.173857 22.17083 22.167804 22.165145 22.165412 22.165679 22.166097 22.175576 22.185056 22.194536 22.188239 22.180594 22.172948 22.169746 22.16748 22.165213 22.167471 22.171393 22.175314 22.176282 22.175559 22.174835 22.174062 22.173246 22.172431 22.174344 22.179651 22.184957 22.187188 22.183718
-9999 -9999 -9999 -9999 -9999 -9999 -9999 -9999 -9999 -9999 -9999 -9999 -9999 -9999 -9999 -9999 -9999 -9999 -9999 -9999 -9999 -9999 22.142049 22.149182 22.156314 22.160735 22.162357 22.163979 22.164787 22.164359 22.163932 22.164691 22.168196 22.171701 22.173857 22.17083 22.167804 22.165145 22.165412 22.165679 22.166097 22.175576 22.185056 22.194536 22.188239 22.180594 22.172948 22.169746 22.16748 22.165213 22.167471 22.171393 22.175314 22.176282 22.175559 22.174835 22.174062 22.173246 22.172431 22.174344 22.179651 22.184957 22.187188 22.183718
-9999 -9999 -9999 -9999 -9999 -9999 -9999 -9999 -9999 -9999 -9999 -9999 -9999 -9999 -9999 -9999 -9999 -9999 -9999 -9999 -9999 -9999 22.142049 22.149182 22.156314 22.160735 22.162357 22.163979 22.164787 22.164359 22.163932 22.164691 22.168196 22.171701 22.173857 22.17083 22.167804 22.165145 22.165412 22.165679 22.166097 22.175576 22.185056 22.194536 22.188239 22.180594 22.172948 22.169746 22.16748 22.165213 22.167471 22.171393 22.175314 22.176282 22.175559 22.174835 22.174062 22.173246 22.172431 22.174344 22.179651 22.184957 22.187188 22.183718
-9999 -9999 -9999 -9999 -9999 -9999 -9999 -9999 -9999 -9999 -9999 -9999 -9999 -9999 -9999 -9999 -9999 -9999 -9999 -9999 -9999 -9999 22.142049 22.149182 22.156314 22.160735 22.162357 22.163979 22.164787 22.164359 22.163932 22.164691 22.168196 22.171701 22.173857 22.17083 22.167804 22.165145 22.165412 22.165679 22.166097 22.175576 22.185056 22.194536 22.188239 22.180594 22.172948 22.169746 22.16748 22.165213 22.167471 22.171393 22.175314 22.176282 22.175559 22.174835 22.174062 22.173246 22.172431 22.174344 22.179651 22.184957 22.187188 22.183718
-9999 -9999 -9999 -9999 -9999 -9999 -9999 -9999 -9999 -9999 -9999 -9999 -9999 -9999 -9999 -9999 -9999 -9999 -9999 -9999 -9999 -9999 22.142049 22.149182 22.156314 22.160735 22.162357 22.163979 22.164787 22.164359 22.163932 22.164691 22.168196 22.171701 22.173857 22.17083 22.167804 22.165145 22.165412 22.165679 22.166097 22.175576 22.185056 22.194536 22.188239 22.180594 22.172948 22.169746 22.16748 22.165213 22.167471 22.171393 22.175314 22.176282 22.175559 22.174835 22.174062 22.173246 22.172431 22.174344 22.179651 22.184957 22.187188 22.183718
-9999 -9999 -9999 -9999 -9999 -9999 -9999 -9999 -9999 -9999 -9999 -9999 -9999 -9999 -9999 -9999 -9999 -9999 -9999 -9999 -9999 -9999 22.142049 22.149182 22.156314 22.160735 22.162357 22.163979 22.164787 22.164359 22.163932 22.164691 22.168196 22.171701 22.173857 22.17083 22.167804 22.165145 22.165412 22.165679 22.166097 22.175576 22.185056 22.194536 22.188239 22.180594 22.172948 22.169746 22.16748 22.165213 22.167471 22.171393 22.175314 22.176282 22.175559 22.174835 22.174062 22.173246 22.172431 22.174344 22.179651 22.184957 22.187188 22.183718
-9999 -9999 -9999 -9999 -9999 -9999 -9999 -9999 -9999 -9999 -9999 -9999 -9999 -9999 -9999 -9999 -9999 -9999 -9999 -9999 -9999 -9999 22.142049 22.149182 22.156314 22.160735 22.162357 22.163979 22.164787 22.164359 22.163932 22.164691 22.168196 22.171701 22.173857 22.17083 22.167804 22.165145 22.165412 22.165679 22.166097 22.175576 22.185056 22.194536 22.188239 22.180594 22.172948 22.169746 22.16748 22.165213 22.167471 22.171393 22.175314 22.176282 22.175559 22.174835 22.174062 22.173246 22.172431 22.174344 22.179651 22.184957 22.187188 22.183718
-9999 -9999 -9999 -9999 -9999 -9999 -9999 -9999 -9999 -9999 -9999 -9999 -9999 -9999 -9999 -9999 -9999 -9999 -9999 -9999 -9999 -9999 22.142049 22.149182 22.156314 22.160735 22.162357 22.163979 22.164787 22.164359 22.163932 22.164691 22.168196 22.171701 22.173857 22.17083 22.167804 22.165145 22.165412 22.165679 22.166097 22.175576 22.185056 22.194536 22.188239 22.180594 22.172948 22.169746 22.16748 22.165213 22.167471 22.171393 22.175314 22.176282 22.175559 22.174835 22.174062 22.173246 22.172431 22.174344 22.179651 22.184957 22.187188 22.183718
-9999 -9999 -9999 -9999 -9999 -9999 -9999 -9999 -9999 -9999 -9999 -9999 -9999 -9999 -9999 -9999 -9999 -9999 -9999 -9999 -9999 -9999 22.142049 22.149182 22.156314 22.160735 22.162357 22.163979 22.164787 22.164359 22.163932 22.164691 22.168196 22.171701 22.173857 22.17083 22.167804 22.165145 22.165412 22.165679 22.166097 22.175576 22.185056 22.194536 22.188239 22.180594 22.172948 22.169746 22.16748 22.165213 22.167471 22.171393 22.175314 22.176282 22.175559 22.174835 22.174062 22.173246 22.172431 22.174344 22.179651 22.184957 22.187188 22.183718
-9999 -9999 -9999 -9999 -9999 -9999 -9999 -9999 -9999 -9999 -9999 -9999 -9999 -9999 -9999 -9999 -9999 -9999 -9999 -9999 -9999 -9999 22.142049 22.149182 22.156314 22.160735 22.162357 22.163979 22.164787 22.164359 22.163932 22.164691 22.168196 22.171701 22.173857 22.17083 22.167804 22.165145 22.165412 22.165679 22.166097 22.175576 22.185056 22.194536 22.188239 22.180594 22.172948 22.169746 22.16748 22.165213 22.167471 22.171393 22.175314 22.176282 22.175559 22.174835 22.174062 22.173246 22.172431 22.174344 22.179651 22.184957 22.187188 22.183718
-9999 -9999 -9999 -9999 -9999 -9999 -9999 -9999 -9999 -9999 -9999 -9999 -9999 -9999 -9999 -9999 -9999 -9999 -9999 -9999 -9999 -9999 22.142049 22.149182 22.156314 22.160735 22.162357 22.163979 22.164787 22.164359 22.163932 22.164691 22.168196 22.171701 22.173857 22.17083 22.167804 22.165145 22.165412 22.165679 22.166097 22.175576 22.185056 22.194536 22.188239 22.180594 22.172948 22.169746 22.16748 22.165213 22.167471 22.171393 22.175314 22.176282 22.175559 22.174835 22.174062 22.173246 22.172431 22.174344 22.179651 22.184957 22.187188 22.183718
-9999 -9999 -9999 -9999 -9999 -9999 -9999 -9999 -9999 -9999 -9999 -9999 -9999 -9999 -9999 -9999 -9999 -9999 -9999 -9999 -9999 -9999 22.142049 22.149182 22.156314 22.160735 22.162357 22.163979 22.164787 22.164359 22.163932 22.164691 22.168196 22.171701 22.173857 22.17083 22.167804 22.165145 22.165412 22.165679 22.166097 22.175576 22.185056 22.194536 22.188239 22.180594 22.172948 22.169746 22.16748 22.165213 22.167471 22.171393 22.175314 22.176282 22.175559 22.174835 22.174062 22.173246 22.172431 22.174344 22.179651 22.184957 22.187188 22.183718
-9999 -9999 -9999 -9999 -9999 -9999 -9999 -9999 -9999 -9999 -9999 -9999 -9999 -9999 -9999 -9999 -9999 -9999 -9999 -9999 -9999 -9999 22.142049 22.149182 22.156314 22.160735 22.162357 22.163979 22.164787 22.164359 22.163932 22.164691 22.168196 22.171701 22.173857 22.17083 22.167804 22.165145 22.165412 22.165679 22.166097 22.175576 22.185056 22.194536 22.188239 22.180594 22.172948 22.169746 22.16748 22.165213 22.167471 22.171393 22.175314 22.176282 22.175559 22.174835 22.174062 22.173246 22.172431 21.895794 21.639726 21.645033 21.566376 21.444455
-9999 -9999 -9999 -9999 -9999 -9999 -9999 -9999 -9999 -9999 -9999 -9999 -9999 -9999 -9999 -9999 -9999 -9999 -9999 -9999 -9999 -9999 22.142049 22.149182 22.156314 22.160735 22.162357 22.163979 22.164787 22.164359 22.163932 22.164691 22.168196 22.171701 22.173857 22.17083 22.167804 22.165145 22.165412 22.165679 22.166097 22.175576 22.185056 22.194536 22.188239 22.180594 22.172948 22.169746 22.16748 22.165213 22.167471 22.171393 22.175314 22.176282 22.175559 22.174835 22.174062 22.173246 22.172431 21.895794 21.276039 21.020871 20.942214 20.707974
-9999 -9999 -9999 -9999 -9999 -9999 -9999 -9999 -9999 -9999 -9999 -9999 -9999 -9999 -9999 -9999 -9999 -9999 -9999 -9999 -9999 -9999 22.142049 22.149182 22.156314 22.160735 22.162357 22.163979 22.164787 22.164359 22.163932 22.164691 22.168196 22.171701 22.173857 22.17083 22.167804 22.165145 22.165412 22.165679 22.166097 22.175576 22.185056 22.194536 22.188239 22.180594 22.172948 22.169746 22.16748 22.165213 22.167471 22.171393 22.175314 22.176282 22.175559 22.174835 22.174062 22.173246 22.172431 21.895794 21.276039 20.656284 20.318052 20.083812
-9999 -9999 -9999 -9999 -9999 -9999 -9999 -9999 -9999 -9999 -9999 -9999 -9999 -9999 -9999 -9999 -9999 -9999 -9999 -9999 -9999 -9999 22.142049 22.149182 22.156314 22.160735 22.162357 22.163979 22.164787 22.164359 22.163932 22.164691 22.168196 22.171701 22.173857 22.17083 22.167804 22.165145 22.165412 22.165679 22.166097 22.175576 22.185056 22.194536 22.188239 22.180594 22.172948 22.169746 22.16748 22.165213 22.167471 22.171393 22.175314 22.176282 22.175559 22.174835 22.174062 22.173246 22.172431 21.873133 21.237172 20.617417 20.130266 19.893047
-9999 -9999 -9999 -9999 -9999 -9999 -9999 -9999 -9999 -9999 -9999 -9999 -9999 -9999 -9999 -9999 -9999 -9999 -9999 -9999 -9999 -9999 22.142049 22.149182 22.156314 22.160735 22.162357 22.163979 22.164787 22.164359 22.163932 22.164691 22.168196 22.171701 22.173857 22.17083 22.167804 22.165145 22.165412 22.165679 22.166097 22.175576 22.185056 22.194536 22.188239 22.180594 22.172948 22.169746 22.16748 22.165213 22.167471 22.171393 22.175314 22.176282 22.175559 22.174835 22.174062 22.173246 22.172431 21.873133 21.202529 20.566641 20.079489 19.838052
-9999 -9999 -9999 -9999 -9999 -9999 -9999 -9999 -9999 -9999 -9999 -9999 -9999 -9999 -9999 -9999 -9999 -9999 -9999 -9999 -9999 -9999 22.142049 22.149182 22.156314 22.160735 22.162357 22.163979 22.164787 22.164359 22.163932 22.164691 22.168196 22.171701 22.173857 22.17083 22.167804 22.165145 22.165412 22.165679 22.166097 22.175576 22.185056 22.194536 22.188239 22.180594 22.172948 22.169746 22.16748 22.165213 22.167471 22.171393 22.175314 22.176282 22.175559 22.174835 22.174062 22.173246 22.172431 21.873133 21.202529 20.531924 20.028713 19.787276
-9999 -9999 -9999 -9999 -9999 -9999 -9999 -9999 -9999 -9999 -9999 -9999 -9999 -9999 -9999 -9999 -9999 -9999 -9999 -9999 -9999 -9999 22.142049 22.149182 22.156314 22.160735 22.162357 22.163979 22.164787 22.164359 22.163932 22.164691 22.168196 22.171701 22.173857 22.17083 22.167804 22.165145 22.165412 22.165679 22.166097 22.175576 22.185056 22.194536 22.188239 22.180594 22.172948 22.169746 22.16748 22.165213 22.167471 22.171393 22.175314 22.176282 22.175559 22.174835 21.833874 21.754966 21.75415 21.716092 21.174026 20.503421 19.981326 19.738169
-9999 -9999 -9999 -9999 -9999 -9999 -9999 -9999 -9999 -9999 -9999 -9999 -9999 -9999 -9999 -9999 -9999 -9999 -9999 -9999 -9999 -9999 22.142049 22.149182 22.156314 22.160735 22.162357 22.163979 22.164787 22.164359 22.163932 22.164691 22.168196 22.171701 22.173857 22.17083 22.167804 22.165145 22.165412 22.165679 22.166097 22.175576 22.185056 22.194536 22.188239 22.180594 22.172948 22.169746 22.16748 22.165213 22.167471 22.171393 22.175314 22.176282 22.175559 22.174835 21.833874 21.203974 21.125971 21.087912 21.003525 20.460615 19.93852 19.691612
-9999 -9999 -9999 -9999 -9999 -9999 -9999 -9999 -9999 -9999 -9999 -9999 -9999 -9999 -9999 -9999 -9999 -9999 -9999 -9999 -9999 -9999 22.142049 22.149182 22.156314 22.160735 22.162357 22.163979 22.164787 22.164359 22.163932 22.164691 22.168196 22.171701 22.173857 22.17083 22.167804 22.165145 22.165412 22.165679 22.166097 22.175576 22.185056 22.194536 22.188239 22.180594 22.172948 22.169746 22.16748 22.165213 22.167471 22.171393 22.175314 22.176282 22.175559 22.174835 21.833874 21.203974 20.574074 20.459733 20.375345 20.290958 19.895714 19.648806
-9999 -9999 -9999 -9999 -9999 -9999 -9999 -9999 -9999 -9999 -9999 -9999 -9999 -9999 -9999 -9999 -9999 -9999 -9999 -9999 -9999 -9999 22.142049 22.149182 22.156314 22.160735 22.162357 22.163979 22.164787 22.164359 22.163932 22.164691 22.168196 22.171701 22.173857 22.17083 22.167804 22.165145 22.165412 22.165679 22.166097 22.175576 22.185056 22.194536 22.188239 22.180594 22.172948 22.169746 22.16748 22.165213 22.167471 22.171393 22.175314 22.176282 22.175559 22.174835 21.776154 21.143619 20.513718 20.158152 20.082163 19.997775 19.854977 19.607182
