test/data/Reference_scenario/processor_outputs/debug/OUTPUT_T_225_0_12h.tif
NCOLS 132
NROWS 132
XLLCORNER 352310.43
YLLCORNER 6689219.5
DX 17.797726
DY 17.797726
NODATA_VALUE -9999
[rows 29 to 57 of 132, columns 0 to 63 of 132]
-9999 -9999 -9999 -9999 -9999 -9999 -9999 -9999 -9999 -9999 -9999 -9999 -9999 -9999 -9999 -9999 -9999 -9999 -9999 -9999 -9999 -9999 -9999 -9999 -9999 -9999 -9999 -9999 -9999 -9999 -9999 -9999 -9999 -9999 -9999 -9999 -9999 -9999 -9999 -9999 -9999 22.673003 22.58898 22.504957 22.420935 22.338755 22.391035 22.443315 22.495595 22.547875 22.544743 22.475388 22.406033 22.336678 22.267324 22.281876 22.306 22.330124 22.354248 22.415106 22.54738 22.679654 22.811928 22.944202
-9999 -9999 -9999 -9999 -9999 -9999 -9999 -9999 -9999 -9999 -9999 -9999 -9999 -9999 -9999 -9999 -9999 -9999 -9999 -9999 -9999 -9999 -9999 -9999 -9999 -9999 -9999 -9999 -9999 -9999 -9999 -9999 -9999 -9999 -9999 -9999 -9999 -9999 -9999 -9999 22.673003 22.58898 22.504957 22.420935 22.338755 22.391035 22.443315 22.495595 22.547875 22.544743 22.475388 22.406033 22.336678 22.267324 22.281876 22.306 22.330124 22.354248 22.415106 22.54738 22.679654 22.811928 22.944202 23.045165
-9999 -9999 -9999 -9999 -9999 -9999 -9999 -9999 -9999 -9999 -9999 -9999 -9999 -9999 -9999 -9999 -9999 -9999 -9999 -9999 -9999 -9999 -9999 -9999 -9999 -9999 -9999 -9999 -9999 -9999 -9999 -9999 -9999 -9999 -9999 -9999 -9999 -9999 -9999 22.673003 22.58898 22.504957 22.420935 22.338755 22.391035 22.443315 22.495595 22.547875 22.544743 22.475388 22.406033 22.336678 22.267324 22.281876 22.306 22.330124 22.354248 22.415106 22.54738 22.679654 22.811928 22.944202 23.045165 23.137384
-9999 -9999 -9999 -9999 -9999 -9999 -9999 -9999 -9999 -9999 -9999 -9999 -9999 -9999 -9999 -9999 -9999 -9999 -9999 -9999 -9999 -9999 -9999 -9999 -9999 -9999 -9999 -9999 -9999 -9999 -9999 -9999 -9999 -9999 -9999 -9999 -9999 -9999 22.673003 22.58898 22.504957 22.420935 22.338755 22.391035 22.443315 22.495595 22.547875 22.544743 22.475388 22.406033 22.336678 22.267324 22.281876 22.306 22.330124 22.354248 22.415106 22.54738 22.679654 22.811928 22.944202 23.045165 23.137384 23.229603
-9999 -9999 -9999 -9999 -9999 -9999 -9999 -9999 -9999 -9999 -9999 -9999 -9999 -9999 -9999 -9999 -9999 -9999 -9999 -9999 -9999 -9999 -9999 -9999 -9999 -9999 -9999 -9999 -9999 -9999 -9999 -9999 -9999 -9999 -9999 -9999 -9999 22.673003 22.58898 22.504957 22.420935 22.338755 22.391035 22.443315 22.495595 22.547875 22.544743 22.475388 22.406033 22.336678 22.267324 22.281876 22.306 22.330124 22.354248 22.415106 22.54738 22.679654 22.811928 22.944202 23.045165 23.137384 23.229603 23.321821
-9999 -9999 -9999 -9999 -9999 -9999 -9999 -9999 -9999 -9999 -9999 -9999 -9999 -9999 -9999 -9999 -9999 -9999 -9999 -9999 -9999 -9999 -9999 -9999 -9999 -9999 -9999 -9999 -9999 -9999 -9999 -9999 -9999 -9999 -9999 -9999 22.673003 22.58898 22.504957 22.420935 22.338755 22.391035 22.443315 22.495595 22.547875 22.544743 22.475388 22.406033 22.336678 22.267324 22.281876 22.306 22.330124 22.354248 22.415106 22.54738 22.679654 22.811928 22.944202 23.045165 23.137384 23.229603 23.321821 23.394228
-9999 -9999 -9999 -9999 -9999 -9999 -9999 -9999 -9999 -9999 -9999 -9999 -9999 -9999 -9999 -9999 -9999 -9999 -9999 -9999 -9999 -9999 -9999 -9999 -9999 -9999 -9999 -9999 -9999 -9999 -9999 -9999 -9999 -9999 -9999 22.673003 22.58898 22.504957 22.420935 22.338755 22.391035 22.443315 22.495595 22.547875 22.544743 22.475388 22.406033 22.336678 22.267324 22.281876 22.306 22.330124 22.354248 22.415106 22.54738 22.679654 22.811928 22.944202 23.045165 23.137384 23.229603 23.321821 23.394228 23.397896
-9999 -9999 -9999 -9999 -9999 -9999 -9999 -9999 -9999 -9999 -9999 -9999 -9999 -9999 -9999 -9999 -9999 -9999 -9999 -9999 -9999 -9999 -9999 -9999 -9999 -9999 -9999 -9999 -9999 -9999 -9999 -9999 -9999 -9999 22.673003 22.58898 22.504957 22.420935 22.338755 22.391035 22.443315 22.495595 22.547875 22.544743 22.475388 22.406033 22.336678 22.267324 22.281876 22.306 22.330124 22.354248 22.415106 22.54738 22.679654 22.811928 22.944202 23.045165 23.137384 23.229603 23.321821 23.394228 23.397896 23.401564
-9999 -9999 -9999 -9999 -9999 -9999 -9999 -9999 -9999 -9999 -9999 -9999 -9999 -9999 -9999 -9999 -9999 -9999 -9999 -9999 -9999 -9999 -9999 -9999 -9999 -9999 -9999 -9999 -9999 -9999 -9999 -9999 -9999 22.673003 22.58898 22.504957 22.420935 22.338755 22.391035 22.443315 22.495595 22.547875 22.544743 22.475388 22.406033 22.336678 22.267324 22.281876 22.306 22.330124 22.354248 22.415106 22.54738 22.679654 22.811928 22.944202 23.045165 23.137384 23.229603 23.321821 23.394228 23.397896 23.401564 23.405232
-9999 -9999 -9999 -9999 -9999 -9999 -9999 -9999 -9999 -9999 -9999 -9999 -9999 -9999 -9999 -9999 -9999 -9999 -9999 -9999 -9999 -9999 -9999 -9999 -9999 -9999 -9999 -9999 -9999 -9999 -9999 -9999 22.673003 22.58898 22.504957 22.420935 22.338755 22.391035 22.443315 22.495595 22.547875 22.544743 22.475388 22.406033 22.336678 22.267324 22.281876 22.306 22.330124 22.354248 22.415106 22.54738 22.679654 22.811928 22.944202 23.045165 23.137384 23.229603 23.321821 23.394228 23.397896 23.401564 23.405232 23.4089
-9999 -9999 -9999 -9999 -9999 -9999 -9999 -9999 -9999 -9999 -9999 -9999 -9999 -9999 -9999 -9999 -9999 -9999 -9999 -9999 -9999 -9999 -9999 -9999 -9999 -9999 -9999 -9999 -9999 -9999 -9999 22.673003 22.58898 22.504957 22.420935 22.338755 22.391035 22.443315 22.495595 22.547875 22.544743 22.475388 22.406033 22.336678 22.267324 22.281876 22.306 22.330124 22.354248 22.415106 22.54738 22.679654 22.811928 22.944202 23.045165 23.137384 23.229603 23.321821 23.394228 23.397896 23.401564 23.405232 23.4089 23.38969
-9999 -9999 -9999 -9999 -9999 -9999 -9999 -9999 -9999 -9999 -9999 -9999 -9999 -9999 -9999 -9999 -9999 -9999 -9999 -9999 -9999 -9999 -9999 -9999 -9999 -9999 -9999 -9999 -9999 -9999 22.673003 22.58898 22.504957 22.420935 22.338755 22.391035 22.443315 22.495595 22.547875 22.544743 22.475388 22.406033 22.336678 22.267324 22.281876 22.306 22.330124 22.354248 22.415106 22.54738 22.679654 22.811928 22.944202 23.045165 23.137384 23.229603 23.321821 23.394228 23.397896 23.401564 23.405232 23.4089 23.38969 23.358995
-9999 -9999 -9999 -9999 -9999 -9999 -9999 -9999 -9999 -9999 -9999 -9999 -9999 -9999 -9999 -9999 -9999 -9999 -9999 -9999 -9999 -9999 -9999 -9999 -9999 -9999 -9999 -9999 -9999 22.673003 22.58898 22.504957 22.420935 22.338755 22.391035 22.443315 22.495595 22.547875 22.544743 22.475388 22.406033 22.336678 22.267324 22.281876 22.306 22.330124 22.354248 22.415106 22.54738 22.679654 22.811928 22.944202 23.045165 23.137384 23.229603 23.321821 23.394228 23.397896 23.401564 23.405232 23.4089 23.38969 23.358995 23.328301
-9999 -9999 -9999 -9999 -9999 -9999 -9999 -9999 -9999 -9999 -9999 -9999 -9999 -9999 -9999 -9999 -9999 -9999 -9999 -9999 -9999 -9999 -9999 -9999 -9999 -9999 -9999 -9999 22.673003 22.58898 22.504957 22.420935 22.338755 22.391035 22.443315 22.495595 22.547875 22.544743 22.475388 22.406033 22.336678 22.267324 22.281876 22.306 22.330124 22.354248 22.415106 22.54738 22.679654 22.811928 22.944202 23.045165 23.137384 23.229603 23.321821 23.394228 23.397896 23.401564 23.405232 23.4089 23.38969 23.358995 23.328301 23.297606
-9999 -9999 -9999 -9999 -9999 -9999 -9999 -9999 -9999 -9999 -9999 -9999 -9999 -9999 -9999 -9999 -9999 -9999 -9999 -9999 -9999 -9999 -9999 -9999 -9999 -9999 -9999 22.673003 22.58898 22.504957 22.420935 22.338755 22.391035 22.443315 22.495595 22.547875 22.544743 22.475388 22.406033 22.336678 22.267324 22.281876 22.306 22.330124 22.354248 22.415106 22.54738 22.679654 22.811928 22.944202 23.045165 23.137384 23.229603 23.321821 23.394228 23.397896 23.401564 23.405232 23.4089 23.38969 23.358995 23.328301 23.297606 23.262703
-9999 -9999 -9999 -9999 -9999 -9999 -9999 -9999 -9999 -9999 -9999 -9999 -9999 -9999 -9999 -9999 -9999 -9999 -9999 -9999 -9999 -9999 -9999 -9999 -9999 -9999 22.673003 22.58898 22.504957 22.420935 22.338755 22.391035 22.443315 22.495595 22.547875 22.544743 22.475388 22.406033 22.336678 22.267324 22.281876 22.306 22.330124 22.354248 22.415106 22.54738 22.679654 22.811928 22.944202 23.045165 23.137384 23.229603 23.321821 23.394228 23.397896 23.401564 23.405232 23.4089 23.38969 23.358995 23.328301 23.297606 23.262703 23.192979
-9999 -9999 -9999 -9999 -9999 -9999 -9999 -9999 -9999 -9999 -9999 -9999 -9999 -9999 -9999 -9999 -9999 -9999 -9999 -9999 -9999 -9999 -9999 -9999 -9999 22.673003 22.58898 22.504957 22.420935 22.338755 22.391035 22.443315 22.495595 22.547875 22.544743 22.475388 22.406033 22.336678 22.267324 22.281876 22.306 22.330124 22.354248 22.415106 22.54738 22.679654 22.811928 22.944202 23.045165 23.137384 23.229603 23.321821 23.394228 23.397896 23.401564 23.405232 23.4089 23.38969 23.358995 23.328301 23.297606 23.26373 23.198565 23.123255
-9999 -9999 -9999 -9999 -9999 -9999 -9999 -9999 -9999 -9999 -9999 -9999 -9999 -9999 -9999 -9999 -9999 -9999 -9999 -9999 -9999 -9999 -9999 -9999 22.673003 22.58898 22.504957 22.420935 22.338755 22.391035 22.443315 22.495595 22.547875 22.544743 22.475388 22.406033 22.336678 22.267324 22.281876 22.306 22.330124 22.354248 22.415106 22.54738 22.679654 22.811928 22.944202 23.045165 23.137384 23.229603 23.321821 23.394228 23.397896 23.401564 23.405232 23.4089 23.38969 23.358995 23.328301 23.297606 23.26373 23.20353 23.140004 23.059117
-9999 -9999 -9999 -9999 -9999 -9999 -9999 -9999 -9999 -9999 -9999 -9999 -9999 -9999 -9999 -9999 -9999 -9999 -9999 -9999 -9999 -9999 -9999 22.673003 22.58898 22.504957 22.420935 22.338755 22.391035 22.443315 22.495595 22.547875 22.544743 22.475388 22.406033 22.336678 22.267324 22.281876 22.306 22.330124 22.354248 22.415106 22.54738 22.679654 22.811928 22.944202 23.045165 23.137384 23.229603 23.321821 23.394228 23.397896 23.401564 23.405232 23.4089 23.38969 23.358995 23.328301 23.297606 23.26373 23.20353 23.143331 23.081442 23.000555
-9999 -9999 -9999 -9999 -9999 -9999 -9999 -9999 -9999 -9999 -9999 -9999 -9999 -9999 -9999 -9999 -9999 -9999 -9999 -9999 -9999 -9999 22.673003 22.58898 22.504957 22.420935 22.338755 22.391035 22.443315 22.495595 22.547875 22.544743 22.475388 22.406033 22.336678 22.267324 22.281876 22.306 22.330124 22.354248 22.415106 22.54738 22.679654 22.811928 22.944202 23.045165 23.137384 23.229603 23.321821 23.394228 23.397896 23.401564 23.405232 23.4089 23.38969 23.358995 23.328301 23.297606 23.26373 23.20353 23.143331 23.083131 23.022881 22.930863
-9999 -9999 -9999 -9999 -9999 -9999 -9999 -9999 -9999 -9999 -9999 -9999 -9999 -9999 -9999 -9999 -9999 -9999 -9999 -9999 -9999 22.673003 22.58898 22.504957 22.420935 22.338755 22.391035 22.443315 22.495595 22.547875 22.544743 22.475388 22.406033 22.336678 22.267324 22.281876 22.306 22.330124 22.354248 22.415106 22.54738 22.679654 22.811928 22.944202 23.045165 23.137384 23.229603 23.321821 23.394228 23.397896 23.401564 23.405232 23.4089 23.38969 23.358995 23.328301 23.297606 23.272129 23.274344 23.176515 23.113113 23.049711 22.959704 22.85206
-9999 -9999 -9999 -9999 -9999 -9999 -9999 -9999 -9999 -9999 -9999 -9999 -9999 -9999 -9999 -9999 -9999 -9999 -9999 -9999 22.673003 22.58898 22.504957 22.420935 22.338755 22.391035 22.443315 22.495595 22.547875 22.544743 22.475388 22.406033 22.336678 22.267324 22.281876 22.306 22.330124 22.354248 22.415106 22.54738 22.679654 22.811928 22.944202 23.045165 23.137384 23.229603 23.321821 23.394228 23.397896 23.401564 23.405232 23.4089 23.38969 23.358995 23.328301 23.297606 23.272129 23.289821 23.302233 23.191178 23.093349 23.003342 22.891557 22.779772
-9999 -9999 -9999 -9999 -9999 -9999 -9999 -9999 -9999 -9999 -9999 -9999 -9999 -9999 -9999 -9999 -9999 -9999 -9999 22.673003 22.58898 22.504957 22.420935 22.338755 22.391035 22.443315 22.495595 22.547875 22.544743 22.475388 22.406033 22.336678 22.267324 22.281876 22.306 22.330124 22.354248 22.415106 22.54738 22.679654 22.811928 22.944202 23.045165 23.137384 23.229603 23.321821 23.394228 23.397896 23.401564 23.405232 23.4089 23.38969 23.358995 23.328301 23.297606 23.272129 23.289821 23.307513 23.325206 23.219066 23.038576 22.912398 22.803815 22.695233
-9999 -9999 -9999 -9999 -9999 -9999 -9999 -9999 -9999 -9999 -9999 -9999 -9999 -9999 -9999 -9999 -9999 -9999 22.673003 22.58898 22.504957 22.420935 22.338755 22.391035 22.443315 22.495595 22.547875 22.544743 22.475388 22.406033 22.336678 22.267324 22.281876 22.306 22.330124 22.354248 22.415106 22.54738 22.679654 22.811928 22.944202 23.045165 23.137384 23.229603 23.321821 23.394228 23.397896 23.401564 23.405232 23.4089 23.38969 23.358995 23.328301 23.297606 23.272129 23.289821 23.307513 23.325206 23.342898 23.17752 22.94019 22.803815 22.695233 22.58665
-9999 -9999 -9999 -9999 -9999 -9999 -9999 -9999 -9999 -9999 -9999 -9999 -9999 -9999 -9999 -9999 -9999 22.673003 22.58898 22.504957 22.420935 22.338755 22.391035 22.443315 22.495595 22.547875 22.544743 22.475388 22.406033 22.336678 22.267324 22.281876 22.306 22.330124 22.354248 22.415106 22.54738 22.679654 22.811928 22.944202 23.045165 23.137384 23.229603 23.321821 23.394228 23.397896 23.401564 23.405232 23.4089 23.38969 23.358995 23.328301 23.297606 23.272129 23.289821 23.307513 23.325206 23.342898 23.258561 23.079134 22.841804 22.695233 22.58665 22.714871
-9999 -9999 -9999 -9999 -9999 -9999 -9999 -9999 -9999 -9999 -9999 -9999 -9999 -9999 -9999 -9999 22.673003 22.58898 22.504957 22.420935 22.338755 22.391035 22.443315 22.495595 22.547875 22.544743 22.475388 22.406033 22.336678 22.267324 22.281876 22.306 22.330124 22.354248 22.415106 22.54738 22.679654 22.811928 22.944202 23.045165 23.137384 23.229603 23.321821 23.394228 23.397896 23.401564 23.405232 23.4089 23.38969 23.358995 23.328301 23.297606 23.272129 23.289821 23.307513 23.325206 23.342898 23.258561 23.090703 22.922845 22.743418 22.58665 22.714871 22.845022
-9999 -9999 -9999 -9999 -9999 -9999 -9999 -9999 -9999 -9999 -9999 -9999 -9999 -9999 -9999 22.673003 22.58898 22.504957 22.420935 22.338755 22.391035 22.443315 22.495595 22.547875 22.544743 22.475388 22.406033 22.336678 22.267324 22.281876 22.306 22.330124 22.354248 22.415106 22.54738 22.679654 22.811928 22.944202 23.045165 23.137384 23.229603 23.321821 23.394228 23.397896 23.401564 23.405232 23.4089 23.38969 23.358995 23.328301 23.297606 23.272129 23.289821 23.307513 23.325206 23.342898 23.262552 23.090703 22.922845 22.754987 22.587129 22.714871 22.845022 22.975173
-9999 -9999 -9999 -9999 -9999 -9999 -9999 -9999 -9999 -9999 -9999 -9999 -9999 -9999 22.673003 22.58898 22.504957 22.420935 22.338755 22.391035 22.443315 22.495595 22.547875 22.544743 22.475388 22.406033 22.336678 22.267324 22.281876 22.306 22.330124 22.354248 22.415106 22.54738 22.679654 22.811928 22.944202 23.045165 23.137384 23.229603 23.321821 23.394228 23.397896 23.401564 23.405232 23.4089 23.38969 23.358995 23.328301 23.297606 23.272129 23.289821 23.307513 23.325206 23.342898 23.262552 23.101952 22.93088 22.754987 22.587129 22.714871 22.845022 22.975173 23.105324
-9999 -9999 -9999 -9999 -9999 -9999 -9999 -9999 -9999 -9999 -9999 -9999 -9999 22.673003 22.58898 22.504957 22.420935 22.338755 22.391035 22.443315 22.495595 22.547875 22.544743 22.475388 22.406033 22.336678 22.267324 22.281876 22.306 22.330124 22.354248 22.415106 22.54738 22.679654 22.811928 22.944202 23.045165 23.137384 23.229603 23.321821 23.394228 23.397896 23.401564 23.405232 23.4089 23.38969 23.358995 23.328301 23.297606 23.272129 23.289821 23.307513 23.325206 23.342898 23.350524 23.112361 22.941353 22.771529 22.595164 22.714871 22.845022 22.975173 23.105324 23.178259
