test/data/Reference_scenario/processor_outputs/debug/OUTPUT_T_225_0_23h.tif
NCOLS 132
NROWS 132
XLLCORNER 352310.43
YLLCORNER 6689219.5
DX 17.797726
DY 17.797726
NODATA_VALUE -9999
[rows 29 to 57 of 132, columns 64 to 127 of 132]
20.020494 20.021033 20.021572 20.022111 20.022328 20.021427 20.020526 20.019625 20.018724 20.021991 20.02735 20.032709 20.038069 20.04267 20.040998 20.039325 20.037653 20.035981 20.04986 20.054668 20.034842 20.031969 -9999 -9999 -9999 -9999 -9999 -9999 -9999 -9999 -9999 -9999 -9999 -9999 -9999 -9999 -9999 -9999 -9999 -9999 -9999 -9999 -9999 -9999 -9999 -9999 -9999 -9999 -9999 -9999 -9999 -9999 -9999 -9999 -9999 -9999 -9999 -9999 -9999 -9999 -9999 -9999 -9999 -9999
20.021033 20.021572 20.022111 20.022328 20.021427 20.020526 20.019625 20.018724 20.021991 20.02735 20.032709 20.038069 20.04267 20.040998 20.039325 20.037653 20.035981 20.039109 20.046169 20.062448 20.051533 20.035786 20.032913 -9999 -9999 -9999 -9999 -9999 -9999 -9999 -9999 -9999 -9999 -9999 -9999 -9999 -9999 -9999 -9999 -9999 -9999 -9999 -9999 -9999 -9999 -9999 -9999 -9999 -9999 -9999 -9999 -9999 -9999 -9999 -9999 -9999 -9999 -9999 -9999 -9999 -9999 -9999 -9999 -9999
20.021572 20.022111 20.022328 20.021427 20.020526 20.019625 20.018724 20.021991 20.02735 20.032709 20.038069 20.04267 20.040998 20.039325 20.037653 20.035981 20.039109 20.046169 20.053228 20.060287 20.067296 20.050429 20.03673 20.033857 -9999 -9999 -9999 -9999 -9999 -9999 -9999 -9999 -9999 -9999 -9999 -9999 -9999 -9999 -9999 -9999 -9999 -9999 -9999 -9999 -9999 -9999 -9999 -9999 -9999 -9999 -9999 -9999 -9999 -9999 -9999 -9999 -9999 -9999 -9999 -9999 -9999 -9999 -9999 -9999
20.022111 20.022328 20.021427 20.020526 20.019625 20.018724 20.021991 20.02735 20.032709 20.038069 20.04267 20.040998 20.039325 20.037653 20.035981 20.039109 20.046169 20.053228 20.060287 20.067346 20.069807 20.070624 20.044968 20.037675 20.034802 -9999 -9999 -9999 -9999 -9999 -9999 -9999 -9999 -9999 -9999 -9999 -9999 -9999 -9999 -9999 -9999 -9999 -9999 -9999 -9999 -9999 -9999 -9999 -9999 -9999 -9999 -9999 -9999 -9999 -9999 -9999 -9999 -9999 -9999 -9999 -9999 -9999 -9999 -9999
20.022328 20.021427 20.020526 20.019625 20.018724 20.021991 20.02735 20.032709 20.038069 20.04267 20.040998 20.039325 20.037653 20.035981 20.039109 20.046169 20.053228 20.060287 20.067346 20.069807 20.072231 20.074655 20.066957 20.041492 20.038619 20.035746 -9999 -9999 -9999 -9999 -9999 -9999 -9999 -9999 -9999 -9999 -9999 -9999 -9999 -9999 -9999 -9999 -9999 -9999 -9999 -9999 -9999 -9999 -9999 -9999 -9999 -9999 -9999 -9999 -9999 -9999 -9999 -9999 -9999 -9999 -9999 -9999 -9999 -9999
20.021427 20.020526 20.019625 20.018724 20.021991 20.02735 20.032709 20.038069 20.04267 20.040998 20.039325 20.037653 20.035981 20.039109 20.046169 20.053228 20.060287 20.067346 20.069807 20.072231 20.074655 20.077078 20.077654 20.063781 20.042437 20.039564 20.036691 -9999 -9999 -9999 -9999 -9999 -9999 -9999 -9999 -9999 -9999 -9999 -9999 -9999 -9999 -9999 -9999 -9999 -9999 -9999 -9999 -9999 -9999 -9999 -9999 -9999 -9999 -9999 -9999 -9999 -9999 -9999 -9999 -9999 -9999 -9999 -9999 -9999
20.020526 20.019625 20.018724 20.021991 20.02735 20.032709 20.038069 20.04267 20.040998 20.039325 20.037653 20.035981 20.039109 20.046169 20.053228 20.060287 20.067346 20.069807 20.072231 20.074655 20.077078 20.077654 20.075821 20.073987 20.062677 20.043381 20.040508 20.037635 -9999 -9999 -9999 -9999 -9999 -9999 -9999 -9999 -9999 -9999 -9999 -9999 -9999 -9999 -9999 -9999 -9999 -9999 -9999 -9999 -9999 -9999 -9999 -9999 -9999 -9999 -9999 -9999 -9999 -9999 -9999 -9999 -9999 -9999 -9999 -9999
20.019625 20.018724 20.021991 20.02735 20.032709 20.038069 20.04267 20.040998 20.039325 20.037653 20.035981 20.039109 20.046169 20.053228 20.060287 20.067346 20.069807 20.072231 20.074655 20.077078 20.077654 20.075821 20.073987 20.072153 20.07032 20.060466 20.044326 20.041453 20.03858 -9999 -9999 -9999 -9999 -9999 -9999 -9999 -9999 -9999 -9999 -9999 -9999 -9999 -9999 -9999 -9999 -9999 -9999 -9999 -9999 -9999 -9999 -9999 -9999 -9999 -9999 -9999 -9999 -9999 -9999 -9999 -9999 -9999 -9999 -9999
20.018724 20.021991 20.02735 20.032709 20.038069 20.041046 20.040003 20.039325 20.037653 20.035981 20.039109 20.046169 20.053228 20.060287 20.067346 20.069807 20.072231 20.074655 20.077078 20.077654 20.075821 20.073987 20.072153 20.07032 20.069609 20.069057 20.053964 20.04527 20.042397 20.039524 -9999 -9999 -9999 -9999 -9999 -9999 -9999 -9999 -9999 -9999 -9999 -9999 -9999 -9999 -9999 -9999 -9999 -9999 -9999 -9999 -9999 -9999 -9999 -9999 -9999 -9999 -9999 -9999 -9999 -9999 -9999 -9999 -9999 -9999
20.021991 20.02735 20.032709 20.038069 20.041046 20.024308 20.020674 20.036658 20.035981 20.039109 20.046169 20.053228 20.060287 20.067346 20.069807 20.072231 20.074655 20.077078 20.077654 20.075821 20.073987 20.072153 20.07032 20.069609 20.069057 20.068505 20.067953 20.049087 20.046214 20.043341 20.040469 -9999 -9999 -9999 -9999 -9999 -9999 -9999 -9999 -9999 -9999 -9999 -9999 -9999 -9999 -9999 -9999 -9999 -9999 -9999 -9999 -9999 -9999 -9999 -9999 -9999 -9999 -9999 -9999 -9999 -9999 -9999 -9999 -9999
20.02735 20.032709 20.038069 20.03598 20.015093 20.00757 20.001344 20.017329 20.038504 20.046169 20.053228 20.060287 20.067346 20.069807 20.072231 20.074655 20.077078 20.077654 20.075821 20.073987 20.072153 20.07032 20.069609 20.069057 20.068505 20.067953 20.066542 20.063291 20.050032 20.047159 20.044286 20.041413 -9999 -9999 -9999 -9999 -9999 -9999 -9999 -9999 -9999 -9999 -9999 -9999 -9999 -9999 -9999 -9999 -9999 -9999 -9999 -9999 -9999 -9999 -9999 -9999 -9999 -9999 -9999 -9999 -9999 -9999 -9999 -9999
20.032709 20.038069 20.03598 19.972263 19.943295 19.981618 19.982015 20.006045 20.034821 20.052623 20.060287 20.067346 20.069807 20.072231 20.074655 20.077078 20.077654 20.075821 20.073987 20.072153 20.07032 20.069609 20.069057 20.068505 20.067953 20.066542 20.063291 20.06004 20.056789 20.050976 20.048103 20.04523 20.042357 -9999 -9999 -9999 -9999 -9999 -9999 -9999 -9999 -9999 -9999 -9999 -9999 -9999 -9999 -9999 -9999 -9999 -9999 -9999 -9999 -9999 -9999 -9999 -9999 -9999 -9999 -9999 -9999 -9999 -9999 -9999
20.038069 20.030914 19.956936 19.908546 19.871497 19.90982 19.9629 20.001347 20.031138 20.048939 20.066741 20.069807 20.072231 20.074655 20.077078 20.077654 20.075821 20.073987 20.072153 20.07032 20.069609 20.069057 20.068505 20.067953 20.066542 20.063291 20.06004 20.056789 20.053538 20.051276 20.051921 20.049048 20.046175 20.043302 -9999 -9999 -9999 -9999 -9999 -9999 -9999 -9999 -9999 -9999 -9999 -9999 -9999 -9999 -9999 -9999 -9999 -9999 -9999 -9999 -9999 -9999 -9999 -9999 -9999 -9999 -9999 -9999 -9999 -9999
20.030914 19.920218 19.838159 19.829502 19.799699 19.849946 19.911411 19.988819 20.027265 20.045256 20.05846 20.071626 20.074655 20.077078 20.077654 20.075821 20.073987 20.072153 20.07032 20.069609 20.069057 20.068505 20.067953 20.066542 20.063291 20.06004 20.056789 20.053538 20.051276 20.049326 20.047377 20.052865 20.049992 20.047119 20.044246 -9999 -9999 -9999 -9999 -9999 -9999 -9999 -9999 -9999 -9999 -9999 -9999 -9999 -9999 -9999 -9999 -9999 -9999 -9999 -9999 -9999 -9999 -9999 -9999 -9999 -9999 -9999 -9999 -9999
19.898778 19.809523 19.719382 19.710725 19.737212 19.799835 19.859921 19.937329 20.014737 20.037122 20.050141 20.063307 20.076473 20.077654 20.075821 20.073987 20.072153 20.07032 20.069609 20.069057 20.068505 20.067953 20.066542 20.063291 20.06004 20.056789 20.053538 20.051276 20.049326 20.047377 20.045427 20.044274 20.051185 20.050937 20.048064 20.045191 -9999 -9999 -9999 -9999 -9999 -9999 -9999 -9999 -9999 -9999 -9999 -9999 -9999 -9999 -9999 -9999 -9999 -9999 -9999 -9999 -9999 -9999 -9999 -9999 -9999 -9999 -9999 -9999
19.733022 19.677387 19.600605 19.625301 19.677712 19.747109 19.809732 19.885839 19.961888 20.037926 20.060301 20.07189 20.073615 20.075206 20.073987 20.072153 20.07032 20.069609 20.069057 20.068505 20.067953 20.066542 20.063291 20.06004 20.056789 20.053538 20.051276 20.049326 20.047377 20.045427 20.044274 20.046265 20.048255 20.047286 20.051881 20.049008 20.046135 -9999 -9999 -9999 -9999 -9999 -9999 -9999 -9999 -9999 -9999 -9999 -9999 -9999 -9999 -9999 -9999 -9999 -9999 -9999 -9999 -9999 -9999 -9999 -9999 -9999 -9999 -9999
19.567266 19.511631 19.511524 19.567178 19.619176 19.687609 19.757006 19.834272 19.909029 19.985067 20.061105 20.073615 20.062472 20.062462 20.071539 20.07032 20.069609 20.069057 20.068505 20.067953 20.066542 20.063291 20.06004 20.056789 20.053538 20.051276 20.049326 20.047377 20.045427 20.044274 20.046265 20.048255 20.050246 20.052237 20.047761 20.052826 20.049953 20.04708 -9999 -9999 -9999 -9999 -9999 -9999 -9999 -9999 -9999 -9999 -9999 -9999 -9999 -9999 -9999 -9999 -9999 -9999 -9999 -9999 -9999 -9999 -9999 -9999 -9999 -9999
19.401511 19.400655 19.444643 19.5054 19.561054 19.628109 19.712792 19.797601 19.874991 19.949521 20.021334 20.058358 20.051329 20.049718 20.058794 20.068994 20.069057 20.068505 20.067953 20.066542 20.063291 20.06004 20.056789 20.053538 20.051276 20.049326 20.047377 20.045427 20.044274 20.046265 20.048255 20.050246 20.052237 20.050768 20.047389 20.051743 20.05377 20.050897 20.048024 -9999 -9999 -9999 -9999 -9999 -9999 -9999 -9999 -9999 -9999 -9999 -9999 -9999 -9999 -9999 -9999 -9999 -9999 -9999 -9999 -9999 -9999 -9999 -9999 -9999
19.31642 19.334522 19.37851 19.437889 19.499276 19.581649 19.667856 19.753511 19.838319 19.912994 19.981266 20.022632 20.036072 20.036973 20.047173 20.057532 20.06789 20.067953 20.066542 20.063291 20.06004 20.056789 20.053538 20.051276 20.049326 20.047377 20.045427 20.044274 20.046265 20.048255 20.050246 20.052237 20.050768 20.047389 20.044009 20.040629 20.049619 20.053001 20.051841 20.048968 -9999 -9999 -9999 -9999 -9999 -9999 -9999 -9999 -9999 -9999 -9999 -9999 -9999 -9999 -9999 -9999 -9999 -9999 -9999 -9999 -9999 -9999 -9999 -9999
19.312938 19.290227 19.312377 19.370378 19.446934 19.523613 19.60611 19.692316 19.797624 19.881162 19.941198 19.986906 20.000346 20.023638 20.036301 20.046547 20.056792 20.066445 20.063291 20.06004 20.056789 20.053538 20.051276 20.049326 20.047377 20.045427 20.044274 20.046265 20.048255 20.050246 20.052237 20.050768 20.047389 20.044009 20.040629 20.038688 20.051997 20.04286 20.049102 20.052786 20.049913 -9999 -9999 -9999 -9999 -9999 -9999 -9999 -9999 -9999 -9999 -9999 -9999 -9999 -9999 -9999 -9999 -9999 -9999 -9999 -9999 -9999 -9999 -9999
19.309457 19.267735 19.268082 19.305601 19.387544 19.469487 19.548074 19.649672 19.779893 19.870681 19.909365 19.95118 19.974472 19.999159 20.023846 20.036509 20.047971 20.061469 20.059943 20.056789 20.053538 20.051276 20.049326 20.047377 20.045427 20.044274 20.046265 20.048255 20.050246 20.052237 20.050768 20.047389 20.044009 20.040629 20.038688 20.051997 20.065305 20.078614 20.055515 20.052713 20.05373 20.050857 -9999 -9999 -9999 -9999 -9999 -9999 -9999 -9999 -9999 -9999 -9999 -9999 -9999 -9999 -9999 -9999 -9999 -9999 -9999 -9999 -9999 -9999
19.305976 19.245243 19.238353 19.231403 19.268863 19.350806 19.475754 19.63286 19.762162 19.8602 19.898884 19.883393 19.9007 19.933617 19.966535 20.023873 20.04176 20.055832 20.054967 20.053441 20.051276 20.049326 20.047377 20.045427 20.044274 20.046265 20.048255 20.050246 20.052237 20.050768 20.047389 20.044009 20.040629 20.038688 20.051997 20.065305 20.078614 20.091923 20.094216 20.082132 20.050762 20.054675 20.051802 -9999 -9999 -9999 -9999 -9999 -9999 -9999 -9999 -9999 -9999 -9999 -9999 -9999 -9999 -9999 -9999 -9999 -9999 -9999 -9999 -9999
19.251458 19.220741 19.212116 19.20349 19.194864 19.27513 19.45617 19.617488 19.74535 19.849719 19.834227 19.811067 19.787908 19.805215 19.867517 19.992824 20.031733 20.049621 20.049991 20.050573 20.049326 20.047377 20.045427 20.044274 20.046265 20.048255 20.050246 20.052237 20.050768 20.047389 20.044009 20.040629 20.038688 20.051997 20.065305 20.078614 20.091923 20.094216 20.086672 20.079129 20.083936 20.049064 20.054817 20.052746 -9999 -9999 -9999 -9999 -9999 -9999 -9999 -9999 -9999 -9999 -9999 -9999 -9999 -9999 -9999 -9999 -9999 -9999 -9999 -9999
19.276311 19.2332 19.20349 19.194864 19.225015 19.305744 19.436587 19.602116 19.729979 19.724833 19.706382 19.691453 19.676524 19.719147 19.831504 19.956812 20.002725 20.039594 20.047122 20.04837 20.047377 20.045427 20.044274 20.046265 20.048255 20.050246 20.052237 20.050768 20.047389 20.044009 20.040629 20.038688 20.051997 20.065305 20.078614 20.091923 20.094216 20.086672 20.079129 20.071585 20.064042 20.068849 20.075681 20.053683 20.053691 -9999 -9999 -9999 -9999 -9999 -9999 -9999 -9999 -9999 -9999 -9999 -9999 -9999 -9999 -9999 -9999 -9999 -9999 -9999
19.287617 19.249568 19.211519 19.225015 19.305744 19.386472 19.467201 19.586745 19.581599 19.557627 19.533655 19.515204 19.557828 19.723852 19.808776 19.920799 19.973717 20.026872 20.044763 20.046167 20.045427 20.044274 20.046265 20.048255 20.050246 20.052237 20.050768 20.047389 20.044009 20.040629 20.038688 20.051997 20.065305 20.078614 20.091923 20.094216 20.086672 20.079129 20.071585 20.064042 20.060146 20.056362 20.058336 20.07098 20.051905 20.054635 -9999 -9999 -9999 -9999 -9999 -9999 -9999 -9999 -9999 -9999 -9999 -9999 -9999 -9999 -9999 -9999 -9999 -9999
19.249568 19.211519 19.225015 19.305744 19.386472 19.467201 19.54793 19.565151 19.548372 19.506541 19.46471 19.424886 19.562532 19.728557 19.820485 19.898071 19.960995 20.01929 20.041625 20.043807 20.044274 20.046265 20.048255 20.050246 20.052237 20.050768 20.047389 20.044009 20.040629 20.038688 20.051997 20.065305 20.078614 20.091923 20.094216 20.086672 20.079129 20.071585 20.064042 20.060146 20.056362 20.052578 20.048794 20.050768 20.058527 20.06923 20.05558 -9999 -9999 -9999 -9999 -9999 -9999 -9999 -9999 -9999 -9999 -9999 -9999 -9999 -9999 -9999 -9999 -9999
19.23236 19.225015 19.305744 19.386472 19.467201 19.54793 19.565151 19.573384 19.581616 19.564837 19.525014 19.489494 19.585819 19.733262 19.832194 19.876216 19.9453 20.011708 20.038488 20.041169 20.045819 20.048255 20.050246 20.052237 20.050768 20.047389 20.044009 20.040629 20.038688 20.051997 20.065305 20.078614 20.091923 20.094216 20.086672 20.079129 20.071585 20.064042 20.060146 20.056362 20.052578 20.048794 20.045626 20.043335 20.045056 20.050959 20.058718 20.056524 -9999 -9999 -9999 -9999 -9999 -9999 -9999 -9999 -9999 -9999 -9999 -9999 -9999 -9999 -9999 -9999
19.239385 19.306203 19.386472 19.467201 19.54793 19.565151 19.573384 19.581616 19.589849 19.599653 19.589622 19.554103 19.638245 19.756549 19.810339 19.843768 19.908574 19.996014 20.035849 20.0405 20.04515 20.049801 20.052237 20.050768 20.047389 20.044009 20.040629 20.038688 20.051997 20.065305 20.078614 20.091923 20.094216 20.086672 20.079129 20.071585 20.064042 20.060146 20.056362 20.052578 20.048794 20.045626 20.043335 20.041044 20.038753 20.040474 20.046227 20.051979 20.060156 -9999 -9999 -9999 -9999 -9999 -9999 -9999 -9999 -9999 -9999 -9999 -9999 -9999 -9999 -9999
19.322191 19.387568 19.46766 19.54793 19.565151 19.573384 19.581616 19.589849 19.599653 19.612826 19.628374 19.618711 19.690671 19.725561 19.766542 19.811319 19.871847 19.955023 20.021367 20.042909 20.047169 20.05143 20.050768 20.047389 20.044009 20.040629 20.038688 20.051997 20.065305 20.078614 20.091923 20.094216 20.086672 20.079129 20.071585 20.064042 20.060146 20.056362 20.052578 20.048794 20.045626 20.043335 20.041044 20.038753 20.036462 20.040035 20.044607 20.049179 20.053751 20.059065 -9999 -9999 -9999 -9999 -9999 -9999 -9999 -9999 -9999 -9999 -9999 -9999 -9999 -9999
