test/data/Reference_scenario/processor_outputs/debug/OUTPUT_T_90_0_12h.tif
NCOLS 132
NROWS 132
XLLCORNER 352310.43
YLLCORNER 6689219.5
DX 17.797726
DY 17.797726
NODATA_VALUE -9999
[rows 58 to 86 of 132, columns 64 to 127 of 132]
29.85316 29.85316 29.85316 29.85316 29.85316 29.85316 29.85316 29.849724 29.813429 29.777134 29.749033 29.724254 29.699468 29.678871 29.678665 29.678665 29.678665 29.678665 29.678665 29.678665 29.678665 29.678665 29.678665 29.678665 29.678665 29.678665 29.678665 29.678665 29.678665 29.678665 29.678665 29.678665 29.678665 29.678665 29.678665 29.678665 29.678665 29.678665 29.678665 29.678665 29.678665 29.678665 29.678665 29.678665 29.678665 29.678665 29.678665 29.678665 -9999 -9999 -9999 -9999 -9999 -9999 -9999 -9999 -9999 -9999 -9999 -9999 -9999 -9999 -9999 -9999
29.757703 29.757703 29.757703 29.757703 29.757703 29.757703 29.757703 29.754266 29.717972 29.689828 29.682767 29.657988 29.637359 29.635201 29.634994 29.634994 29.634994 29.634994 29.634994 29.634994 29.634994 29.634994 29.634994 29.634994 29.634994 29.634994 29.634994 29.634994 29.634994 29.634994 29.634994 29.634994 29.634994 29.634994 29.634994 29.634994 29.634994 29.634994 29.634994 29.634994 29.634994 29.634994 29.634994 29.634994 29.634994 29.634994 29.634994 29.634994 -9999 -9999 -9999 -9999 -9999 -9999 -9999 -9999 -9999 -9999 -9999 -9999 -9999 -9999 -9999 -9999
29.662245 29.662245 29.662245 29.662245 29.662245 29.662245 29.662245 29.658809 29.630624 29.623562 29.6165 29.595846 29.593688 29.59153 29.591324 29.591324 29.591324 29.591324 29.591324 29.591324 29.591324 29.591324 29.591324 29.591324 29.591324 29.591324 29.591324 29.591324 29.591324 29.591324 29.591324 29.591324 29.591324 29.591324 29.591324 29.591324 29.591324 29.591324 29.591324 29.591324 29.591324 29.591324 29.591324 29.591324 29.591324 29.591324 29.591324 29.591324 -9999 -9999 -9999 -9999 -9999 -9999 -9999 -9999 -9999 -9999 -9999 -9999 -9999 -9999 -9999 -9999
29.566554 29.566554 29.566554 29.566554 29.566554 29.566554 29.566554 29.565886 29.558824 29.551762 29.553278 29.551139 29.54898 29.547708 29.548489 29.548489 29.548489 29.548489 29.548489 29.548489 29.548489 29.548489 29.548489 29.548489 29.548489 29.548489 29.548489 29.548489 29.548489 29.548489 29.548489 29.548489 29.548489 29.548489 29.548489 29.548489 29.548489 29.548489 29.548489 29.548489 29.548489 29.548489 29.548489 29.548489 29.548489 29.548489 29.548489 29.548489 -9999 -9999 -9999 -9999 -9999 -9999 -9999 -9999 -9999 -9999 -9999 -9999 -9999 -9999 -9999 -9999
29.469809 29.469809 29.469809 29.469809 29.469809 29.469809 29.469809 29.46914 29.462079 29.463526 29.503893 29.501754 29.500467 29.50864 29.509421 29.509421 29.509421 29.509421 29.509421 29.509421 29.509421 29.509421 29.509421 29.509421 29.509421 29.509421 29.509421 29.509421 29.509421 29.509421 29.509421 29.509421 29.509421 29.509421 29.509421 29.509421 29.509421 29.509421 29.509421 29.509421 29.509421 29.509421 29.509421 29.509421 29.509421 29.509421 29.509421 29.509421 -9999 -9999 -9999 -9999 -9999 -9999 -9999 -9999 -9999 -9999 -9999 -9999 -9999 -9999 -9999 -9999
29.373064 29.373064 29.373064 29.373064 29.373064 29.373064 29.373064 29.372395 29.373774 29.414141 29.454509 29.453226 29.461399 29.469572 29.470353 29.470353 29.470353 29.470353 29.470353 29.470353 29.470353 29.470353 29.470353 29.470353 29.470353 29.470353 29.470353 29.470353 29.470353 29.470353 29.470353 29.470353 29.470353 29.470353 29.470353 29.470353 29.470353 29.470353 29.470353 29.470353 29.470353 29.470353 29.470353 29.470353 29.470353 29.470353 29.470353 29.470353 -9999 -9999 -9999 -9999 -9999 -9999 -9999 -9999 -9999 -9999 -9999 -9999 -9999 -9999 -9999 -9999
29.288879 29.288879 29.288879 29.288879 29.288879 29.288879 29.288879 29.292701 29.333069 29.373436 29.416438 29.424641 29.432814 29.440987 29.44128 29.44128 29.44128 29.44128 29.44128 29.44128 29.44128 29.44128 29.44128 29.44128 29.44128 29.44128 29.44128 29.44128 29.44128 29.44128 29.44128 29.44128 29.44128 29.44128 29.44128 29.44128 29.44128 29.44128 29.44128 29.44128 29.44128 29.44128 29.44128 29.44128 29.44128 29.44128 29.44128 29.44128 -9999 -9999 -9999 -9999 -9999 -9999 -9999 -9999 -9999 -9999 -9999 -9999 -9999 -9999 -9999 -9999
29.345391 29.345391 29.345391 29.345391 29.345391 29.345391 29.345391 29.349213 29.389581 29.432536 29.505274 29.513476 29.521649 29.523947 29.524158 29.524158 29.524158 29.524158 29.524158 29.524158 29.524158 29.524158 29.524158 29.524158 29.524158 29.524158 29.524158 29.524158 29.524158 29.524158 29.524158 29.524158 29.524158 29.524158 29.524158 29.524158 29.524158 29.524158 29.524158 29.524158 29.524158 29.524158 29.524158 29.524158 29.524158 29.524158 29.524158 29.524158 -9999 -9999 -9999 -9999 -9999 -9999 -9999 -9999 -9999 -9999 -9999 -9999 -9999 -9999 -9999 -9999
29.401903 29.401903 29.401903 29.401903 29.401903 29.401903 29.401903 29.405725 29.448634 29.521371 29.594109 29.602311 29.604618 29.606825 29.607036 29.607036 29.607036 29.607036 29.607036 29.607036 29.607036 29.607036 29.607036 29.607036 29.607036 29.607036 29.607036 29.607036 29.607036 29.607036 29.607036 29.607036 29.607036 29.607036 29.607036 29.607036 29.607036 29.607036 29.607036 29.607036 29.607036 29.607036 29.607036 29.607036 29.607036 29.607036 29.607036 29.607036 -9999 -9999 -9999 -9999 -9999 -9999 -9999 -9999 -9999 -9999 -9999 -9999 -9999 -9999 -9999 -9999
29.458415 29.458415 29.458415 29.458415 29.458415 29.458415 29.458415 29.464732 29.537469 29.610207 29.682945 29.685289 29.687496 29.689703 29.689914 29.689914 29.689914 29.689914 29.689914 29.689914 29.689914 29.689914 29.689914 29.689914 29.689914 29.689914 29.689914 29.689914 29.689914 29.689914 29.689914 29.689914 29.689914 29.689914 29.689914 29.689914 29.689914 29.689914 29.689914 29.689914 29.689914 29.689914 29.689914 29.689914 29.689914 29.689914 29.689914 29.689914 -9999 -9999 -9999 -9999 -9999 -9999 -9999 -9999 -9999 -9999 -9999 -9999 -9999 -9999 -9999 -9999
29.631833 29.631833 29.631833 29.631833 29.631833 29.631833 29.631833 29.638719 29.711457 29.784195 29.785613 29.787819 29.790026 29.790279 29.790279 29.790279 29.836386 29.847513 29.847513 29.765391 29.731623 29.731623 29.731623 29.731623 29.731623 29.731623 29.731623 29.731623 29.731623 29.731623 29.731623 29.731623 29.731623 29.731623 29.731623 29.731623 29.731623 29.731623 29.731623 29.731623 29.731623 29.731623 29.731623 29.731623 29.731623 29.731623 29.731623 29.731623 -9999 -9999 -9999 -9999 -9999 -9999 -9999 -9999 -9999 -9999 -9999 -9999 -9999 -9999 -9999 -9999
29.807348 29.807348 29.807348 29.807348 29.807348 29.807348 29.807348 29.814235 29.886973 29.888495 29.888495 29.890701 29.890958 29.890958 29.890958 29.936981 29.995326 30.006453 29.924502 29.806362 29.772593 29.772593 29.772593 29.772593 29.772593 29.772593 29.772593 29.772593 29.772593 29.772593 29.772593 29.772593 29.772593 29.772593 29.772593 29.772593 29.772593 29.772593 29.772593 29.772593 29.772593 29.772593 29.772593 29.772593 29.772593 29.772593 29.772593 29.772593 -9999 -9999 -9999 -9999 -9999 -9999 -9999 -9999 -9999 -9999 -9999 -9999 -9999 -9999 -9999 -9999
29.982864 29.982864 29.982864 29.982864 29.982864 29.982864 29.982864 29.989751 29.991378 29.991378 29.991378 29.991637 29.991637 29.991637 30.037576 30.095921 30.154266 30.083612 29.965472 29.847332 29.813563 29.813563 29.813563 29.813563 29.813563 29.813563 29.813563 29.813563 29.813563 29.813563 29.813563 29.813563 29.813563 29.813563 29.813563 29.813563 29.813563 29.813563 29.813563 29.813563 29.813563 29.813563 29.813563 29.813563 29.813563 29.813563 29.813563 29.813563 -9999 -9999 -9999 -9999 -9999 -9999 -9999 -9999 -9999 -9999 -9999 -9999 -9999 -9999 -9999 -9999
30.010323 29.999869 29.999869 29.999869 29.999869 29.999869 29.999869 29.999869 29.999869 29.999869 29.999869 29.999869 29.999869 29.978614 30.028798 30.087143 30.082204 29.980251 29.862111 29.814344 29.814344 29.814344 29.814344 29.814344 29.814344 29.814344 29.814344 29.814344 29.814344 29.814344 29.814344 29.814344 29.814344 29.814344 29.814344 29.814344 29.814344 29.814344 29.814344 29.814344 29.814344 29.814344 29.814344 29.814344 29.814344 29.814344 29.814344 29.814344 -9999 -9999 -9999 -9999 -9999 -9999 -9999 -9999 -9999 -9999 -9999 -9999 -9999 -9999 -9999 -9999
30.00628 29.995827 29.995827 29.995827 29.995827 29.995827 29.995827 29.995827 29.995827 29.995827 29.995827 29.995827 29.974611 29.947566 29.997749 29.992943 29.959679 29.857726 29.809789 29.809789 29.809789 29.809789 29.809789 29.809789 29.809789 29.809789 29.809789 29.809789 29.809789 29.809789 29.809789 29.809789 29.809789 29.809789 29.809789 29.809789 29.809789 29.809789 29.809789 29.809789 29.809789 29.809789 29.809789 29.809789 29.809789 29.809789 29.809789 29.809789 -9999 -9999 -9999 -9999 -9999 -9999 -9999 -9999 -9999 -9999 -9999 -9999 -9999 -9999 -9999 -9999
30.002238 29.991784 29.991784 29.991784 29.991784 29.991784 29.991784 29.991784 29.991784 29.991784 29.991784 29.970607 29.943562 29.916518 29.903681 29.870417 29.837153 29.805233 29.805233 29.805233 29.805233 29.805233 29.805233 29.805233 29.805233 29.805233 29.805233 29.805233 29.805233 29.805233 29.805233 29.805233 29.805233 29.805233 29.805233 29.805233 29.805233 29.805233 29.805233 29.805233 29.805233 29.805233 29.805233 29.805233 29.805233 29.805233 29.805233 29.805233 -9999 -9999 -9999 -9999 -9999 -9999 -9999 -9999 -9999 -9999 -9999 -9999 -9999 -9999 -9999 -9999
30.116045 30.069396 30.069396 30.069396 29.910277 29.910277 29.910277 29.910277 29.910277 29.910277 29.910686 29.883654 29.856609 29.9712 29.958251 29.924987 29.911394 29.911394 29.911394 29.911394 29.911394 29.911394 29.911394 29.911394 29.911394 29.911394 29.911394 29.911394 29.911394 29.911394 29.911394 29.911394 29.911394 29.911394 29.911394 29.911394 29.911394 29.911394 29.911394 29.911394 29.911394 29.911394 29.911394 29.911394 29.911394 29.911394 29.911394 29.911394 -9999 -9999 -9999 -9999 -9999 -9999 -9999 -9999 -9999 -9999 -9999 -9999 -9999 -9999 -9999 -9999
30.21626 30.169611 30.169611 29.972168 29.807327 29.807327 29.807327 29.807327 29.807327 29.807734 29.808257 29.781225 29.895519 30.074794 30.061845 30.048204 30.048204 30.048204 30.048204 30.048204 30.048204 30.048204 30.048204 30.048204 30.048204 30.048204 30.048204 30.048204 30.048204 30.048204 30.048204 30.048204 30.048204 30.048204 30.048204 30.048204 30.048204 30.048204 30.048204 30.048204 30.048204 30.048204 30.048204 30.048204 30.048204 30.048204 30.048204 30.048204 -9999 -9999 -9999 -9999 -9999 -9999 -9999 -9999 -9999 -9999 -9999 -9999 -9999 -9999 -9999 -9999
30.316475 30.269826 30.072676 29.869217 29.704376 29.704376 29.704376 29.704376 29.704783 29.705305 29.705828 29.819838 29.999113 30.178388 30.185014 30.185014 30.185014 30.185014 30.185014 30.185014 30.185014 30.185014 30.185014 30.185014 30.185014 30.185014 30.185014 30.185014 30.185014 30.185014 30.185014 30.185014 30.185014 30.185014 30.185014 30.185014 30.185014 30.185014 30.185014 30.185014 30.185014 30.185014 30.185014 30.185014 30.185014 30.185014 30.185014 30.185014 -9999 -9999 -9999 -9999 -9999 -9999 -9999 -9999 -9999 -9999 -9999 -9999 -9999 -9999 -9999 -9999
30.23676 30.176672 29.973213 29.769755 29.743799 29.743799 29.743799 29.743848 29.744371 29.744893 29.745059 29.924253 30.103528 30.177562 30.177562 30.177562 30.177562 30.177562 30.177562 30.177562 30.177562 30.177562 30.177562 30.177562 30.177562 30.177562 30.177562 30.177562 30.177562 30.177562 30.177562 30.177562 30.177562 30.177562 30.177562 30.177562 30.177562 30.177562 30.177562 30.177562 30.177562 30.177562 30.177562 30.177562 30.177562 30.177562 30.177562 30.177562 -9999 -9999 -9999 -9999 -9999 -9999 -9999 -9999 -9999 -9999 -9999 -9999 -9999 -9999 -9999 -9999
30.136796 30.078824 29.875365 29.849116 29.849116 29.849116 29.849116 29.849166 29.849688 29.849855 29.849855 30.029049 30.103341 30.103341 30.103341 30.103341 30.103341 30.103341 30.103341 30.103341 30.103341 30.103341 30.103341 30.103341 30.103341 30.103341 30.103341 30.103341 30.103341 30.103341 30.103341 30.103341 30.103341 30.103341 30.103341 30.103341 30.103341 30.103341 30.103341 30.103341 30.103341 30.103341 30.103341 30.103341 30.103341 30.103341 30.103341 30.103341 -9999 -9999 -9999 -9999 -9999 -9999 -9999 -9999 -9999 -9999 -9999 -9999 -9999 -9999 -9999 -9999
30.038948 29.980976 29.954434 29.954434 29.954434 29.954434 29.954434 29.954484 29.954651 29.954651 29.954651 30.029119 30.029119 30.029119 30.029119 30.029119 30.029119 30.029119 30.029119 30.029119 30.029119 30.029119 30.029119 30.029119 30.029119 30.029119 30.029119 30.029119 30.029119 30.029119 30.029119 30.029119 30.029119 30.029119 30.029119 30.029119 30.029119 30.029119 30.029119 30.029119 30.029119 30.029119 30.029119 30.029119 30.029119 30.029119 30.029119 30.029119 -9999 -9999 -9999 -9999 -9999 -9999 -9999 -9999 -9999 -9999 -9999 -9999 -9999 -9999 -9999 -9999
29.979989 29.979989 29.979989 29.979989 29.979989 29.979989 29.979989 29.979989 29.979989 29.979989 29.979989 29.979989 29.979989 29.979989 29.979989 29.979989 29.979989 29.979989 29.979989 29.979989 29.979989 29.979989 29.979989 29.979989 29.979989 29.979989 29.979989 29.979989 29.979989 29.979989 29.979989 29.979989 29.979989 29.979989 29.979989 29.979989 29.979989 29.979989 29.979989 29.979989 29.979989 29.979989 29.979989 29.979989 29.979989 29.979989 29.979989 29.979989 -9999 -9999 -9999 -9999 -9999 -9999 -9999 -9999 -9999 -9999 -9999 -9999 -9999 -9999 -9999 -9999
29.94873 29.94873 29.94873 29.94873 29.94873 29.94873 29.94873 29.94873 29.94873 29.94873 29.94873 29.94873 29.94873 29.94873 29.94873 29.94873 29.94873 29.94873 29.94873 29.94873 29.94873 29.94873 29.94873 29.94873 29.94873 29.94873 29.94873 29.94873 29.94873 29.94873 29.94873 29.94873 29.94873 29.94873 29.94873 29.94873 29.94873 29.94873 29.94873 29.94873 29.94873 29.94873 29.94873 29.94873 29.94873 29.94873 29.94873 29.94873 -9999 -9999 -9999 -9999 -9999 -9999 -9999 -9999 -9999 -9999 -9999 -9999 -9999 -9999 -9999 -9999
29.917472 29.917472 29.917472 29.917472 29.917472 29.917472 29.917472 29.917472 29.917472 29.917472 29.917472 29.917472 29.917472 29.917472 29.917472 29.917472 29.917472 29.917472 29.917472 29.917472 29.917472 29.917472 29.917472 29.917472 29.917472 29.917472 29.917472 29.917472 29.917472 29.917472 29.917472 29.917472 29.917472 29.917472 29.917472 29.917472 29.917472 29.917472 29.917472 29.917472 29.917472 29.917472 29.917472 29.917472 29.917472 29.917472 29.917472 29.917472 -9999 -9999 -9999 -9999 -9999 -9999 -9999 -9999 -9999 -9999 -9999 -9999 -9999 -9999 -9999 -9999
29.982411 29.982411 29.982411 29.982411 29.982411 29.982411 29.982411 29.982411 29.982411 29.982411 29.982411 29.982411 29.982411 29.982411 29.982411 29.982411 29.982411 29.982411 29.982411 29.982411 29.982411 29.982411 29.982411 29.982411 29.982411 29.982411 29.982411 29.982411 29.982411 29.982411 29.982411 29.982411 29.982411 29.982411 29.982411 29.982411 29.982411 29.982411 29.982411 29.982411 29.982411 29.982411 29.982411 29.982411 29.982411 29.982411 29.982411 29.982411 -9999 -9999 -9999 -9999 -9999 -9999 -9999 -9999 -9999 -9999 -9999 -9999 -9999 -9999 -9999 -9999
30.149734 30.149734 30.149734 30.149734 30.149734 30.149734 30.149734 30.149734 30.149734 30.149734 30.149734 30.149734 30.149734 30.149734 30.149734 30.149734 30.149734 30.149734 30.149734 30.149734 30.149734 30.149734 30.149734 30.149734 30.149734 30.149734 30.149734 30.149734 30.149734 30.149734 30.149734 30.149734 30.149734 30.149734 30.149734 30.149734 30.149734 30.149734 30.149734 30.149734 30.149734 30.149734 30.149734 30.149734 30.149734 30.149734 30.149734 30.149734 -9999 -9999 -9999 -9999 -9999 -9999 -9999 -9999 -9999 -9999 -9999 -9999 -9999 -9999 -9999 -9999
30.317057 30.317057 30.317057 30.317057 30.317057 30.317057 30.317057 30.317057 30.317057 30.317057 30.317057 30.317057 30.317057 30.317057 30.317057 30.317057 30.317057 30.317057 30.317057 30.317057 30.317057 30.317057 30.317057 30.317057 30.317057 30.317057 30.317057 30.317057 30.317057 30.317057 30.317057 30.317057 30.317057 30.317057 30.317057 30.317057 30.317057 30.317057 30.317057 30.317057 30.317057 30.317057 30.317057 30.317057 30.317057 30.317057 30.317057 30.317057 -9999 -9999 -9999 -9999 -9999 -9999 -9999 -9999 -9999 -9999 -9999 -9999 -9999 -9999 -9999 -9999
30.398564 30.398564 30.398564 30.398564 30.398564 30.398564 30.398564 30.398564 30.398564 30.398564 30.398564 30.398564 30.398564 30.398564 30.398564 30.398564 30.398564 30.398564 30.398564 30.398564 30.398564 30.398564 30.398564 30.398564 30.398564 30.398564 30.398564 30.398564 30.398564 30.398564 30.398564 30.398564 30.398564 30.398564 30.398564 30.398564 30.398564 30.398564 30.398564 30.398564 30.398564 30.398564 30.398564 30.398564 30.398564 30.398564 30.398564 30.398564 -9999 -9999 -9999 -9999 -9999 -9999 -9999 -9999 -9999 -9999 -9999 -9999 -9999 -9999 -9999 -9999
