test/data/Reference_scenario/processor_outputs/debug/OUTPUT_T_270_0_12h.tif
NCOLS 132
NROWS 132
XLLCORNER 352310.43
YLLCORNER 6689219.5
DX 17.797726
DY 17.797726
NODATA_VALUE -9999
[rows 56 to 83 of 132, columns 0 to 63 of 132]
-9999 -9999 -9999 -9999 -9999 -9999 -9999 -9999 -9999 -9999 -9999 -9999 -9999 -9999 -9999 -9999 -9999 -9999 -9999 -9999 -9999 -9999 22.551264 22.551264 22.551264 22.551264 22.551264 22.551264 22.551264 22.551264 22.551264 22.551264 22.551264 22.551264 22.551264 22.551264 22.551264 22.551264 22.551264 22.551264 22.551264 22.551264 22.551264 22.551264 22.551264 22.551264 22.551264 22.551264 22.551264 22.551264 22.551264 22.551264 22.551264 22.551264 22.551264 22.551264 22.59051 22.662371 23.075309 23.29723 23.325244 23.340659 23.349241 23.349241
-9999 -9999 -9999 -9999 -9999 -9999 -9999 -9999 -9999 -9999 -9999 -9999 -9999 -9999 -9999 -9999 -9999 -9999 -9999 -9999 -9999 -9999 22.47146 22.47146 22.47146 22.47146 22.47146 22.47146 22.47146 22.47146 22.47146 22.47146 22.47146 22.47146 22.47146 22.47146 22.47146 22.47146 22.47146 22.47146 22.47146 22.47146 22.47146 22.47146 22.47146 22.47146 22.47146 22.47146 22.47146 22.47146 22.47146 22.47146 22.47146 22.47146 22.47146 22.47146 22.515704 22.928642 23.341579 23.563501 23.578935 23.593265 23.601848 23.601848
-9999 -9999 -9999 -9999 -9999 -9999 -9999 -9999 -9999 -9999 -9999 -9999 -9999 -9999 -9999 -9999 -9999 -9999 -9999 -9999 -9999 -9999 22.482634 22.482634 22.482634 22.482634 22.482634 22.482634 22.482634 22.482634 22.482634 22.482634 22.482634 22.482634 22.482634 22.482634 22.482634 22.482634 22.482634 22.482634 22.482634 22.482634 22.482634 22.482634 22.482634 22.482634 22.482634 22.482634 22.482634 22.482634 22.482634 22.482634 22.482634 22.482634 22.482634 22.482066 22.708397 23.121335 23.534272 23.590523 23.604853 23.619184 23.621724 23.621724
-9999 -9999 -9999 -9999 -9999 -9999 -9999 -9999 -9999 -9999 -9999 -9999 -9999 -9999 -9999 -9999 -9999 -9999 -9999 -9999 -9999 -9999 22.618305 22.618305 22.618305 22.618305 22.618305 22.618305 22.618305 22.618305 22.618305 22.618305 22.618305 22.618305 22.618305 22.618305 22.618305 22.618305 22.618305 22.618305 22.618305 22.618305 22.618305 22.618305 22.618305 22.618305 22.618305 22.618305 22.618305 22.618305 22.618305 22.618305 22.618305 22.618305 22.6178 22.574071 22.800401 23.213339 23.280932 23.306226 23.320556 23.323117 23.323117 23.323117
-9999 -9999 -9999 -9999 -9999 -9999 -9999 -9999 -9999 -9999 -9999 -9999 -9999 -9999 -9999 -9999 -9999 -9999 -9999 -9999 -9999 -9999 22.753977 22.753977 22.753977 22.753977 22.753977 22.753977 22.753977 22.753977 22.753977 22.753977 22.753977 22.753977 22.753977 22.753977 22.753977 22.753977 22.753977 22.753977 22.753977 22.753977 22.753977 22.753977 22.753977 22.753977 22.753977 22.753977 22.753977 22.753977 22.753977 22.753977 22.753977 22.753535 22.709805 22.666075 22.892406 22.960541 22.996635 23.021928 23.02451 23.02451 23.02451 23.02451
-9999 -9999 -9999 -9999 -9999 -9999 -9999 -9999 -9999 -9999 -9999 -9999 -9999 -9999 -9999 -9999 -9999 -9999 -9999 -9999 -9999 -9999 22.907782 22.907782 22.907782 22.907782 22.907782 22.907782 22.907782 22.907782 22.907782 22.907782 22.907782 22.907782 22.907782 22.907782 22.907782 22.907782 22.907782 22.907782 22.907782 22.907782 22.907782 22.907782 22.907782 22.907782 22.907782 22.907782 22.907782 22.907782 22.907782 22.907782 22.907782 22.877761 22.834032 22.790302 22.700468 22.736562 22.772655 22.779548 22.779548 22.779548 22.779548 22.779548
-9999 -9999 -9999 -9999 -9999 -9999 -9999 -9999 -9999 -9999 -9999 -9999 -9999 -9999 -9999 -9999 -9999 -9999 -9999 -9999 -9999 -9999 23.099662 23.099662 23.099662 23.099662 23.099662 23.099662 23.099662 23.099662 23.099662 23.099662 23.099662 23.099662 23.099662 23.099662 23.099662 23.099662 23.099662 23.099662 23.099662 23.099662 23.099662 23.099662 23.099662 23.099662 23.099662 23.099662 23.099662 23.099662 23.099662 23.099662 23.099662 23.069641 23.025911 22.718007 22.60313 22.639223 22.646689 22.647219 22.647219 22.647219 22.647219 22.647219
-9999 -9999 -9999 -9999 -9999 -9999 -9999 -9999 -9999 -9999 -9999 -9999 -9999 -9999 -9999 -9999 -9999 -9999 -9999 -9999 -9999 -9999 23.291541 23.291541 23.291541 23.291541 23.291541 23.291541 23.291541 23.291541 23.291541 23.291541 23.291541 23.291541 23.291541 23.291541 23.291541 23.291541 23.291541 23.291541 23.291541 23.291541 23.291541 23.291541 23.291541 23.291541 23.291541 23.291541 23.291541 23.291541 23.291541 23.291541 23.291541 23.261521 22.954033 22.620669 22.505792 22.513308 22.51436 22.51489 22.51489 22.51489 22.51489 22.51489
-9999 -9999 -9999 -9999 -9999 -9999 -9999 -9999 -9999 -9999 -9999 -9999 -9999 -9999 -9999 -9999 -9999 -9999 -9999 -9999 -9999 -9999 23.434238 23.434238 23.434238 23.434238 23.434238 23.434238 23.434238 23.434238 23.434238 23.434238 23.434238 23.434238 23.434238 23.434238 23.434238 23.434238 23.434238 23.434238 23.434238 23.434238 23.434238 23.434238 23.434238 23.434238 23.434238 23.434238 23.434238 23.434238 23.434238 23.434238 23.434238 23.143767 22.810403 22.477039 22.409337 22.410388 22.41144 22.411736 22.411736 22.411736 22.411736 22.411736
-9999 -9999 -9999 -9999 -9999 -9999 -9999 -9999 -9999 -9999 -9999 -9999 -9999 -9999 -9999 -9999 -9999 -9999 -9999 -9999 -9999 -9999 23.405606 23.405606 23.405606 23.405606 23.405606 23.405606 23.405606 23.405606 23.405606 23.405606 23.405606 23.405606 23.405606 23.405606 23.405606 23.405606 23.405606 23.405606 23.405606 23.405606 23.405606 23.405606 23.405606 23.405606 23.405606 23.405606 23.405606 23.405606 23.405606 23.405606 23.154464 22.838877 22.505513 22.419893 22.408867 22.409919 22.410216 22.410216 22.410216 22.410216 22.410216 22.410216
-9999 -9999 -9999 -9999 -9999 -9999 -9999 -9999 -9999 -9999 -9999 -9999 -9999 -9999 -9999 -9999 -9999 -9999 -9999 -9999 -9999 -9999 23.376973 23.376973 23.376973 23.376973 23.376973 23.376973 23.376973 23.376973 23.376973 23.376973 23.376973 23.376973 23.376973 23.376973 23.376973 23.376973 23.376973 23.376973 23.376973 23.376973 23.376973 23.376973 23.376973 23.376973 23.376973 23.376973 23.376973 23.376973 23.376973 23.126229 22.849573 22.533987 22.447928 22.419423 22.408398 22.408696 22.408696 22.408696 22.408696 22.408696 22.408696 22.408696
-9999 -9999 -9999 -9999 -9999 -9999 -9999 -9999 -9999 -9999 -9999 -9999 -9999 -9999 -9999 -9999 -9999 -9999 -9999 -9999 -9999 -9999 23.351641 23.351641 23.351641 23.351641 23.351641 23.351641 23.351641 23.351641 23.351641 23.351641 23.351641 23.351641 23.351641 23.351641 23.351641 23.351641 23.351641 23.351641 23.351641 23.351641 23.351641 23.351641 23.351641 23.351641 23.351641 23.351641 23.351641 23.351641 23.135399 22.858743 22.582087 22.471139 22.442634 22.414129 22.404352 22.404352 22.404352 22.404352 22.404352 22.404352 22.404352 22.404352
-9999 -9999 -9999 -9999 -9999 -9999 -9999 -9999 -9999 -9999 -9999 -9999 -9999 -9999 -9999 -9999 -9999 -9999 -9999 -9999 -9999 -9999 23.349742 23.349742 23.349742 23.349742 23.349742 23.349742 23.349742 23.349742 23.349742 23.349742 23.349742 23.349742 23.349742 23.349742 23.349742 23.349742 23.349742 23.349742 23.349742 23.349742 23.349742 23.349742 23.349742 23.349742 23.349742 23.349742 23.349742 23.349742 23.133499 22.856843 22.549707 22.431585 22.40308 22.385397 22.37995 22.37995 22.37995 22.37995 22.37995 22.37995 22.37995 22.37995
-9999 -9999 -9999 -9999 -9999 -9999 -9999 -9999 -9999 -9999 -9999 -9999 -9999 -9999 -9999 -9999 -9999 -9999 -9999 -9999 -9999 -9999 23.347842 23.347842 23.347842 23.347842 23.347842 23.347842 23.347842 23.347842 23.347842 23.347842 23.347842 23.347842 23.347842 23.347842 23.347842 23.347842 23.347842 23.347842 23.347842 23.347842 23.347842 23.347842 23.347842 23.347842 23.347842 23.347842 23.347842 23.347842 23.1316 22.824517 22.510153 22.392032 22.374327 22.360995 22.355548 22.355548 22.355548 22.355548 22.355548 22.355548 22.355548 22.355548
-9999 -9999 -9999 -9999 -9999 -9999 -9999 -9999 -9999 -9999 -9999 -9999 -9999 -9999 -9999 -9999 -9999 -9999 -9999 -9999 -9999 -9999 23.342475 23.342475 23.342475 23.342475 23.342475 23.342475 23.342475 23.342475 23.342475 23.342475 23.342475 23.342475 23.342475 23.342475 23.342475 23.342475 23.342475 23.342475 23.342475 23.342475 23.342475 23.342475 23.342475 23.342475 23.342475 23.342475 23.342475 23.342475 23.096758 22.782394 22.46803 22.367816 22.354484 22.341153 22.336023 22.336023 22.336023 22.336023 22.336023 22.336023 22.336023 22.336023
-9999 -9999 -9999 -9999 -9999 -9999 -9999 -9999 -9999 -9999 -9999 -9999 -9999 -9999 -9999 -9999 -9999 -9999 -9999 -9999 -9999 -9999 23.195251 23.195251 23.195251 23.195251 23.195251 23.195251 23.195251 23.195251 23.195251 23.195251 23.195251 23.195251 23.195251 23.195251 23.195251 23.195251 23.195251 23.195251 23.195251 23.195251 23.195251 23.195251 23.195251 23.195251 23.195251 23.195251 23.195251 23.195251 22.949535 22.63517 22.543656 22.534504 22.521172 22.516023 22.516023 22.516023 22.516023 22.516023 22.516023 22.516023 22.516023 22.516023
-9999 -9999 -9999 -9999 -9999 -9999 -9999 -9999 -9999 -9999 -9999 -9999 -9999 -9999 -9999 -9999 -9999 -9999 -9999 -9999 -9999 -9999 23.048027 23.048027 23.048027 23.048027 23.048027 23.048027 23.048027 23.048027 23.048027 23.048027 23.048027 23.048027 23.048027 23.048027 23.048027 23.048027 23.048027 23.048027 23.048027 23.048027 23.048027 23.048027 23.048027 23.048027 23.048027 23.048027 23.048027 23.048027 22.802311 22.710344 22.710344 22.701192 22.696023 22.696023 22.696023 22.696023 22.696023 22.696023 22.696023 22.696023 22.696023 22.707878
-9999 -9999 -9999 -9999 -9999 -9999 -9999 -9999 -9999 -9999 -9999 -9999 -9999 -9999 -9999 -9999 -9999 -9999 -9999 -9999 -9999 -9999 22.900803 22.900803 22.900803 22.900803 22.900803 22.900803 22.900803 22.900803 22.900803 22.900803 22.900803 22.900803 22.900803 22.900803 22.900803 22.900803 22.900803 22.900803 22.900803 22.900803 22.900803 22.900803 22.900803 22.900803 22.900803 22.900803 22.900803 22.900803 22.877031 22.877031 22.877031 22.876023 22.876023 22.876023 22.876023 22.876023 22.876023 22.876023 22.876023 22.876023 22.887826 22.924085
-9999 -9999 -9999 -9999 -9999 -9999 -9999 -9999 -9999 -9999 -9999 -9999 -9999 -9999 -9999 -9999 -9999 -9999 -9999 -9999 -9999 -9999 23.028999 23.028999 23.028999 23.028999 23.028999 23.028999 23.028999 23.028999 23.028999 23.028999 23.028999 23.028999 23.028999 23.028999 23.028999 23.028999 23.028999 23.028999 23.028999 23.028999 23.028999 23.028999 23.028999 23.028999 23.028999 23.028999 23.028999 23.028999 23.028999 23.028999 23.028999 23.028999 23.028999 23.028999 23.028999 23.028999 23.028999 23.028999 23.028999 23.028999 23.043543 23.079802
-9999 -9999 -9999 -9999 -9999 -9999 -9999 -9999 -9999 -9999 -9999 -9999 -9999 -9999 -9999 -9999 -9999 -9999 -9999 -9999 -9999 -9999 23.17976 23.17976 23.17976 23.17976 23.17976 23.17976 23.17976 23.17976 23.17976 23.17976 23.17976 23.17976 23.17976 23.17976 23.17976 23.17976 23.17976 23.17976 23.17976 23.17976 23.17976 23.17976 23.17976 23.17976 23.17976 23.17976 23.17976 23.17976 23.17976 23.17976 23.17976 23.17976 23.17976 23.17976 23.17976 23.17976 23.17976 23.17976 23.17976 23.17976 23.194304 23.222315
-9999 -9999 -9999 -9999 -9999 -9999 -9999 -9999 -9999 -9999 -9999 -9999 -9999 -9999 -9999 -9999 -9999 -9999 -9999 -9999 -9999 -9999 23.330522 23.330522 23.330522 23.330522 23.330522 23.330522 23.330522 23.330522 23.330522 23.330522 23.330522 23.330522 23.330522 23.330522 23.330522 23.330522 23.330522 23.330522 23.330522 23.330522 23.330522 23.330522 23.330522 23.330522 23.330522 23.330522 23.330522 23.330522 23.330522 23.330522 23.330522 23.330522 23.330522 23.330522 23.330522 23.330522 23.330522 23.330522 23.330522 23.330522 23.336869 23.336869
-9999 -9999 -9999 -9999 -9999 -9999 -9999 -9999 -9999 -9999 -9999 -9999 -9999 -9999 -9999 -9999 -9999 -9999 -9999 -9999 -9999 -9999 23.222536 23.222536 23.222536 23.222536 23.222536 23.222536 23.222536 23.222536 23.222536 23.222536 23.222536 23.222536 23.222536 23.222536 23.222536 23.222536 23.222536 23.222536 23.222536 23.222536 23.222536 23.222536 23.222536 23.222536 23.222536 23.222536 23.222536 23.222536 23.222536 23.222536 23.222536 23.222536 23.222536 23.222536 23.222536 23.222536 23.222536 23.222536 23.222536 23.222536 23.222536 23.222536
-9999 -9999 -9999 -9999 -9999 -9999 -9999 -9999 -9999 -9999 -9999 -9999 -9999 -9999 -9999 -9999 -9999 -9999 -9999 -9999 -9999 -9999 23.059544 23.059544 23.059544 23.059544 23.059544 23.059544 23.059544 23.059544 23.059544 23.059544 23.059544 23.059544 23.059544 23.059544 23.059544 23.059544 23.059544 23.059544 23.059544 23.059544 23.059544 23.059544 23.059544 23.059544 23.059544 23.059544 23.059544 23.059544 23.059544 23.059544 23.059544 23.059544 23.059544 23.059544 23.059544 23.059544 23.059544 23.059544 23.059544 23.059544 23.059544 23.059544
-9999 -9999 -9999 -9999 -9999 -9999 -9999 -9999 -9999 -9999 -9999 -9999 -9999 -9999 -9999 -9999 -9999 -9999 -9999 -9999 -9999 -9999 22.896552 22.896552 22.896552 22.896552 22.896552 22.896552 22.896552 22.896552 22.896552 22.896552 22.896552 22.896552 22.896552 22.896552 22.896552 22.896552 22.896552 22.896552 22.896552 22.896552 22.896552 22.896552 22.896552 22.896552 22.896552 22.896552 22.896552 22.896552 22.896552 22.896552 22.896552 22.896552 22.896552 22.896552 22.896552 22.896552 22.896552 22.896552 22.896552 22.896552 22.896552 22.896552
-9999 -9999 -9999 -9999 -9999 -9999 -9999 -9999 -9999 -9999 -9999 -9999 -9999 -9999 -9999 -9999 -9999 -9999 -9999 -9999 -9999 -9999 22.829073 22.829073 22.829073 22.829073 22.829073 22.829073 22.829073 22.829073 22.829073 22.829073 22.829073 22.829073 22.829073 22.829073 22.829073 22.829073 22.829073 22.829073 22.829073 22.829073 22.829073 22.829073 22.829073 22.829073 22.829073 22.829073 22.829073 22.829073 22.829073 22.829073 22.829073 22.829073 22.829073 22.829073 22.829073 22.829073 22.829073 22.829073 22.829073 22.829073 22.829073 22.829073
-9999 -9999 -9999 -9999 -9999 -9999 -9999 -9999 -9999 -9999 -9999 -9999 -9999 -9999 -9999 -9999 -9999 -9999 -9999 -9999 -9999 -9999 22.797807 22.797807 22.797807 22.797807 22.797807 22.797807 22.797807 22.797807 22.797807 22.797807 22.797807 22.797807 22.797807 22.797807 22.797807 22.797807 22.797807 22.797807 22.797807 22.797807 22.797807 22.797807 22.797807 22.797807 22.797807 22.797807 22.797807 22.797807 22.797807 22.797807 22.797807 22.797807 22.797807 22.797807 22.797807 22.797807 22.797807 22.797807 22.797807 22.797807 22.797807 22.797807
-9999 -9999 -9999 -9999 -9999 -9999 -9999 -9999 -9999 -9999 -9999 -9999 -9999 -9999 -9999 -9999 -9999 -9999 -9999 -9999 -9999 -9999 22.76654 22.76654 22.76654 22.76654 22.76654 22.76654 22.76654 22.76654 22.76654 22.76654 22.76654 22.76654 22.76654 22.76654 22.76654 22.76654 22.76654 22.76654 22.76654 22.76654 22.76654 22.76654 22.76654 22.76654 22.76654 22.76654 22.76654 22.76654 22.76654 22.76654 22.76654 22.76654 22.76654 22.76654 22.76654 22.76654 22.76654 22.76654 22.76654 22.76654 22.76654 22.76654
-9999 -9999 -9999 -9999 -9999 -9999 -9999 -9999 -9999 -9999 -9999 -9999 -9999 -9999 -9999 -9999 -9999 -9999 -9999 -9999 -9999 -9999 22.859498 22.859498 22.859498 22.859498 22.859498 22.859498 22.859498 22.859498 22.859498 22.859498 22.859498 22.859498 22.859498 22.859498 22.859498 22.859498 22.859498 22.859498 22.859498 22.859498 22.859498 22.859498 22.859498 22.859498 22.859498 22.859498 22.859498 22.859498 22.859498 22.859498 22.859498 22.859498 22.859498 22.859498 22.859498 22.859498 22.859498 22.859498 22.859498 22.859498 22.859498 22.859498
