test/data/Reference_scenario/processor_outputs/debug/OUTPUT_T_225_0_12h.tif
NCOLS 132
NROWS 132
XLLCORNER 352310.43
YLLCORNER 6689219.5
DX 17.797726
DY 17.797726
NODATA_VALUE -9999
[rows 29 to 57 of 132, columns 64 to 127 of 132]
23.045165 23.137384 23.229603 23.321821 23.394228 23.397896 23.401564 23.405232 23.4089 23.38969 23.358995 23.328301 23.297606 23.256977 23.134146 23.011316 22.888485 22.765655 22.898821 22.787335 22.980302 23.197589 -9999 -9999 -9999 -9999 -9999 -9999 -9999 -9999 -9999 -9999 -9999 -9999 -9999 -9999 -9999 -9999 -9999 -9999 -9999 -9999 -9999 -9999 -9999 -9999 -9999 -9999 -9999 -9999 -9999 -9999 -9999 -9999 -9999 -9999 -9999 -9999 -9999 -9999 -9999 -9999 -9999 -9999
23.137384 23.229603 23.321821 23.394228 23.397896 23.401564 23.405232 23.4089 23.38969 23.358995 23.328301 23.297606 23.256977 23.134146 23.011316 22.888485 22.765655 22.73444 22.778221 22.918919 22.943548 22.967695 23.184982 -9999 -9999 -9999 -9999 -9999 -9999 -9999 -9999 -9999 -9999 -9999 -9999 -9999 -9999 -9999 -9999 -9999 -9999 -9999 -9999 -9999 -9999 -9999 -9999 -9999 -9999 -9999 -9999 -9999 -9999 -9999 -9999 -9999 -9999 -9999 -9999 -9999 -9999 -9999 -9999 -9999
23.229603 23.321821 23.394228 23.397896 23.401564 23.405232 23.4089 23.38969 23.358995 23.328301 23.297606 23.256977 23.134146 23.011316 22.888485 22.765655 22.73444 22.778221 22.822002 22.865783 22.597849 22.813014 22.955088 23.172375 -9999 -9999 -9999 -9999 -9999 -9999 -9999 -9999 -9999 -9999 -9999 -9999 -9999 -9999 -9999 -9999 -9999 -9999 -9999 -9999 -9999 -9999 -9999 -9999 -9999 -9999 -9999 -9999 -9999 -9999 -9999 -9999 -9999 -9999 -9999 -9999 -9999 -9999 -9999 -9999
23.321821 23.394228 23.397896 23.401564 23.405232 23.4089 23.38969 23.358995 23.328301 23.297606 23.256977 23.134146 23.011316 22.888485 22.765655 22.73444 22.778221 22.822002 22.865783 22.909564 22.75068 22.375344 22.747428 22.942481 23.159768 -9999 -9999 -9999 -9999 -9999 -9999 -9999 -9999 -9999 -9999 -9999 -9999 -9999 -9999 -9999 -9999 -9999 -9999 -9999 -9999 -9999 -9999 -9999 -9999 -9999 -9999 -9999 -9999 -9999 -9999 -9999 -9999 -9999 -9999 -9999 -9999 -9999 -9999 -9999
23.394228 23.397896 23.401564 23.405232 23.4089 23.38969 23.358995 23.328301 23.297606 23.256977 23.134146 23.011316 22.888485 22.765655 22.73444 22.778221 22.822002 22.865783 22.909564 22.75068 22.590145 22.42961 22.606757 22.712587 22.929874 23.147161 -9999 -9999 -9999 -9999 -9999 -9999 -9999 -9999 -9999 -9999 -9999 -9999 -9999 -9999 -9999 -9999 -9999 -9999 -9999 -9999 -9999 -9999 -9999 -9999 -9999 -9999 -9999 -9999 -9999 -9999 -9999 -9999 -9999 -9999 -9999 -9999 -9999 -9999
23.397896 23.401564 23.405232 23.4089 23.38969 23.358995 23.328301 23.297606 23.256977 23.134146 23.011316 22.888485 22.765655 22.73444 22.778221 22.822002 22.865783 22.909564 22.75068 22.590145 22.42961 22.269076 22.228419 22.768781 22.69998 22.917267 23.134554 -9999 -9999 -9999 -9999 -9999 -9999 -9999 -9999 -9999 -9999 -9999 -9999 -9999 -9999 -9999 -9999 -9999 -9999 -9999 -9999 -9999 -9999 -9999 -9999 -9999 -9999 -9999 -9999 -9999 -9999 -9999 -9999 -9999 -9999 -9999 -9999 -9999
23.401564 23.405232 23.4089 23.38969 23.358995 23.328301 23.297606 23.256977 23.134146 23.011316 22.888485 22.765655 22.73444 22.778221 22.822002 22.865783 22.909564 22.75068 22.590145 22.42961 22.269076 22.228419 22.344125 22.459832 22.638247 22.687373 22.90466 23.121946 -9999 -9999 -9999 -9999 -9999 -9999 -9999 -9999 -9999 -9999 -9999 -9999 -9999 -9999 -9999 -9999 -9999 -9999 -9999 -9999 -9999 -9999 -9999 -9999 -9999 -9999 -9999 -9999 -9999 -9999 -9999 -9999 -9999 -9999 -9999 -9999
23.405232 23.4089 23.38969 23.358995 23.328301 23.297606 23.256977 23.134146 23.011316 22.888485 22.765655 22.73444 22.778221 22.822002 22.865783 22.909564 22.75068 22.590145 22.42961 22.269076 22.228419 22.344125 22.459832 22.575538 22.691245 22.524212 22.674766 22.892053 23.109339 -9999 -9999 -9999 -9999 -9999 -9999 -9999 -9999 -9999 -9999 -9999 -9999 -9999 -9999 -9999 -9999 -9999 -9999 -9999 -9999 -9999 -9999 -9999 -9999 -9999 -9999 -9999 -9999 -9999 -9999 -9999 -9999 -9999 -9999 -9999
23.4089 23.38969 23.358995 23.328301 23.297606 23.256977 23.134146 23.011316 22.888485 22.765655 22.73444 22.778221 22.822002 22.865783 22.909564 22.75068 22.590145 22.42961 22.269076 22.228419 22.344125 22.459832 22.575538 22.691245 22.648417 22.58315 22.47415 22.662159 22.879446 23.096732 -9999 -9999 -9999 -9999 -9999 -9999 -9999 -9999 -9999 -9999 -9999 -9999 -9999 -9999 -9999 -9999 -9999 -9999 -9999 -9999 -9999 -9999 -9999 -9999 -9999 -9999 -9999 -9999 -9999 -9999 -9999 -9999 -9999 -9999
23.38969 23.358995 23.328301 23.297606 23.256977 23.134146 23.011316 22.888485 22.765655 22.73444 22.778221 22.822002 22.865783 22.909564 22.75068 22.590145 22.42961 22.269076 22.228419 22.344125 22.459832 22.575538 22.691245 22.648417 22.58315 22.517884 22.452617 22.432265 22.649552 22.866838 23.084125 -9999 -9999 -9999 -9999 -9999 -9999 -9999 -9999 -9999 -9999 -9999 -9999 -9999 -9999 -9999 -9999 -9999 -9999 -9999 -9999 -9999 -9999 -9999 -9999 -9999 -9999 -9999 -9999 -9999 -9999 -9999 -9999 -9999
23.358995 23.328301 23.297606 23.256977 23.134146 23.011316 22.888485 22.765655 22.73444 22.778221 22.822002 22.865783 22.909564 22.75068 22.590145 22.42961 22.269076 22.228419 22.344125 22.459832 22.575538 22.691245 22.648417 22.58315 22.517884 22.452617 22.400147 22.375116 22.419658 22.636945 22.854231 23.071518 -9999 -9999 -9999 -9999 -9999 -9999 -9999 -9999 -9999 -9999 -9999 -9999 -9999 -9999 -9999 -9999 -9999 -9999 -9999 -9999 -9999 -9999 -9999 -9999 -9999 -9999 -9999 -9999 -9999 -9999 -9999 -9999
23.328301 23.297606 23.256977 23.134146 23.011316 22.888485 22.765655 22.73444 22.778221 22.822002 22.865783 22.909564 22.75068 22.590145 22.42961 22.269076 22.228419 22.344125 22.459832 22.575538 22.691245 22.648417 22.58315 22.517884 22.452617 22.400147 22.375116 22.350085 22.325054 22.407051 22.624337 22.841624 23.058911 -9999 -9999 -9999 -9999 -9999 -9999 -9999 -9999 -9999 -9999 -9999 -9999 -9999 -9999 -9999 -9999 -9999 -9999 -9999 -9999 -9999 -9999 -9999 -9999 -9999 -9999 -9999 -9999 -9999 -9999 -9999
23.297606 23.256977 23.134146 23.011316 22.888485 22.765655 22.73444 22.778221 22.822002 22.865783 22.909564 22.75068 22.590145 22.42961 22.269076 22.228419 22.344125 22.459832 22.575538 22.691245 22.648417 22.58315 22.517884 22.452617 22.400147 22.375116 22.350085 22.325054 22.300023 22.324734 22.394444 22.61173 22.829017 23.046304 -9999 -9999 -9999 -9999 -9999 -9999 -9999 -9999 -9999 -9999 -9999 -9999 -9999 -9999 -9999 -9999 -9999 -9999 -9999 -9999 -9999 -9999 -9999 -9999 -9999 -9999 -9999 -9999 -9999 -9999
23.256977 23.134146 23.011316 22.888485 22.765655 22.73444 22.778221 22.822002 22.865783 22.909564 22.75068 22.590145 22.42961 22.269076 22.228419 22.344125 22.459832 22.575538 22.691245 22.648417 22.58315 22.517884 22.452617 22.400147 22.375116 22.350085 22.325054 22.300023 22.324734 22.365145 22.405555 22.381836 22.599123 22.81641 23.033697 -9999 -9999 -9999 -9999 -9999 -9999 -9999 -9999 -9999 -9999 -9999 -9999 -9999 -9999 -9999 -9999 -9999 -9999 -9999 -9999 -9999 -9999 -9999 -9999 -9999 -9999 -9999 -9999 -9999
23.158382 23.011316 22.888485 22.765655 22.73444 22.778221 22.822002 22.865783 22.909564 22.75068 22.590145 22.42961 22.269076 22.228419 22.344125 22.459832 22.575538 22.691245 22.648417 22.58315 22.517884 22.452617 22.400147 22.375116 22.350085 22.325054 22.300023 22.324734 22.365145 22.405555 22.445966 22.484896 22.419846 22.586516 22.803803 23.02109 -9999 -9999 -9999 -9999 -9999 -9999 -9999 -9999 -9999 -9999 -9999 -9999 -9999 -9999 -9999 -9999 -9999 -9999 -9999 -9999 -9999 -9999 -9999 -9999 -9999 -9999 -9999 -9999
23.097794 22.912721 22.765655 22.73444 22.778221 22.822002 22.865783 22.909564 22.75068 22.590145 22.42961 22.269076 22.228419 22.344125 22.459832 22.575538 22.691245 22.648417 22.58315 22.517884 22.452617 22.400147 22.375116 22.350085 22.325054 22.300023 22.324734 22.365145 22.405555 22.445966 22.484896 22.51798 22.551065 22.500668 22.573909 22.791196 23.008482 -9999 -9999 -9999 -9999 -9999 -9999 -9999 -9999 -9999 -9999 -9999 -9999 -9999 -9999 -9999 -9999 -9999 -9999 -9999 -9999 -9999 -9999 -9999 -9999 -9999 -9999 -9999
23.037205 22.852133 22.754969 22.778221 22.822002 22.865783 22.909564 22.75068 22.590145 22.42961 22.269076 22.228419 22.344125 22.459832 22.575538 22.691245 22.648417 22.58315 22.517884 22.452617 22.400147 22.375116 22.350085 22.325054 22.300023 22.324734 22.365145 22.405555 22.445966 22.484896 22.51798 22.551065 22.584149 22.617234 22.573356 22.561302 22.778589 22.995875 -9999 -9999 -9999 -9999 -9999 -9999 -9999 -9999 -9999 -9999 -9999 -9999 -9999 -9999 -9999 -9999 -9999 -9999 -9999 -9999 -9999 -9999 -9999 -9999 -9999 -9999
22.976616 22.878693 22.852111 22.842532 22.865783 22.909564 22.75068 22.590145 22.42961 22.269076 22.228419 22.344125 22.459832 22.575538 22.691245 22.648417 22.58315 22.517884 22.452617 22.400147 22.375116 22.350085 22.325054 22.300023 22.324734 22.365145 22.405555 22.445966 22.484896 22.51798 22.551065 22.584149 22.617234 22.629611 22.630549 22.639525 22.548695 22.765981 22.983268 -9999 -9999 -9999 -9999 -9999 -9999 -9999 -9999 -9999 -9999 -9999 -9999 -9999 -9999 -9999 -9999 -9999 -9999 -9999 -9999 -9999 -9999 -9999 -9999 -9999
22.908538 22.976595 22.950013 22.939036 22.930094 22.756338 22.59228 22.42961 22.269076 22.228419 22.344125 22.459832 22.575538 22.691245 22.648417 22.58315 22.517884 22.452617 22.400147 22.375116 22.350085 22.325054 22.300023 22.324734 22.365145 22.405555 22.445966 22.484896 22.51798 22.551065 22.584149 22.617234 22.629611 22.630549 22.631488 22.632427 22.669152 22.569133 22.753374 22.970661 -9999 -9999 -9999 -9999 -9999 -9999 -9999 -9999 -9999 -9999 -9999 -9999 -9999 -9999 -9999 -9999 -9999 -9999 -9999 -9999 -9999 -9999 -9999 -9999
22.829735 22.975258 23.047914 23.03554 22.844245 22.651464 22.476222 22.312165 22.262692 22.353507 22.459832 22.575538 22.691245 22.648417 22.58315 22.517884 22.452617 22.400147 22.375116 22.350085 22.325054 22.300023 22.324734 22.365145 22.405555 22.445966 22.484896 22.51798 22.551065 22.584149 22.617234 22.629611 22.630549 22.631488 22.632427 22.634138 22.644034 22.671029 22.649954 22.740767 22.958054 -9999 -9999 -9999 -9999 -9999 -9999 -9999 -9999 -9999 -9999 -9999 -9999 -9999 -9999 -9999 -9999 -9999 -9999 -9999 -9999 -9999 -9999 -9999
22.750931 22.874844 23.046577 23.012319 22.793029 22.573738 22.371348 22.310691 22.410676 22.502915 22.58492 22.691245 22.648417 22.58315 22.517884 22.452617 22.400147 22.375116 22.350085 22.325054 22.300023 22.324734 22.365145 22.405555 22.445966 22.484896 22.51798 22.551065 22.584149 22.617234 22.629611 22.630549 22.631488 22.632427 22.634138 22.644034 22.65393 22.663827 22.683327 22.716812 22.72816 22.945447 -9999 -9999 -9999 -9999 -9999 -9999 -9999 -9999 -9999 -9999 -9999 -9999 -9999 -9999 -9999 -9999 -9999 -9999 -9999 -9999 -9999 -9999
22.672128 22.774431 22.924728 23.07485 23.040418 22.821127 22.595005 22.482834 22.55866 22.652323 22.734328 22.657799 22.58315 22.517884 22.452617 22.400147 22.375116 22.350085 22.325054 22.300023 22.324734 22.365145 22.405555 22.445966 22.484896 22.51798 22.551065 22.584149 22.617234 22.629611 22.630549 22.631488 22.632427 22.634138 22.644034 22.65393 22.663827 22.673723 22.687084 22.70312 22.747471 22.715553 22.93284 -9999 -9999 -9999 -9999 -9999 -9999 -9999 -9999 -9999 -9999 -9999 -9999 -9999 -9999 -9999 -9999 -9999 -9999 -9999 -9999 -9999
22.58665 22.714871 22.845022 22.975173 23.105324 23.061685 22.826652 22.692861 22.730803 22.801731 22.725202 22.626234 22.527265 22.452617 22.400147 22.375116 22.350085 22.325054 22.300023 22.324734 22.365145 22.405555 22.445966 22.484896 22.51798 22.551065 22.584149 22.617234 22.629611 22.630549 22.631488 22.632427 22.634138 22.644034 22.65393 22.663827 22.673723 22.687084 22.703537 22.719991 22.730716 22.752065 22.71842 22.920233 -9999 -9999 -9999 -9999 -9999 -9999 -9999 -9999 -9999 -9999 -9999 -9999 -9999 -9999 -9999 -9999 -9999 -9999 -9999 -9999
22.714871 22.845022 22.975173 23.105324 23.178259 23.176566 23.058298 22.902889 22.940831 22.803688 22.68132 22.584177 22.487035 22.400296 22.375116 22.350085 22.325054 22.300023 22.324734 22.365145 22.405555 22.445966 22.484896 22.51798 22.551065 22.584149 22.617234 22.629611 22.630549 22.631488 22.632427 22.634138 22.644034 22.65393 22.663827 22.673723 22.687084 22.703537 22.719991 22.736445 22.752899 22.763624 22.771858 22.794099 22.907625 -9999 -9999 -9999 -9999 -9999 -9999 -9999 -9999 -9999 -9999 -9999 -9999 -9999 -9999 -9999 -9999 -9999 -9999 -9999
22.845022 22.975173 23.105324 23.178259 23.176566 23.174872 23.173179 23.112916 22.975774 22.813849 22.651925 22.529557 22.442817 22.378385 22.350085 22.325054 22.300023 22.324734 22.365145 22.405555 22.445966 22.484896 22.51798 22.551065 22.584149 22.617234 22.629611 22.630549 22.631488 22.632427 22.634138 22.644034 22.65393 22.663827 22.673723 22.687084 22.703537 22.719991 22.736445 22.752899 22.711908 22.669159 22.724505 22.801499 22.82579 22.895018 -9999 -9999 -9999 -9999 -9999 -9999 -9999 -9999 -9999 -9999 -9999 -9999 -9999 -9999 -9999 -9999 -9999 -9999
22.975173 23.105324 23.178259 23.176566 23.174872 23.173179 23.171486 23.229446 23.169551 22.983151 22.796751 22.590548 22.420907 22.356475 22.325054 22.300023 22.324734 22.365145 22.405555 22.445966 22.484896 22.51798 22.551065 22.584149 22.617234 22.629611 22.630549 22.631488 22.632427 22.634138 22.644034 22.65393 22.663827 22.673723 22.687084 22.703537 22.719991 22.736445 22.752899 22.711908 22.669159 22.626411 22.583662 22.639008 22.792932 22.840595 22.882411 -9999 -9999 -9999 -9999 -9999 -9999 -9999 -9999 -9999 -9999 -9999 -9999 -9999 -9999 -9999 -9999 -9999
23.105324 23.178259 23.176566 23.174872 23.173179 23.171486 23.229446 23.29585 23.362254 23.302359 23.096157 22.847495 22.51075 22.334564 22.300023 22.324734 22.365145 22.405555 22.445966 22.484896 22.51798 22.551065 22.584149 22.617234 22.629611 22.630549 22.631488 22.632427 22.634138 22.644034 22.65393 22.663827 22.673723 22.687084 22.703537 22.719991 22.736445 22.752899 22.711908 22.669159 22.626411 22.583662 22.583366 22.643566 22.6815 22.707435 22.861359 22.869804 -9999 -9999 -9999 -9999 -9999 -9999 -9999 -9999 -9999 -9999 -9999 -9999 -9999 -9999 -9999 -9999
23.178259 23.176566 23.174872 23.173179 23.171486 23.229446 23.29585 23.362254 23.428658 23.480393 23.353103 23.104442 22.775836 22.424407 22.324734 22.365145 22.405555 22.445966 22.484896 22.51798 22.551065 22.584149 22.617234 22.629611 22.630549 22.631488 22.632427 22.634138 22.644034 22.65393 22.663827 22.673723 22.687084 22.703537 22.719991 22.736445 22.752899 22.711908 22.669159 22.626411 22.583662 22.583366 22.643566 22.703767 22.763968 22.801901 22.817458 22.833014 22.910157 -9999 -9999 -9999 -9999 -9999 -9999 -9999 -9999 -9999 -9999 -9999 -9999 -9999 -9999 -9999
23.176566 23.174872 23.173179 23.171486 23.229446 23.29585 23.362254 23.428658 23.480393 23.500678 23.493012 23.361389 23.040921 22.553108 22.365145 22.405555 22.445966 22.484896 22.51798 22.551065 22.584149 22.617234 22.629611 22.630549 22.631488 22.632427 22.634138 22.644034 22.65393 22.663827 22.673723 22.687084 22.703537 22.719991 22.736445 22.752899 22.711908 22.669159 22.626411 22.583662 22.583366 22.643566 22.703767 22.763968 22.824168 22.851823 22.873932 22.896042 22.918151 22.912035 -9999 -9999 -9999 -9999 -9999 -9999 -9999 -9999 -9999 -9999 -9999 -9999 -9999 -9999
