test/data/Reference_scenario/processor_outputs/debug/OUTPUT_T_270_0_12h.tif
NCOLS 132
NROWS 132
XLLCORNER 352310.43
YLLCORNER 6689219.5
DX 17.797726
DY 17.797726
NODATA_VALUE -9999
[rows 56 to 83 of 132, columns 64 to 127 of 132]
23.349241 23.349241 23.349241 23.349241 23.349241 23.349241 23.349241 23.348358 23.340727 23.337219 23.33543 23.248601 23.027372 22.638581 22.609606 22.609606 22.609606 22.609606 22.609606 22.609606 22.609606 22.609606 22.609606 22.609606 22.609606 22.609606 22.609606 22.609606 22.609606 22.609606 22.609606 22.609606 22.609606 22.609606 22.609606 22.609606 22.609606 22.609606 22.609606 22.609606 22.609606 22.609606 22.609606 22.609606 22.609606 22.609685 22.594394 22.555917 -9999 -9999 -9999 -9999 -9999 -9999 -9999 -9999 -9999 -9999 -9999 -9999 -9999 -9999 -9999 -9999
23.601848 23.601848 23.601848 23.601848 23.601848 23.601848 23.601848 23.600964 23.597445 23.597445 23.595656 23.374862 22.986071 22.59728 22.568305 22.568305 22.568305 22.568305 22.568305 22.568305 22.568305 22.568305 22.568305 22.568305 22.568305 22.568305 22.568305 22.568305 22.568305 22.568305 22.568305 22.568305 22.568305 22.568305 22.568305 22.568305 22.568305 22.568305 22.568305 22.568305 22.568305 22.568305 22.568305 22.568305 22.568305 22.553068 22.514591 22.476114 -9999 -9999 -9999 -9999 -9999 -9999 -9999 -9999 -9999 -9999 -9999 -9999 -9999 -9999 -9999 -9999
23.621724 23.621724 23.621724 23.621724 23.621724 23.621724 23.621724 23.621724 23.621724 23.621724 23.613714 23.224923 22.836132 22.53784 22.528298 22.528298 22.526927 22.526004 22.526004 22.526004 22.526004 22.526004 22.526004 22.526004 22.526004 22.526004 22.526004 22.526004 22.526004 22.526004 22.526004 22.526004 22.526004 22.526004 22.526004 22.526004 22.526004 22.526004 22.526004 22.526004 22.526004 22.526004 22.526004 22.526004 22.526004 22.48852 22.450043 22.423135 -9999 -9999 -9999 -9999 -9999 -9999 -9999 -9999 -9999 -9999 -9999 -9999 -9999 -9999 -9999 -9999
23.323117 23.323117 23.323117 23.323117 23.323117 23.323117 23.323117 23.323117 23.323117 23.323117 23.315107 22.926316 22.627649 22.499603 22.49006 22.488697 22.483256 22.482333 22.482333 22.482333 22.482333 22.482333 22.482333 22.482333 22.482333 22.482333 22.482333 22.482333 22.482333 22.482333 22.482333 22.482333 22.482333 22.482333 22.482333 22.482333 22.482333 22.482333 22.482333 22.482333 22.482333 22.482333 22.482333 22.482333 22.482333 22.44485 22.417886 22.417886 -9999 -9999 -9999 -9999 -9999 -9999 -9999 -9999 -9999 -9999 -9999 -9999 -9999 -9999 -9999 -9999
23.02451 23.02451 23.02451 23.02451 23.02451 23.02451 23.02451 23.02451 23.02451 23.02451 23.0165 22.717458 22.589412 22.461365 22.450467 22.445026 22.439586 22.438663 22.438663 22.438663 22.438663 22.438663 22.438663 22.438663 22.438663 22.438663 22.438663 22.438663 22.438663 22.438663 22.438663 22.438663 22.438663 22.438663 22.438663 22.438663 22.438663 22.438663 22.438663 22.438663 22.438663 22.438663 22.438663 22.438663 22.438663 22.412637 22.412637 22.412637 -9999 -9999 -9999 -9999 -9999 -9999 -9999 -9999 -9999 -9999 -9999 -9999 -9999 -9999 -9999 -9999
22.779548 22.779548 22.779548 22.779548 22.779548 22.779548 22.779548 22.779548 22.779548 22.779548 22.77691 22.648864 22.520817 22.414552 22.406529 22.401088 22.396477 22.396477 22.396477 22.396477 22.396477 22.396477 22.396477 22.396477 22.396477 22.396477 22.396477 22.396477 22.396477 22.396477 22.396477 22.396477 22.396477 22.396477 22.396477 22.396477 22.396477 22.396477 22.396477 22.396477 22.396477 22.396477 22.396477 22.396477 22.396477 22.396477 22.396477 22.396477 -9999 -9999 -9999 -9999 -9999 -9999 -9999 -9999 -9999 -9999 -9999 -9999 -9999 -9999 -9999 -9999
22.647219 22.647219 22.647219 22.647219 22.647219 22.647219 22.647219 22.647219 22.647219 22.647219 22.644581 22.516535 22.410142 22.370051 22.362028 22.357409 22.357409 22.357409 22.357409 22.357409 22.357409 22.357409 22.357409 22.357409 22.357409 22.357409 22.357409 22.357409 22.357409 22.357409 22.357409 22.357409 22.357409 22.357409 22.357409 22.357409 22.357409 22.357409 22.357409 22.357409 22.357409 22.357409 22.357409 22.357409 22.357409 22.357409 22.357409 22.357409 -9999 -9999 -9999 -9999 -9999 -9999 -9999 -9999 -9999 -9999 -9999 -9999 -9999 -9999 -9999 -9999
22.51489 22.51489 22.51489 22.51489 22.51489 22.51489 22.51489 22.51489 22.51489 22.51489 22.512252 22.405733 22.365642 22.32555 22.318341 22.318341 22.318341 22.318341 22.318341 22.318341 22.318341 22.318341 22.318341 22.318341 22.318341 22.318341 22.318341 22.318341 22.318341 22.318341 22.318341 22.318341 22.318341 22.318341 22.318341 22.318341 22.318341 22.318341 22.318341 22.318341 22.318341 22.318341 22.318341 22.318341 22.318341 22.318341 22.318341 22.318341 -9999 -9999 -9999 -9999 -9999 -9999 -9999 -9999 -9999 -9999 -9999 -9999 -9999 -9999 -9999 -9999
22.411736 22.411736 22.411736 22.411736 22.411736 22.411736 22.411736 22.411736 22.411736 22.411736 22.41091 22.370819 22.330727 22.303161 22.306472 22.306472 22.306472 22.306472 22.306472 22.306472 22.306472 22.306472 22.306472 22.306472 22.306472 22.306472 22.306472 22.306472 22.306472 22.306472 22.306472 22.306472 22.306472 22.306472 22.306472 22.306472 22.306472 22.306472 22.306472 22.306472 22.306472 22.306472 22.306472 22.306472 22.306472 22.306472 22.306472 22.306472 -9999 -9999 -9999 -9999 -9999 -9999 -9999 -9999 -9999 -9999 -9999 -9999 -9999 -9999 -9999 -9999
22.410216 22.410216 22.410216 22.410216 22.410216 22.410216 22.410216 22.410216 22.410216 22.410216 22.40939 22.369299 22.341611 22.386039 22.38935 22.38935 22.38935 22.38935 22.38935 22.38935 22.38935 22.38935 22.38935 22.38935 22.38935 22.38935 22.38935 22.38935 22.38935 22.38935 22.38935 22.38935 22.38935 22.38935 22.38935 22.38935 22.38935 22.38935 22.38935 22.38935 22.38935 22.38935 22.38935 22.38935 22.38935 22.38935 22.38935 22.38935 -9999 -9999 -9999 -9999 -9999 -9999 -9999 -9999 -9999 -9999 -9999 -9999 -9999 -9999 -9999 -9999
22.408696 22.408696 22.408696 22.408696 22.408696 22.408696 22.408696 22.408696 22.408696 22.408696 22.40787 22.380061 22.424489 22.468917 22.472228 22.472228 22.472228 22.472228 22.472228 22.472228 22.472228 22.472228 22.472228 22.472228 22.472228 22.472228 22.472228 22.472228 22.472228 22.472228 22.472228 22.472228 22.472228 22.472228 22.472228 22.472228 22.472228 22.472228 22.472228 22.472228 22.472228 22.472228 22.472228 22.472228 22.472228 22.472228 22.472228 22.472228 -9999 -9999 -9999 -9999 -9999 -9999 -9999 -9999 -9999 -9999 -9999 -9999 -9999 -9999 -9999 -9999
22.404352 22.404352 22.404352 22.404352 22.404352 22.404352 22.404352 22.404352 22.404352 22.404352 22.405267 22.449695 22.494123 22.536386 22.536386 22.536386 22.536386 22.536386 22.536386 22.536386 22.549932 22.549932 22.549932 22.549932 22.549932 22.549932 22.549932 22.549932 22.549932 22.549932 22.549932 22.549932 22.549932 22.549932 22.549932 22.549932 22.549932 22.549932 22.549932 22.549932 22.549932 22.549932 22.549932 22.549932 22.549932 22.549932 22.549932 22.549932 -9999 -9999 -9999 -9999 -9999 -9999 -9999 -9999 -9999 -9999 -9999 -9999 -9999 -9999 -9999 -9999
22.37995 22.37995 22.37995 22.37995 22.37995 22.37995 22.37995 22.37995 22.37995 22.37995 22.380865 22.425293 22.467619 22.467619 22.467619 22.467619 22.467619 22.467619 22.467619 22.561804 22.590903 22.590903 22.590903 22.590903 22.590903 22.590903 22.590903 22.590903 22.590903 22.590903 22.590903 22.590903 22.590903 22.590903 22.590903 22.590903 22.590903 22.590903 22.590903 22.590903 22.590903 22.590903 22.590903 22.590903 22.590903 22.590903 22.590903 22.590903 -9999 -9999 -9999 -9999 -9999 -9999 -9999 -9999 -9999 -9999 -9999 -9999 -9999 -9999 -9999 -9999
22.355548 22.355548 22.355548 22.355548 22.355548 22.355548 22.355548 22.355548 22.355548 22.355548 22.356463 22.398853 22.398853 22.398853 22.398853 22.398853 22.398853 22.398853 22.49288 22.602775 22.631873 22.631873 22.631873 22.631873 22.631873 22.631873 22.631873 22.631873 22.631873 22.631873 22.631873 22.631873 22.631873 22.631873 22.631873 22.631873 22.631873 22.631873 22.631873 22.631873 22.631873 22.631873 22.631873 22.631873 22.631873 22.631873 22.631873 22.631873 -9999 -9999 -9999 -9999 -9999 -9999 -9999 -9999 -9999 -9999 -9999 -9999 -9999 -9999 -9999 -9999
22.336023 22.336887 22.336887 22.336887 22.338253 22.338253 22.338253 22.338253 22.338253 22.338253 22.338253 22.338253 22.338253 22.338253 22.338253 22.338253 22.338253 22.427319 22.537213 22.647108 22.671757 22.671757 22.671757 22.671757 22.671757 22.671757 22.671757 22.671757 22.671757 22.671757 22.671757 22.671757 22.671757 22.671757 22.671757 22.671757 22.671757 22.671757 22.671757 22.671757 22.671757 22.671757 22.671757 22.671757 22.671757 22.671757 22.671757 22.671757 -9999 -9999 -9999 -9999 -9999 -9999 -9999 -9999 -9999 -9999 -9999 -9999 -9999 -9999 -9999 -9999
22.52793 22.553094 22.553094 22.566462 22.611691 22.611691 22.611691 22.611691 22.611691 22.611691 22.611691 22.611691 22.611691 22.611691 22.611691 22.611691 22.53352 22.609218 22.719112 22.687544 22.667201 22.667201 22.667201 22.667201 22.667201 22.667201 22.667201 22.667201 22.667201 22.667201 22.667201 22.667201 22.667201 22.667201 22.667201 22.667201 22.667201 22.667201 22.667201 22.667201 22.667201 22.667201 22.667201 22.667201 22.667201 22.667201 22.667201 22.667201 -9999 -9999 -9999 -9999 -9999 -9999 -9999 -9999 -9999 -9999 -9999 -9999 -9999 -9999 -9999 -9999
22.744137 22.769301 22.782587 22.839901 22.88513 22.88513 22.88513 22.88513 22.88513 22.88513 22.88513 22.88513 22.88513 22.88513 22.88513 22.80709 22.715419 22.791116 22.759817 22.682989 22.662646 22.662646 22.662646 22.662646 22.662646 22.662646 22.662646 22.662646 22.662646 22.662646 22.662646 22.662646 22.662646 22.662646 22.662646 22.662646 22.662646 22.662646 22.662646 22.662646 22.662646 22.662646 22.662646 22.662646 22.662646 22.662646 22.662646 22.662646 -9999 -9999 -9999 -9999 -9999 -9999 -9999 -9999 -9999 -9999 -9999 -9999 -9999 -9999 -9999 -9999
22.960344 22.998711 23.056025 23.113339 23.158568 23.158568 23.158568 23.158568 23.158568 23.158568 23.158568 23.158568 23.158568 23.158568 23.080661 22.988989 22.897318 22.832091 22.755262 22.678433 22.65809 22.65809 22.65809 22.65809 22.65809 22.65809 22.65809 22.65809 22.65809 22.65809 22.65809 22.65809 22.65809 22.65809 22.65809 22.65809 22.65809 22.65809 22.65809 22.65809 22.65809 22.65809 22.65809 22.65809 22.65809 22.65809 22.65809 22.65809 -9999 -9999 -9999 -9999 -9999 -9999 -9999 -9999 -9999 -9999 -9999 -9999 -9999 -9999 -9999 -9999
23.10776 23.125298 23.182612 23.231463 23.22678 23.22678 23.226904 23.229733 23.229733 23.229733 23.229733 23.229733 23.229733 22.992582 22.88691 22.795239 22.918277 22.887287 22.810458 22.784195 22.784195 22.784195 22.784195 22.784195 22.784195 22.784195 22.784195 22.784195 22.784195 22.784195 22.784195 22.784195 22.784195 22.784195 22.784195 22.784195 22.784195 22.784195 22.784195 22.784195 22.784195 22.784195 22.784195 22.784195 22.784195 22.784195 22.784195 22.784195 -9999 -9999 -9999 -9999 -9999 -9999 -9999 -9999 -9999 -9999 -9999 -9999 -9999 -9999 -9999 -9999
23.222315 23.239852 23.288795 23.282861 23.278178 23.278297 23.281496 23.284325 23.284325 23.284325 23.284325 23.284325 23.047576 22.768054 22.662382 22.78501 22.978369 22.947379 22.921005 22.921005 22.921005 22.921005 22.921005 22.921005 22.921005 22.921005 22.921005 22.921005 22.921005 22.921005 22.921005 22.921005 22.921005 22.921005 22.921005 22.921005 22.921005 22.921005 22.921005 22.921005 22.921005 22.921005 22.921005 22.921005 22.921005 22.921005 22.921005 22.921005 -9999 -9999 -9999 -9999 -9999 -9999 -9999 -9999 -9999 -9999 -9999 -9999 -9999 -9999 -9999 -9999
23.336869 23.346126 23.340192 23.334258 23.32969 23.332889 23.336088 23.338917 23.338917 23.338917 23.338917 23.10257 22.823048 22.543526 22.651743 22.845102 23.03846 23.057815 23.057815 23.057815 23.057815 23.057815 23.057815 23.057815 23.057815 23.057815 23.057815 23.057815 23.057815 23.057815 23.057815 23.057815 23.057815 23.057815 23.057815 23.057815 23.057815 23.057815 23.057815 23.057815 23.057815 23.057815 23.057815 23.057815 23.057815 23.057815 23.057815 23.057815 -9999 -9999 -9999 -9999 -9999 -9999 -9999 -9999 -9999 -9999 -9999 -9999 -9999 -9999 -9999 -9999
23.222536 23.22072 23.214786 23.209056 23.20973 23.212929 23.216128 23.216323 23.216323 23.216323 23.210564 22.931042 22.65152 22.581352 22.7603 22.953658 23.020591 23.020591 23.020591 23.020591 23.020591 23.020591 23.020591 23.020591 23.020591 23.020591 23.020591 23.020591 23.020591 23.020591 23.020591 23.020591 23.020591 23.020591 23.020591 23.020591 23.020591 23.020591 23.020591 23.020591 23.020591 23.020591 23.020591 23.020591 23.020591 23.020591 23.020591 23.020591 -9999 -9999 -9999 -9999 -9999 -9999 -9999 -9999 -9999 -9999 -9999 -9999 -9999 -9999 -9999 -9999
23.059544 23.057728 23.051989 23.051989 23.052664 23.055863 23.056062 23.056062 23.056062 23.056062 23.050303 22.770781 22.700211 22.700211 22.879159 22.946369 22.946369 22.946369 22.946369 22.946369 22.946369 22.946369 22.946369 22.946369 22.946369 22.946369 22.946369 22.946369 22.946369 22.946369 22.946369 22.946369 22.946369 22.946369 22.946369 22.946369 22.946369 22.946369 22.946369 22.946369 22.946369 22.946369 22.946369 22.946369 22.946369 22.946369 22.946369 22.946369 -9999 -9999 -9999 -9999 -9999 -9999 -9999 -9999 -9999 -9999 -9999 -9999 -9999 -9999 -9999 -9999
22.896552 22.894923 22.894923 22.894923 22.895597 22.895801 22.895801 22.895801 22.895801 22.895801 22.890042 22.81907 22.81907 22.81907 22.872148 22.872148 22.872148 22.872148 22.872148 22.872148 22.872148 22.872148 22.872148 22.872148 22.872148 22.872148 22.872148 22.872148 22.872148 22.872148 22.872148 22.872148 22.872148 22.872148 22.872148 22.872148 22.872148 22.872148 22.872148 22.872148 22.872148 22.872148 22.872148 22.872148 22.872148 22.872148 22.872148 22.872148 -9999 -9999 -9999 -9999 -9999 -9999 -9999 -9999 -9999 -9999 -9999 -9999 -9999 -9999 -9999 -9999
22.829073 22.829073 22.829073 22.829073 22.829073 22.829073 22.829073 22.829073 22.829073 22.829073 22.829073 22.829073 22.829073 22.829073 22.829073 22.829073 22.829073 22.829073 22.829073 22.829073 22.829073 22.829073 22.829073 22.829073 22.829073 22.829073 22.829073 22.829073 22.829073 22.829073 22.829073 22.829073 22.829073 22.829073 22.829073 22.829073 22.829073 22.829073 22.829073 22.829073 22.829073 22.829073 22.829073 22.829073 22.829073 22.829073 22.829073 22.829073 -9999 -9999 -9999 -9999 -9999 -9999 -9999 -9999 -9999 -9999 -9999 -9999 -9999 -9999 -9999 -9999
22.797807 22.797807 22.797807 22.797807 22.797807 22.797807 22.797807 22.797807 22.797807 22.797807 22.797807 22.797807 22.797807 22.797807 22.797807 22.797807 22.797807 22.797807 22.797807 22.797807 22.797807 22.797807 22.797807 22.797807 22.797807 22.797807 22.797807 22.797807 22.797807 22.797807 22.797807 22.797807 22.797807 22.797807 22.797807 22.797807 22.797807 22.797807 22.797807 22.797807 22.797807 22.797807 22.797807 22.797807 22.797807 22.797807 22.797807 22.797807 -9999 -9999 -9999 -9999 -9999 -9999 -9999 -9999 -9999 -9999 -9999 -9999 -9999 -9999 -9999 -9999
22.76654 22.76654 22.76654 22.76654 22.76654 22.76654 22.76654 22.76654 22.76654 22.76654 22.76654 22.76654 22.76654 22.76654 22.76654 22.76654 22.76654 22.76654 22.76654 22.76654 22.76654 22.76654 22.76654 22.76654 22.76654 22.76654 22.76654 22.76654 22.76654 22.76654 22.76654 22.76654 22.76654 22.76654 22.76654 22.76654 22.76654 22.76654 22.76654 22.76654 22.76654 22.76654 22.76654 22.76654 22.76654 22.76654 22.76654 22.76654 -9999 -9999 -9999 -9999 -9999 -9999 -9999 -9999 -9999 -9999 -9999 -9999 -9999 -9999 -9999 -9999
22.859498 22.859498 22.859498 22.859498 22.859498 22.859498 22.859498 22.859498 22.859498 22.859498 22.859498 22.859498 22.859498 22.859498 22.859498 22.859498 22.859498 22.859498 22.859498 22.859498 22.859498 22.859498 22.859498 22.859498 22.859498 22.859498 22.859498 22.859498 22.859498 22.859498 22.859498 22.859498 22.859498 22.859498 22.859498 22.859498 22.859498 22.859498 22.859498 22.859498 22.859498 22.859498 22.859498 22.859498 22.859498 22.859498 22.859498 22.859498 -9999 -9999 -9999 -9999 -9999 -9999 -9999 -9999 -9999 -9999 -9999 -9999 -9999 -9999 -9999 -9999
