test/data/Reference_scenario/processor_outputs/debug/OUTPUT_T_90_0_12h.tif
NCOLS 132
NROWS 132
XLLCORNER 352310.43
YLLCORNER 6689219.5
DX 17.797726
DY 17.797726
NODATA_VALUE -9999
[rows 29 to 57 of 132, columns 0 to 63 of 132]
-9999 -9999 -9999 -9999 -9999 -9999 -9999 -9999 -9999 -9999 -9999 -9999 -9999 -9999 -9999 -9999 -9999 -9999 -9999 -9999 -9999 -9999 29.636684 29.636684 29.636684 29.636684 29.636684 29.636684 29.636684 29.636684 29.636684 29.636684 29.636684 29.636684 29.636684 29.636684 29.636684 29.636684 29.636684 29.636684 29.636684 29.636684 29.636684 29.636684 29.636684 29.636684 29.636684 29.636684 29.636684 29.636684 29.636684 29.636684 29.636684 29.636684 29.636684 29.636684 29.636684 29.636684 29.636684 29.636684 29.636684 29.636684 29.636684 29.636684
-9999 -9999 -9999 -9999 -9999 -9999 -9999 -9999 -9999 -9999 -9999 -9999 -9999 -9999 -9999 -9999 -9999 -9999 -9999 -9999 -9999 -9999 29.698486 29.698486 29.698486 29.698486 29.698486 29.698486 29.698486 29.698486 29.698486 29.698486 29.698486 29.698486 29.698486 29.698486 29.698486 29.698486 29.698486 29.698486 29.698486 29.698486 29.698486 29.698486 29.698486 29.698486 29.698486 29.698486 29.698486 29.698486 29.698486 29.698486 29.698486 29.698486 29.698486 29.698486 29.698486 29.698486 29.698486 29.698486 29.698486 29.698486 29.698486 29.698486
-9999 -9999 -9999 -9999 -9999 -9999 -9999 -9999 -9999 -9999 -9999 -9999 -9999 -9999 -9999 -9999 -9999 -9999 -9999 -9999 -9999 -9999 29.905293 29.905293 29.905293 29.905293 29.905293 29.905293 29.905293 29.905293 29.905293 29.905293 29.905293 29.905293 29.905293 29.905293 29.905293 29.905293 29.905293 29.905293 29.905293 29.905293 29.905293 29.905293 29.905293 29.905293 29.905293 29.905293 29.905293 29.905293 29.905293 29.905293 29.905293 29.905293 29.905293 29.905293 29.905293 29.905293 29.905293 29.905293 29.905293 29.905293 29.905293 29.905293
-9999 -9999 -9999 -9999 -9999 -9999 -9999 -9999 -9999 -9999 -9999 -9999 -9999 -9999 -9999 -9999 -9999 -9999 -9999 -9999 -9999 -9999 30.1121 30.1121 30.1121 30.1121 30.1121 30.1121 30.1121 30.1121 30.1121 30.1121 30.1121 30.1121 30.1121 30.1121 30.1121 30.1121 30.1121 30.1121 30.1121 30.1121 30.1121 30.1121 30.1121 30.1121 30.1121 30.1121 30.1121 30.1121 30.1121 30.1121 30.1121 30.1121 30.1121 30.1121 30.1121 30.1121 30.1121 30.1121 30.1121 30.1121 30.1121 30.1121
-9999 -9999 -9999 -9999 -9999 -9999 -9999 -9999 -9999 -9999 -9999 -9999 -9999 -9999 -9999 -9999 -9999 -9999 -9999 -9999 -9999 -9999 30.298182 30.298182 30.298182 30.298182 30.298182 30.298182 30.298182 30.298182 30.298182 30.298182 30.298182 30.298182 30.298182 30.298182 30.298182 30.298182 30.298182 30.298182 30.298182 30.298182 30.298182 30.298182 30.298182 30.298182 30.298182 30.298182 30.298182 30.298182 30.298182 30.298182 30.298182 30.298182 30.298182 30.298182 30.298182 30.298182 30.298182 30.298182 30.298182 30.298182 30.298182 30.298182
-9999 -9999 -9999 -9999 -9999 -9999 -9999 -9999 -9999 -9999 -9999 -9999 -9999 -9999 -9999 -9999 -9999 -9999 -9999 -9999 -9999 -9999 30.238754 30.238754 30.238754 30.238754 30.238754 30.238754 30.238754 30.238754 30.238754 30.238754 30.238754 30.238754 30.238754 30.238754 30.238754 30.238754 30.238754 30.238754 30.238754 30.238754 30.238754 30.238754 30.238754 30.238754 30.238754 30.238754 30.238754 30.238754 30.238754 30.238754 30.238754 30.238754 30.238754 30.238754 30.238754 30.238754 30.238754 30.238754 30.238754 30.238754 30.238754 30.238754
-9999 -9999 -9999 -9999 -9999 -9999 -9999 -9999 -9999 -9999 -9999 -9999 -9999 -9999 -9999 -9999 -9999 -9999 -9999 -9999 -9999 -9999 30.179326 30.179326 30.179326 30.179326 30.179326 30.179326 30.179326 30.179326 30.179326 30.179326 30.179326 30.179326 30.179326 30.179326 30.179326 30.179326 30.179326 30.179326 30.179326 30.179326 30.179326 30.179326 30.179326 30.179326 30.179326 30.179326 30.179326 30.179326 30.179326 30.179326 30.179326 30.179326 30.179326 30.179326 30.179326 30.179326 30.179326 30.179326 30.179326 30.179326 30.179326 30.179326
-9999 -9999 -9999 -9999 -9999 -9999 -9999 -9999 -9999 -9999 -9999 -9999 -9999 -9999 -9999 -9999 -9999 -9999 -9999 -9999 -9999 -9999 30.119898 30.119898 30.119898 30.119898 30.119898 30.119898 30.119898 30.119898 30.119898 30.119898 30.119898 30.119898 30.119898 30.119898 30.119898 30.119898 30.119898 30.119898 30.119898 30.119898 30.119898 30.119898 30.119898 30.119898 30.119898 30.119898 30.119898 30.119898 30.119898 30.119898 30.119898 30.119898 30.119898 30.119898 30.119898 30.119898 30.119898 30.119898 30.119898 30.119898 30.119898 30.119898
-9999 -9999 -9999 -9999 -9999 -9999 -9999 -9999 -9999 -9999 -9999 -9999 -9999 -9999 -9999 -9999 -9999 -9999 -9999 -9999 -9999 -9999 30.099257 30.099257 30.099257 30.099257 30.099257 30.099257 30.099257 30.099257 30.099257 30.099257 30.099257 30.099257 30.099257 30.099257 30.099257 30.099257 30.099257 30.099257 30.099257 30.099257 30.099257 30.099257 30.099257 30.099257 30.099257 30.099257 30.099257 30.099257 30.099257 30.099257 30.099257 30.099257 30.099257 30.099257 30.099257 30.099257 30.099257 30.099257 30.099257 30.099257 30.099257 30.099257
-9999 -9999 -9999 -9999 -9999 -9999 -9999 -9999 -9999 -9999 -9999 -9999 -9999 -9999 -9999 -9999 -9999 -9999 -9999 -9999 -9999 -9999 30.079479 30.079479 30.079479 30.079479 30.079479 30.079479 30.079479 30.079479 30.079479 30.079479 30.079479 30.079479 30.079479 30.079479 30.079479 30.079479 30.079479 30.079479 30.079479 30.079479 30.079479 30.079479 30.079479 30.079479 30.079479 30.079479 30.079479 30.079479 30.079479 30.079479 30.079479 30.079479 30.079479 30.079479 30.079479 30.079479 30.079479 30.079479 30.079479 30.079479 30.079479 30.079479
-9999 -9999 -9999 -9999 -9999 -9999 -9999 -9999 -9999 -9999 -9999 -9999 -9999 -9999 -9999 -9999 -9999 -9999 -9999 -9999 -9999 -9999 30.0597 30.0597 30.0597 30.0597 30.0597 30.0597 30.0597 30.0597 30.0597 30.0597 30.0597 30.0597 30.0597 30.0597 30.0597 30.0597 30.0597 30.0597 30.0597 30.0597 30.0597 30.0597 30.0597 30.0597 30.0597 30.0597 30.0597 30.0597 30.0597 30.0597 30.0597 30.0597 30.0597 30.0597 30.0597 30.0597 30.0597 30.0597 30.0597 30.0597 30.0597 30.0597
-9999 -9999 -9999 -9999 -9999 -9999 -9999 -9999 -9999 -9999 -9999 -9999 -9999 -9999 -9999 -9999 -9999 -9999 -9999 -9999 -9999 -9999 30.037761 30.037761 30.037761 30.037761 30.037761 30.037761 30.037761 30.037761 30.037761 30.037761 30.037761 30.037761 30.037761 30.037761 30.037761 30.037761 30.037761 30.037761 30.037761 30.037761 30.037761 30.037761 30.037761 30.037761 30.037761 30.037761 30.037761 30.037761 30.037761 30.037761 30.037761 30.037761 30.037761 30.037761 30.037761 30.037761 30.037761 30.037761 30.037761 30.037761 30.037761 30.037761
-9999 -9999 -9999 -9999 -9999 -9999 -9999 -9999 -9999 -9999 -9999 -9999 -9999 -9999 -9999 -9999 -9999 -9999 -9999 -9999 -9999 -9999 30.015523 30.015523 30.015523 30.015523 30.015523 30.015523 30.015523 30.015523 30.015523 30.015523 30.015523 30.015523 30.015523 30.015523 30.015523 30.015523 30.015523 30.015523 30.015523 30.015523 30.015523 30.015523 30.015523 30.015523 30.015523 30.015523 30.015523 30.015523 30.015523 30.015523 30.015523 30.015523 30.015523 30.015523 30.015523 30.015523 30.015523 30.015523 30.015523 30.015523 30.015523 30.015523
-9999 -9999 -9999 -9999 -9999 -9999 -9999 -9999 -9999 -9999 -9999 -9999 -9999 -9999 -9999 -9999 -9999 -9999 -9999 -9999 -9999 -9999 29.993285 29.993285 29.993285 29.993285 29.993285 29.993285 29.993285 29.993285 29.993285 29.993285 29.993285 29.993285 29.993285 29.993285 29.993285 29.993285 29.993285 29.993285 29.993285 29.993285 29.993285 29.993285 29.993285 29.993285 29.993285 29.993285 29.993285 29.993285 29.993285 29.993285 29.993285 29.993285 29.993285 29.993285 29.993285 29.993285 29.993285 29.993285 29.993285 29.993285 29.993285 29.993285
-9999 -9999 -9999 -9999 -9999 -9999 -9999 -9999 -9999 -9999 -9999 -9999 -9999 -9999 -9999 -9999 -9999 -9999 -9999 -9999 -9999 -9999 29.908173 29.908173 29.908173 29.908173 29.908173 29.908173 29.908173 29.908173 29.908173 29.908173 29.908173 29.908173 29.908173 29.908173 29.908173 29.908173 29.908173 29.908173 29.908173 29.908173 29.908173 29.908173 29.908173 29.908173 29.908173 29.908173 29.908173 29.908173 29.908173 29.908173 29.908173 29.908173 29.908173 29.908173 29.908173 29.908173 29.908173 29.908173 29.908173 29.908173 29.908173 29.908173
-9999 -9999 -9999 -9999 -9999 -9999 -9999 -9999 -9999 -9999 -9999 -9999 -9999 -9999 -9999 -9999 -9999 -9999 -9999 -9999 -9999 -9999 29.805232 29.805232 29.805232 29.805232 29.805232 29.805232 29.805232 29.805232 29.805232 29.805232 29.805232 29.805232 29.805232 29.805232 29.805232 29.805232 29.805232 29.805232 29.805232 29.805232 29.805232 29.805232 29.805232 29.805232 29.805232 29.805232 29.805232 29.805232 29.805232 29.805232 29.805232 29.805232 29.805232 29.805232 29.805232 29.805232 29.805232 29.805232 29.805232 29.805232 29.805232 29.805232
-9999 -9999 -9999 -9999 -9999 -9999 -9999 -9999 -9999 -9999 -9999 -9999 -9999 -9999 -9999 -9999 -9999 -9999 -9999 -9999 -9999 -9999 29.70229 29.70229 29.70229 29.70229 29.70229 29.70229 29.70229 29.70229 29.70229 29.70229 29.70229 29.70229 29.70229 29.70229 29.70229 29.70229 29.70229 29.70229 29.70229 29.70229 29.70229 29.70229 29.70229 29.70229 29.70229 29.70229 29.70229 29.70229 29.70229 29.70229 29.70229 29.70229 29.70229 29.70229 29.70229 29.70229 29.70229 29.70229 29.70229 29.70229 29.70229 29.70229
-9999 -9999 -9999 -9999 -9999 -9999 -9999 -9999 -9999 -9999 -9999 -9999 -9999 -9999 -9999 -9999 -9999 -9999 -9999 -9999 -9999 -9999 29.646832 29.646832 29.646832 29.646832 29.646832 29.650037 29.667545 29.667545 29.667545 29.667545 29.667545 29.667545 29.667545 29.667545 29.667545 29.667545 29.667545 29.667545 29.667545 29.667545 29.667545 29.667545 29.667545 29.667545 29.667545 29.667545 29.667545 29.667545 29.667545 29.667545 29.667545 29.667545 29.667545 29.667545 29.667545 29.667545 29.667545 29.667545 29.667545 29.657248 29.548261 29.548261
-9999 -9999 -9999 -9999 -9999 -9999 -9999 -9999 -9999 -9999 -9999 -9999 -9999 -9999 -9999 -9999 -9999 -9999 -9999 -9999 -9999 -9999 29.613772 29.613772 29.613772 29.613772 29.616933 29.647459 29.664967 29.664967 29.664967 29.664967 29.664967 29.664967 29.664967 29.664967 29.664967 29.664967 29.664967 29.664967 29.664967 29.664967 29.664967 29.664967 29.664967 29.664967 29.664967 29.664967 29.664967 29.664967 29.664967 29.664967 29.664967 29.664967 29.664967 29.664967 29.664967 29.664967 29.664967 29.664967 29.654923 29.47912 29.370134 29.370134
-9999 -9999 -9999 -9999 -9999 -9999 -9999 -9999 -9999 -9999 -9999 -9999 -9999 -9999 -9999 -9999 -9999 -9999 -9999 -9999 -9999 -9999 29.580711 29.580711 29.580711 29.583828 29.614355 29.644881 29.662389 29.662389 29.662389 29.662389 29.662389 29.662389 29.662389 29.662389 29.662389 29.662389 29.662389 29.662389 29.662389 29.662389 29.662389 29.662389 29.662389 29.662389 29.662389 29.662389 29.662389 29.662389 29.662389 29.662389 29.662389 29.662389 29.662389 29.662389 29.662389 29.662389 29.662389 29.652598 29.476795 29.300993 29.192006 29.307264
-9999 -9999 -9999 -9999 -9999 -9999 -9999 -9999 -9999 -9999 -9999 -9999 -9999 -9999 -9999 -9999 -9999 -9999 -9999 -9999 -9999 -9999 29.589961 29.589961 29.589961 29.605884 29.63641 29.666583 29.647446 29.647446 29.647446 29.647446 29.647446 29.647446 29.647446 29.647446 29.647446 29.647446 29.647446 29.647446 29.647446 29.647446 29.647446 29.647446 29.647446 29.647446 29.647446 29.647446 29.647446 29.647446 29.647446 29.647446 29.647446 29.647446 29.647446 29.647446 29.647446 29.647446 29.652195 29.614588 29.438786 29.262983 29.197683 29.317672
-9999 -9999 -9999 -9999 -9999 -9999 -9999 -9999 -9999 -9999 -9999 -9999 -9999 -9999 -9999 -9999 -9999 -9999 -9999 -9999 -9999 -9999 29.629862 29.629862 29.629862 29.645785 29.67605 29.642683 29.623546 29.623546 29.623546 29.623546 29.623546 29.623546 29.623546 29.623546 29.623546 29.623546 29.623546 29.623546 29.623546 29.623546 29.623546 29.623546 29.623546 29.623546 29.623546 29.623546 29.623546 29.623546 29.623546 29.623546 29.623546 29.623546 29.623546 29.623546 29.623546 29.628169 29.715691 29.678085 29.502282 29.323309 29.257873 29.377862
-9999 -9999 -9999 -9999 -9999 -9999 -9999 -9999 -9999 -9999 -9999 -9999 -9999 -9999 -9999 -9999 -9999 -9999 -9999 -9999 -9999 -9999 29.669764 29.669764 29.669764 29.685516 29.652149 29.618783 29.599646 29.599646 29.599646 29.599646 29.599646 29.599646 29.599646 29.599646 29.599646 29.599646 29.599646 29.599646 29.599646 29.599646 29.599646 29.599646 29.599646 29.599646 29.599646 29.599646 29.599646 29.599646 29.599646 29.599646 29.599646 29.599646 29.599646 29.599646 29.604143 29.691665 29.779188 29.741581 29.562612 29.383499 29.318063 29.334727
-9999 -9999 -9999 -9999 -9999 -9999 -9999 -9999 -9999 -9999 -9999 -9999 -9999 -9999 -9999 -9999 -9999 -9999 -9999 -9999 -9999 -9999 29.710406 29.710406 29.710406 29.69304 29.659673 29.626307 29.623173 29.623173 29.623173 29.623173 29.623173 29.623173 29.623173 29.623173 29.623173 29.623173 29.623173 29.623173 29.623173 29.623173 29.623173 29.623173 29.623173 29.623173 29.623173 29.623173 29.623173 29.623173 29.623173 29.623173 29.623173 29.623173 29.623173 29.623173 29.673089 29.760612 29.848134 29.765895 29.586781 29.407667 29.382534 29.382534
-9999 -9999 -9999 -9999 -9999 -9999 -9999 -9999 -9999 -9999 -9999 -9999 -9999 -9999 -9999 -9999 -9999 -9999 -9999 -9999 -9999 -9999 29.751849 29.751849 29.75193 29.734565 29.701198 29.698016 29.698016 29.698016 29.698016 29.698016 29.698016 29.698016 29.698016 29.698016 29.698016 29.698016 29.698016 29.698016 29.698016 29.698016 29.698016 29.698016 29.698016 29.698016 29.698016 29.698016 29.698016 29.698016 29.698016 29.698016 29.698016 29.698016 29.698016 29.698016 29.747932 29.835455 29.837385 29.751088 29.571974 29.546584 29.546584 29.546584
-9999 -9999 -9999 -9999 -9999 -9999 -9999 -9999 -9999 -9999 -9999 -9999 -9999 -9999 -9999 -9999 -9999 -9999 -9999 -9999 -9999 -9999 29.793293 29.793373 29.793454 29.776089 29.772859 29.772859 29.772859 29.772859 29.772859 29.772859 29.772859 29.772859 29.772859 29.772859 29.772859 29.772859 29.772859 29.772859 29.772859 29.772859 29.772859 29.772859 29.772859 29.772859 29.772859 29.772859 29.772859 29.772859 29.772859 29.772859 29.772859 29.772859 29.772859 29.772859 29.822775 29.824835 29.822579 29.736282 29.710633 29.710633 29.710633 29.710633
-9999 -9999 -9999 -9999 -9999 -9999 -9999 -9999 -9999 -9999 -9999 -9999 -9999 -9999 -9999 -9999 -9999 -9999 -9999 -9999 -9999 -9999 29.803283 29.803364 29.803445 29.788825 29.788825 29.788825 29.788825 29.788825 29.788825 29.788825 29.788825 29.788825 29.788825 29.788825 29.788825 29.788825 29.788825 29.788825 29.788825 29.788825 29.788825 29.788825 29.788825 29.788825 29.788825 29.788825 29.788825 29.788825 29.788825 29.788825 29.788825 29.788825 29.788825 29.788825 29.765272 29.763016 29.76076 29.82055 29.82055 29.82055 29.82055 29.82055
-9999 -9999 -9999 -9999 -9999 -9999 -9999 -9999 -9999 -9999 -9999 -9999 -9999 -9999 -9999 -9999 -9999 -9999 -9999 -9999 -9999 -9999 29.761983 29.762063 29.727429 29.709022 29.709022 29.709022 29.709022 29.709022 29.709022 29.709022 29.709022 29.709022 29.709022 29.709022 29.709022 29.709022 29.709022 29.709022 29.709022 29.709022 29.709022 29.709022 29.709022 29.709022 29.709022 29.709022 29.709022 29.709022 29.709022 29.709022 29.709022 29.709022 29.709022 29.653438 29.626985 29.624729 29.759428 29.842414 29.842414 29.842414 29.842414 29.842414
-9999 -9999 -9999 -9999 -9999 -9999 -9999 -9999 -9999 -9999 -9999 -9999 -9999 -9999 -9999 -9999 -9999 -9999 -9999 -9999 -9999 -9999 29.720682 29.686103 29.647626 29.629219 29.629219 29.629219 29.629219 29.629219 29.629219 29.629219 29.629219 29.629219 29.629219 29.629219 29.629219 29.629219 29.629219 29.629219 29.629219 29.629219 29.629219 29.629219 29.629219 29.629219 29.629219 29.629219 29.629219 29.629219 29.629219 29.629219 29.629219 29.629219 29.573719 29.515151 29.488698 29.623166 29.781293 29.864279 29.864279 29.864279 29.864279 29.864279
