test/data/Reference_scenario/processor_outputs/debug/OUTPUT_T_225_0_12h.tif
NCOLS 132
NROWS 132
XLLCORNER 352310.43
YLLCORNER 6689219.5
DX 17.797726
DY 17.797726
NODATA_VALUE -9999
[rows 58 to 86 of 132, columns 64 to 127 of 132]
-9999 -9999 -9999 -9999 -9999 -9999 -9999 -9999 -9999 -9999 -9999 -9999 -9999 -9999 -9999 -9999 -9999 -9999 -9999 -9999 -9999 -9999 -9999 -9999 -9999 -9999 -9999 -9999 -9999 -9999 -9999 -9999 -9999 -9999 -9999 -9999 -9999 -9999 -9999 -9999 -9999 -9999 -9999 -9999 -9999 -9999 -9999 -9999 -9999 -9999 -9999 -9999 -9999 -9999 -9999 -9999 -9999 -9999 -9999 -9999 -9999 -9999 -9999 -9999
23.173179 23.171486 23.229446 23.29585 23.362254 23.428658 23.480393 23.500678 23.520963 23.541247 23.539134 23.382626 23.134112 22.724415 22.445966 22.484896 22.51798 22.551065 22.584149 22.617234 22.629611 22.630549 22.631488 22.632427 22.634138 22.644034 22.65393 22.663827 22.673723 22.687084 22.703537 22.719991 22.736445 22.752899 22.711908 22.669159 22.626411 22.583662 22.583366 22.643566 22.703767 22.763968 22.824168 22.851823 22.873932 22.896042 22.918151 22.912035 22.838934 22.765833 22.938783 22.893544 -9999 -9999 -9999 -9999 -9999 -9999 -9999 -9999 -9999 -9999 -9999 -9999
-9999 -9999 -9999 -9999 -9999 -9999 -9999 -9999 -9999 -9999 -9999 -9999 -9999 -9999 -9999 -9999 -9999 -9999 -9999 -9999 -9999 -9999 -9999 -9999 -9999 -9999 -9999 -9999 -9999 -9999 -9999 -9999 -9999 -9999 -9999 -9999 -9999 -9999 -9999 -9999 -9999 -9999 -9999 -9999 -9999 -9999 -9999 -9999 -9999 -9999 -9999 -9999 -9999 -9999 -9999 -9999 -9999 -9999 -9999 -9999 -9999 -9999 -9999 -9999
23.229446 23.29585 23.362254 23.428658 23.480393 23.500678 23.520963 23.541247 23.561532 23.427815 23.245491 23.055816 22.821159 22.584113 22.551071 22.551065 22.584149 22.617234 22.629611 22.630549 22.631488 22.632427 22.634138 22.644034 22.65393 22.663827 22.673723 22.687084 22.703537 22.719991 22.736445 22.752899 22.711908 22.669159 22.626411 22.583662 22.583366 22.643566 22.703767 22.763968 22.824168 22.851823 22.873932 22.896042 22.918151 22.912035 22.838934 22.765833 22.692733 22.619632 22.744056 22.943087 22.905803 22.83603 -9999 -9999 -9999 -9999 -9999 -9999 -9999 -9999 -9999 -9999
-9999 -9999 -9999 -9999 -9999 -9999 -9999 -9999 -9999 -9999 -9999 -9999 -9999 -9999 -9999 -9999 -9999 -9999 -9999 -9999 -9999 -9999 -9999 -9999 -9999 -9999 -9999 -9999 -9999 -9999 -9999 -9999 -9999 -9999 -9999 -9999 -9999 -9999 -9999 -9999 -9999 -9999 -9999 -9999 -9999 -9999 -9999 -9999 -9999 -9999 -9999 -9999 -9999 -9999 -9999 -9999 -9999 -9999 -9999 -9999 -9999 -9999 -9999 -9999
23.362254 23.428658 23.480393 23.500678 23.520963 23.541247 23.561532 23.494753 23.400494 23.277588 23.080116 22.896979 22.770429 22.683984 22.660647 22.63731 22.629611 22.630549 22.631488 22.632427 22.634138 22.644034 22.65393 22.663827 22.673723 22.687084 22.703537 22.719991 22.736445 22.752899 22.711908 22.669159 22.626411 22.583662 22.583366 22.643566 22.703767 22.763968 22.824168 22.851823 22.873932 22.896042 22.918151 22.912035 22.838934 22.765833 22.692733 22.619632 22.656784 22.732977 22.80917 22.885364 22.947391 22.918062 22.848289 22.778516 -9999 -9999 -9999 -9999 -9999 -9999 -9999 -9999
-9999 -9999 -9999 -9999 -9999 -9999 -9999 -9999 -9999 -9999 -9999 -9999 -9999 -9999 -9999 -9999 -9999 -9999 -9999 -9999 -9999 -9999 -9999 -9999 -9999 -9999 -9999 -9999 -9999 -9999 -9999 -9999 -9999 -9999 -9999 -9999 -9999 -9999 -9999 -9999 -9999 -9999 -9999 -9999 -9999 -9999 -9999 -9999 -9999 -9999 -9999 -9999 -9999 -9999 -9999 -9999 -9999 -9999 -9999 -9999 -9999 -9999 -9999 -9999
23.480393 23.500678 23.520963 23.541247 23.561532 23.494753 23.400494 23.306235 23.211976 23.115039 23.007528 22.898752 22.786681 22.67461 22.632399 22.630549 22.631488 22.632427 22.634138 22.644034 22.65393 22.663827 22.673723 22.687084 22.703537 22.719991 22.736445 22.752899 22.711908 22.669159 22.626411 22.583662 22.583366 22.643566 22.703767 22.763968 22.824168 22.851823 22.873932 22.896042 22.918151 22.912035 22.838934 22.765833 22.692733 22.619632 22.656784 22.732977 22.80917 22.885364 22.947988 22.949024 22.95006 22.951096 22.93032 22.860548 22.790775 22.721002 -9999 -9999 -9999 -9999 -9999 -9999
-9999 -9999 -9999 -9999 -9999 -9999 -9999 -9999 -9999 -9999 -9999 -9999 -9999 -9999 -9999 -9999 -9999 -9999 -9999 -9999 -9999 -9999 -9999 -9999 -9999 -9999 -9999 -9999 -9999 -9999 -9999 -9999 -9999 -9999 -9999 -9999 -9999 -9999 -9999 -9999 -9999 -9999 -9999 -9999 -9999 -9999 -9999 -9999 -9999 -9999 -9999 -9999 -9999 -9999 -9999 -9999 -9999 -9999 -9999 -9999 -9999 -9999 -9999 -9999
23.470987 23.538619 23.561532 23.494753 23.400494 23.306235 23.211976 23.1421 23.168466 23.168703 23.038164 22.907624 22.678634 22.65556 22.650824 22.646088 22.641566 22.644034 22.65393 22.663827 22.673723 22.687084 22.703537 22.719991 22.736445 22.752899 22.711908 22.669159 22.626411 22.583662 22.583366 22.643566 22.703767 22.763968 22.824168 22.851823 22.873932 22.896042 22.918151 22.912035 22.838934 22.765833 22.692733 22.619632 22.656784 22.732977 22.80917 22.885364 22.947988 22.949024 22.95006 22.951096 22.952132 22.912848 22.849121 22.785395 22.751734 22.748287 22.733261 22.663488 -9999 -9999 -9999 -9999
-9999 -9999 -9999 -9999 -9999 -9999 -9999 -9999 -9999 -9999 -9999 -9999 -9999 -9999 -9999 -9999 -9999 -9999 -9999 -9999 -9999 -9999 -9999 -9999 -9999 -9999 -9999 -9999 -9999 -9999 -9999 -9999 -9999 -9999 -9999 -9999 -9999 -9999 -9999 -9999 -9999 -9999 -9999 -9999 -9999 -9999 -9999 -9999 -9999 -9999 -9999 -9999 -9999 -9999 -9999 -9999 -9999 -9999 -9999 -9999 -9999 -9999 -9999 -9999
23.416863 23.428137 23.400494 23.306235 23.211976 23.1421 23.168466 23.194833 23.221199 23.247565 23.175481 23.022889 22.73952 22.67376 22.691467 22.680023 22.679553 22.679083 22.678613 22.687084 22.703537 22.719991 22.736445 22.752899 22.711908 22.669159 22.626411 22.583662 22.583366 22.643566 22.703767 22.763968 22.824168 22.851823 22.873932 22.896042 22.918151 22.912035 22.838934 22.765833 22.692733 22.619632 22.656784 22.732977 22.80917 22.885364 22.947988 22.949024 22.95006 22.951096 22.952132 22.912848 22.849121 22.785395 22.721669 22.661266 22.648972 22.636677 22.624383 22.612088 -9999 -9999 -9999 -9999
23.337093 23.326929 23.306235 23.211976 23.1421 23.168466 23.194833 23.221199 23.247565 23.175481 23.049018 22.922555 22.769963 22.691467 22.818261 22.787311 22.679083 22.678613 22.687084 22.703537 22.719991 22.736445 22.752899 22.711908 22.669159 22.626411 22.583662 22.583366 22.643566 22.703767 22.763968 22.824168 22.851823 22.873932 22.896042 22.918151 22.912035 22.838934 22.765833 22.692733 22.619632 22.656784 22.732977 22.80917 22.885364 22.947988 22.949024 22.95006 22.951096 22.952132 22.912848 22.849121 22.785395 22.721669 22.661266 22.648972 22.636677 22.624383 22.612088 -9999 -9999 -9999 -9999 -9999
23.257806 23.229371 23.211976 23.1421 23.168466 23.194833 23.221199 23.247565 23.175481 23.049018 22.922555 22.796092 22.691467 22.818261 22.945055 22.935997 22.786371 22.687084 22.703537 22.719991 22.736445 22.752899 22.711908 22.669159 22.626411 22.583662 22.583366 22.643566 22.703767 22.763968 22.824168 22.851823 22.873932 22.896042 22.918151 22.912035 22.838934 22.765833 22.692733 22.619632 22.656784 22.732977 22.80917 22.885364 22.947988 22.949024 22.95006 22.951096 22.952132 22.912848 22.849121 22.785395 22.721669 22.661266 22.648972 22.636677 22.624383 22.612088 -9999 -9999 -9999 -9999 -9999 -9999
23.195508 23.163131 23.142339 23.168466 23.194833 23.221199 23.247565 23.175481 23.049018 22.922555 22.796092 22.691467 22.818261 22.945055 23.071849 23.084682 22.876767 22.703537 22.719991 22.736445 22.752899 22.711908 22.669159 22.626411 22.583662 22.583366 22.643566 22.703767 22.763968 22.824168 22.851823 22.873932 22.896042 22.918151 22.912035 22.838934 22.765833 22.692733 22.619632 22.656784 22.732977 22.80917 22.885364 22.947988 22.949024 22.95006 22.951096 22.952132 22.912848 22.849121 22.785395 22.721669 22.661266 22.648972 22.636677 22.624383 22.612088 -9999 -9999 -9999 -9999 -9999 -9999 -9999
23.165997 23.145205 23.170138 23.195071 23.221199 23.247565 23.174666 23.048936 22.922555 22.796092 22.692567 22.818261 22.945055 23.071849 23.198643 23.175079 22.915113 22.719991 22.736445 22.752899 22.711908 22.669159 22.626411 22.583662 22.583366 22.643566 22.703767 22.763968 22.824168 22.851823 22.873932 22.896042 22.918151 22.912035 22.838934 22.765833 22.692733 22.619632 22.656784 22.732977 22.80917 22.885364 22.947988 22.949024 22.95006 22.951096 22.952132 22.912848 22.849121 22.785395 22.721669 22.661266 22.648972 22.636677 22.624383 22.612088 -9999 -9999 -9999 -9999 -9999 -9999 -9999 -9999
23.150112 23.178559 23.200804 23.223048 23.247803 23.174666 23.046938 22.92099 22.79601 22.692567 22.832116 22.959175 23.071849 23.198643 23.199918 23.089108 22.953458 22.736445 22.752899 22.711908 22.669159 22.626411 22.583662 22.583366 22.643566 22.703767 22.763968 22.824168 22.851823 22.873932 22.896042 22.918151 22.912035 22.838934 22.765833 22.692733 22.619632 22.656784 22.732977 22.80917 22.885364 22.947988 22.949024 22.95006 22.951096 22.952132 22.912848 22.849121 22.785395 22.721669 22.661266 22.648972 22.636677 22.624383 22.612088 -9999 -9999 -9999 -9999 -9999 -9999 -9999 -9999 -9999
23.189417 23.23406 23.262549 23.284793 23.197705 23.050227 22.919209 22.793044 22.691002 22.832034 22.971665 23.100918 23.212763 23.199918 23.089108 22.978297 22.867487 22.752899 22.711908 22.669159 22.626411 22.583662 22.583366 22.643566 22.703767 22.763968 22.824168 22.851823 22.873932 22.896042 22.918151 22.912035 22.838934 22.765833 22.692733 22.619632 22.656784 22.732977 22.80917 22.885364 22.947988 22.949024 22.95006 22.951096 22.952132 22.912848 22.849121 22.785395 22.721669 22.661266 22.648972 22.636677 22.624383 22.612088 -9999 -9999 -9999 -9999 -9999 -9999 -9999 -9999 -9999 -9999
23.228723 23.273307 23.318049 23.237205 23.089727 22.942248 22.79477 22.688035 22.829068 22.9701 23.111132 23.242661 23.222248 23.089108 22.978297 22.867487 22.756677 22.711908 22.669159 22.626411 22.583662 22.583366 22.643566 22.703767 22.763968 22.824168 22.851823 22.873932 22.896042 22.918151 22.912035 22.838934 22.765833 22.692733 22.619632 22.656784 22.732977 22.80917 22.885364 22.947988 22.949024 22.95006 22.951096 22.952132 22.912848 22.849121 22.785395 22.721669 22.661266 22.648972 22.636677 22.624383 22.612088 -9999 -9999 -9999 -9999 -9999 -9999 -9999 -9999 -9999 -9999 -9999
23.268028 23.312555 23.305868 23.267683 23.139105 22.976567 22.817563 22.696006 22.813202 22.978103 23.143003 23.251317 23.113632 22.978297 22.867487 22.756677 22.711908 22.669159 22.626411 22.583662 22.583366 22.643566 22.703767 22.763968 22.824168 22.851823 22.873932 22.896042 22.918151 22.912035 22.838934 22.765833 22.692733 22.619632 22.656784 22.732977 22.80917 22.885364 22.947988 22.949024 22.95006 22.951096 22.952132 22.912848 22.849121 22.785395 22.721669 22.661266 22.648972 22.636677 22.624383 22.612088 -9999 -9999 -9999 -9999 -9999 -9999 -9999 -9999 -9999 -9999 -9999 -9999
23.308248 23.300373 23.26528 23.227499 23.187314 23.062269 22.940712 22.819154 22.697596 22.814793 22.987965 23.127751 23.004186 22.867487 22.756677 22.711908 22.669159 22.626411 22.583662 22.583366 22.643566 22.703767 22.763968 22.824168 22.851823 22.873932 22.896042 22.918151 22.912035 22.838934 22.765833 22.692733 22.619632 22.656784 22.732977 22.80917 22.885364 22.947988 22.949024 22.95006 22.951096 22.952132 22.912848 22.849121 22.785395 22.721669 22.661266 22.648972 22.636677 22.624383 22.612088 -9999 -9999 -9999 -9999 -9999 -9999 -9999 -9999 -9999 -9999 -9999 -9999 -9999
23.298694 23.260853 23.224692 23.187314 23.141661 23.038062 22.934462 22.830862 22.727262 22.687084 22.840314 23.004186 22.880621 22.757056 22.711908 22.669159 22.626411 22.583662 22.583366 22.643566 22.703767 22.763968 22.824168 22.851823 22.873932 22.896042 22.918151 22.912035 22.838934 22.765833 22.692733 22.619632 22.656784 22.732977 22.80917 22.885364 22.947988 22.949024 22.95006 22.951096 22.952132 22.912848 22.849121 22.785395 22.721669 22.661266 22.648972 22.636677 22.624383 22.612088 -9999 -9999 -9999 -9999 -9999 -9999 -9999 -9999 -9999 -9999 -9999 -9999 -9999 -9999
23.260853 23.223013 23.185172 23.141661 23.038062 22.934462 22.830862 22.727262 22.687084 22.703537 22.719991 22.873222 22.757056 22.711908 22.669159 22.626411 22.583662 22.583366 22.643566 22.703767 22.763968 22.824168 22.851823 22.873932 22.896042 22.918151 22.912035 22.838934 22.765833 22.692733 22.619632 22.656784 22.732977 22.80917 22.885364 22.947988 22.949024 22.95006 22.951096 22.952132 22.912848 22.849121 22.785395 22.721669 22.661266 22.648972 22.636677 22.624383 22.612088 -9999 -9999 -9999 -9999 -9999 -9999 -9999 -9999 -9999 -9999 -9999 -9999 -9999 -9999 -9999
23.223013 23.185172 23.141661 23.038062 22.934462 22.830862 22.727262 22.687084 22.703537 22.719991 22.736445 22.752899 22.711908 22.669159 22.626411 22.583662 22.583366 22.643566 22.703767 22.763968 22.824168 22.851823 22.873932 22.896042 22.918151 22.912035 22.838934 22.765833 22.692733 22.619632 22.656784 22.732977 22.80917 22.885364 22.947988 22.949024 22.95006 22.951096 22.952132 22.912848 22.849121 22.785395 22.721669 22.661266 22.648972 22.636677 22.624383 22.612088 -9999 -9999 -9999 -9999 -9999 -9999 -9999 -9999 -9999 -9999 -9999 -9999 -9999 -9999 -9999 -9999
23.185172 23.141661 23.038062 22.934462 22.830862 22.727262 22.687084 22.703537 22.719991 22.736445 22.752899 22.711908 22.669159 22.626411 22.583662 22.583366 22.643566 22.703767 22.763968 22.824168 22.851823 22.873932 22.896042 22.918151 22.912035 22.838934 22.765833 22.692733 22.619632 22.656784 22.732977 22.80917 22.885364 22.947988 22.949024 22.95006 22.951096 22.952132 22.912848 22.849121 22.785395 22.721669 22.661266 22.648972 22.636677 22.624383 22.612088 -9999 -9999 -9999 -9999 -9999 -9999 -9999 -9999 -9999 -9999 -9999 -9999 -9999 -9999 -9999 -9999 -9999
23.141661 23.038062 22.934462 22.830862 22.727262 22.687084 22.703537 22.719991 22.736445 22.752899 22.711908 22.669159 22.626411 22.583662 22.583366 22.643566 22.703767 22.763968 22.824168 22.851823 22.873932 22.896042 22.918151 22.912035 22.838934 22.765833 22.692733 22.619632 22.656784 22.732977 22.80917 22.885364 22.947988 22.949024 22.95006 22.951096 22.952132 22.912848 22.849121 22.785395 22.721669 22.661266 22.648972 22.636677 22.624383 22.612088 -9999 -9999 -9999 -9999 -9999 -9999 -9999 -9999 -9999 -9999 -9999 -9999 -9999 -9999 -9999 -9999 -9999 -9999
23.038062 22.934462 22.830862 22.727262 22.687084 22.703537 22.719991 22.736445 22.752899 22.711908 22.669159 22.626411 22.583662 22.583366 22.643566 22.703767 22.763968 22.824168 22.851823 22.873932 22.896042 22.918151 22.912035 22.838934 22.765833 22.692733 22.619632 22.656784 22.732977 22.80917 22.885364 22.947988 22.949024 22.95006 22.951096 22.952132 22.912848 22.849121 22.785395 22.721669 22.661266 22.648972 22.636677 22.624383 22.612088 -9999 -9999 -9999 -9999 -9999 -9999 -9999 -9999 -9999 -9999 -9999 -9999 -9999 -9999 -9999 -9999 -9999 -9999 -9999
22.934462 22.830862 22.727262 22.687084 22.703537 22.719991 22.736445 22.752899 22.711908 22.669159 22.626411 22.583662 22.583366 22.643566 22.703767 22.763968 22.824168 22.851823 22.873932 22.896042 22.918151 22.912035 22.838934 22.765833 22.692733 22.619632 22.656784 22.732977 22.80917 22.885364 22.947988 22.949024 22.95006 22.951096 22.952132 22.912848 22.849121 22.785395 22.721669 22.661266 22.648972 22.636677 22.624383 22.612088 -9999 -9999 -9999 -9999 -9999 -9999 -9999 -9999 -9999 -9999 -9999 -9999 -9999 -9999 -9999 -9999 -9999 -9999 -9999 -9999
22.830862 22.727262 22.687084 22.703537 22.719991 22.736445 22.752899 22.711908 22.669159 22.626411 22.583662 22.583366 22.643566 22.703767 22.763968 22.824168 22.851823 22.873932 22.896042 22.918151 22.912035 22.838934 22.765833 22.692733 22.619632 22.656784 22.732977 22.80917 22.885364 22.947988 22.949024 22.95006 22.951096 22.952132 22.912848 22.849121 22.785395 22.721669 22.661266 22.648972 22.636677 22.624383 22.612088 -9999 -9999 -9999 -9999 -9999 -9999 -9999 -9999 -9999 -9999 -9999 -9999 -9999 -9999 -9999 -9999 -9999 -9999 -9999 -9999 -9999
