test/data/Reference_scenario/processor_outputs/debug/OUTPUT_T_0_0_23h.tif
NCOLS 132
NROWS 132
XLLCORNER 352310.43
YLLCORNER 6689219.5
DX 17.797726
DY 17.797726
NODATA_VALUE -9999
[rows 56 to 83 of 132, columns 0 to 63 of 132]
-9999 -9999 -9999 -9999 -9999 -9999 -9999 -9999 -9999 -9999 -9999 -9999 -9999 -9999 -9999 -9999 -9999 -9999 -9999 -9999 -9999 -9999 22.142049 22.149182 22.156314 22.160735 22.162357 22.163979 22.164787 22.164359 22.163932 22.164691 22.168196 22.171701 22.173857 22.17083 22.167804 22.165145 22.165412 22.165679 22.166097 22.175576 22.185056 22.194536 22.188239 22.180594 22.172948 22.169746 22.16748 22.165213 22.167471 22.171393 22.175314 22.176282 22.175559 22.174835 21.776154 21.039517 20.407134 20.051568 20.037268 19.961178 19.818379 19.567345
-9999 -9999 -9999 -9999 -9999 -9999 -9999 -9999 -9999 -9999 -9999 -9999 -9999 -9999 -9999 -9999 -9999 -9999 -9999 -9999 -9999 -9999 22.142049 22.149182 22.156314 22.160735 22.162357 22.163979 22.164787 22.164359 22.163932 22.164691 22.168196 22.171701 22.173857 22.17083 22.167804 22.165145 22.165412 22.165679 22.166097 22.175576 22.185056 22.194536 22.188239 22.180594 22.172948 22.169746 22.16748 22.165213 22.167471 22.171393 22.175314 22.176282 22.175559 22.174835 21.776154 21.039517 20.302879 19.944984 19.930684 19.916383 19.781781 19.530748
-9999 -9999 -9999 -9999 -9999 -9999 -9999 -9999 -9999 -9999 -9999 -9999 -9999 -9999 -9999 -9999 -9999 -9999 -9999 -9999 -9999 -9999 22.142049 22.149182 22.156314 22.160735 22.162357 22.163979 22.164787 22.164359 22.163932 22.164691 22.168196 22.171701 22.173857 22.17083 22.167804 22.165145 22.165412 22.165679 22.166097 22.175576 22.185056 22.194536 22.188239 22.180594 22.172948 22.169746 22.16748 22.165213 22.167471 22.171393 22.175314 22.176282 22.175559 22.170909 21.736772 21.000134 20.263497 19.872253 19.859027 19.844727 19.746372 19.494983
-9999 -9999 -9999 -9999 -9999 -9999 -9999 -9999 -9999 -9999 -9999 -9999 -9999 -9999 -9999 -9999 -9999 -9999 -9999 -9999 -9999 -9999 22.142049 22.149182 22.156314 22.160735 22.162357 22.163979 22.164787 22.164359 22.163932 22.164691 22.168196 22.171701 22.173857 22.17083 22.167804 22.165145 22.165412 22.165679 22.166097 22.175576 22.185056 22.194536 22.188239 22.180594 22.172948 22.169746 22.16748 22.165213 22.167471 22.171393 22.175314 22.176282 22.172466 21.592653 21.195486 20.915748 20.17911 19.787866 19.826286 19.812985 19.71463 19.460522
-9999 -9999 -9999 -9999 -9999 -9999 -9999 -9999 -9999 -9999 -9999 -9999 -9999 -9999 -9999 -9999 -9999 -9999 -9999 -9999 -9999 -9999 22.142049 22.149182 22.156314 22.160735 22.162357 22.163979 22.164787 22.164359 22.163932 22.164691 22.168196 22.171701 22.173857 22.17083 22.167804 22.165145 22.165412 22.165679 22.166097 22.175576 22.185056 22.194536 22.188239 22.180594 22.172948 22.169746 22.16748 22.165213 22.167471 22.171393 22.175314 22.174023 21.594209 21.014396 20.61723 20.375173 20.094723 19.70348 19.7419 19.78032 19.682887 19.42878
-9999 -9999 -9999 -9999 -9999 -9999 -9999 -9999 -9999 -9999 -9999 -9999 -9999 -9999 -9999 -9999 -9999 -9999 -9999 -9999 -9999 -9999 22.142049 22.149182 22.156314 22.160735 22.162357 22.163979 22.164787 22.164359 22.163932 22.164691 22.168196 22.171701 22.173857 22.17083 22.167804 22.165145 22.165412 22.165679 22.166097 22.175576 22.185056 22.194536 22.188239 22.180594 22.172948 22.169746 22.16748 22.165213 22.167471 22.171393 22.175314 21.808043 21.228229 20.648416 20.226541 19.984485 19.742428 19.639819 19.678239 19.716659 19.651758 19.397614
-9999 -9999 -9999 -9999 -9999 -9999 -9999 -9999 -9999 -9999 -9999 -9999 -9999 -9999 -9999 -9999 -9999 -9999 -9999 -9999 -9999 -9999 22.142049 22.149182 22.156314 22.160735 22.162357 22.163979 22.164787 22.164359 22.163932 22.164691 22.168196 22.171701 22.173857 22.17083 22.167804 22.165145 22.165412 22.165679 22.166097 22.175576 22.185056 22.194536 22.188239 22.180594 22.172948 22.169746 22.16748 22.165213 22.167471 22.171393 22.175314 21.808043 21.228229 20.557374 20.131952 19.917178 19.675121 19.57563 19.650313 19.688733 19.623832 19.367476
-9999 -9999 -9999 -9999 -9999 -9999 -9999 -9999 -9999 -9999 -9999 -9999 -9999 -9999 -9999 -9999 -9999 -9999 -9999 -9999 -9999 -9999 22.142049 22.149182 22.156314 22.160735 22.162357 22.163979 22.164787 22.164359 22.163932 22.164691 22.168196 22.171701 22.173857 22.17083 22.167804 22.165145 22.165412 22.165679 22.166097 22.175576 22.185056 22.194536 22.188239 22.180594 22.172948 22.169746 22.16748 22.165213 22.167471 22.171393 22.175314 21.808043 21.137332 20.457019 20.031597 19.822636 19.607814 19.508323 19.586181 19.660806 19.595905 19.33955
-9999 -9999 -9999 -9999 -9999 -9999 -9999 -9999 -9999 -9999 -9999 -9999 -9999 -9999 -9999 -9999 -9999 -9999 -9999 -9999 -9999 -9999 22.142049 22.149182 22.156314 22.160735 22.162357 22.163979 22.164787 22.164359 22.163932 22.164691 22.168196 22.171701 22.173857 22.17083 22.167804 22.165145 22.165412 22.165679 22.166097 22.175576 22.185056 22.194536 22.188239 22.180594 22.172948 22.169746 22.16748 22.165213 22.141807 22.145729 22.149651 21.718472 21.038159 20.357846 19.943604 19.734643 19.525682 19.617717 19.695575 19.773432 19.799866 19.54351
-9999 -9999 -9999 -9999 -9999 -9999 -9999 -9999 -9999 -9999 -9999 -9999 -9999 -9999 -9999 -9999 -9999 -9999 -9999 -9999 -9999 -9999 22.142049 22.149182 22.156314 22.160735 22.162357 22.163979 22.164787 22.164359 22.163932 22.164691 22.168196 22.171701 22.173857 22.17083 22.167804 22.165145 22.165412 22.165679 22.166097 22.175576 22.185056 22.194536 22.188239 22.180594 22.172948 22.169746 22.16748 22.165213 22.097238 22.049793 22.053715 21.622536 20.942223 20.275588 19.871416 19.680499 19.471538 19.679306 20.28881 20.366668 20.413617 20.382423
-9999 -9999 -9999 -9999 -9999 -9999 -9999 -9999 -9999 -9999 -9999 -9999 -9999 -9999 -9999 -9999 -9999 -9999 -9999 -9999 -9999 -9999 22.142049 22.149182 22.156314 22.160735 22.162357 22.163979 22.164787 22.164359 22.163932 22.164691 22.168196 22.171701 22.173857 22.17083 22.167804 22.165145 22.165412 22.165679 22.166097 22.175576 22.185056 22.194536 22.188239 22.180594 22.172948 22.169746 22.16748 22.165213 22.097238 22.005086 21.957779 21.5266 20.859941 20.196589 19.792416 19.608346 19.417394 19.625162 20.351332 20.959904 21.006853 20.996528
-9999 -9999 -9999 -9999 -9999 -9999 -9999 -9999 -9999 -9999 -9999 -9999 -9999 -9999 -9999 -9999 -9999 -9999 -9999 -9999 -9999 -9999 22.142049 22.149182 22.156314 22.160735 22.162357 22.163979 22.164787 22.164359 22.163932 22.164691 22.168196 22.171701 22.173857 22.17083 22.167804 22.165145 22.165412 22.165679 22.166097 22.175576 22.185056 22.194536 22.188239 22.180594 22.172948 22.169746 22.16748 22.165213 22.072312 21.98016 21.888008 21.432633 20.769281 20.105929 19.813338 19.629269 19.445199 19.58011 20.30628 21.03245 21.500472 21.490147
-9999 -9999 -9999 -9999 -9999 -9999 -9999 -9999 -9999 -9999 -9999 -9999 -9999 -9999 -9999 -9999 -9999 -9999 -9999 -9999 -9999 -9999 22.142049 22.149182 22.156314 22.160735 22.162357 22.163979 22.164787 22.164359 22.163932 22.164691 22.168196 22.171701 22.173857 22.17083 22.167804 22.165145 22.165412 22.165679 22.166097 22.175576 22.185056 22.194536 22.188239 22.180594 22.172948 22.169746 22.16748 22.165213 21.98857 21.831722 21.73957 21.284195 20.620843 20.018222 19.966899 20.145324 19.961254 19.952516 20.30628 21.03245 21.500472 21.490147
-9999 -9999 -9999 -9999 -9999 -9999 -9999 -9999 -9999 -9999 -9999 -9999 -9999 -9999 -9999 -9999 -9999 -9999 -9999 -9999 -9999 -9999 22.142049 22.149182 22.156314 22.160735 22.162357 22.163979 22.164787 22.164359 22.163932 22.164691 22.168196 22.171701 22.173857 22.17083 22.167804 22.165145 22.165412 22.165679 22.166097 22.175576 22.185056 22.194536 22.188239 22.180594 22.172948 22.169746 22.16748 22.165213 21.98857 21.747766 21.591132 21.135757 20.533012 19.955559 19.904236 20.299718 20.477309 20.468571 20.677943 21.03245 21.500472 21.490147
-9999 -9999 -9999 -9999 -9999 -9999 -9999 -9999 -9999 -9999 -9999 -9999 -9999 -9999 -9999 -9999 -9999 -9999 -9999 -9999 -9999 -9999 22.142049 22.149182 22.156314 22.160735 22.162357 22.163979 22.164787 22.164359 22.163932 22.164691 22.168196 22.171701 22.173857 22.17083 22.167804 22.165145 22.165412 22.165679 22.166097 22.175576 22.185056 22.194536 22.188239 22.180594 22.172948 22.169746 22.16748 22.165213 21.982739 21.741935 21.501131 21.046254 20.468801 19.891348 19.860719 20.256201 20.651683 20.953131 21.162502 21.371874 21.500472 21.490147
-9999 -9999 -9999 -9999 -9999 -9999 -9999 -9999 -9999 -9999 -9999 -9999 -9999 -9999 -9999 -9999 -9999 -9999 -9999 -9999 -9999 -9999 22.142049 22.149182 22.156314 22.160735 22.162357 22.163979 22.164787 22.164359 22.163932 22.164691 22.168196 22.171701 22.173857 22.17083 22.167804 22.165145 22.165412 22.165679 22.166097 22.175576 22.185056 22.194536 22.188239 22.180594 22.172948 22.169746 22.16748 22.165213 21.926102 21.656605 21.415801 20.960924 20.383471 20.201027 20.260703 20.473723 20.869204 21.109279 21.217638 21.427009 21.540022 21.490147
-9999 -9999 -9999 -9999 -9999 -9999 -9999 -9999 -9999 -9999 -9999 -9999 -9999 -9999 -9999 -9999 -9999 -9999 -9999 -9999 -9999 -9999 22.142049 22.149182 22.156314 22.160735 22.162357 22.163979 22.164787 22.164359 22.163932 22.164691 22.168196 22.171701 22.173857 22.17083 22.167804 22.165145 22.165412 22.165679 22.166097 22.175576 22.185056 22.194536 22.188239 22.180594 22.172948 22.169746 22.16748 22.165213 21.926102 21.599845 21.330471 20.875594 20.692214 20.764917 20.824594 20.873208 21.086726 21.326801 21.373552 21.482144 21.595157 21.529618
-9999 -9999 -9999 -9999 -9999 -9999 -9999 -9999 -9999 -9999 -9999 -9999 -9999 -9999 -9999 -9999 -9999 -9999 -9999 -9999 -9999 -9999 22.142049 22.149182 22.156314 22.160735 22.162357 22.163979 22.164787 22.164359 22.163932 22.164691 22.168196 22.171701 22.173857 22.17083 22.167804 22.165145 22.165412 22.165679 22.166097 22.175576 22.185056 22.194536 22.188239 22.180594 22.172948 22.169746 22.16748 22.165213 21.926102 21.599845 21.273588 21.183402 21.256105 21.328808 21.388484 21.437098 21.485712 21.544322 21.591074 21.637825 21.650293 21.584753
-9999 -9999 -9999 -9999 -9999 -9999 -9999 -9999 -9999 -9999 -9999 -9999 -9999 -9999 -9999 -9999 -9999 -9999 -9999 -9999 -9999 -9999 22.142049 22.149182 22.156314 22.160735 22.162357 22.163979 22.164787 22.164359 22.163932 22.164691 22.168196 22.171701 22.173857 22.17083 22.167804 22.165145 22.165412 22.165679 22.166097 22.175576 22.185056 22.194536 22.188239 22.180594 22.172948 22.169746 22.16748 22.165213 22.014997 21.717478 21.391221 21.31866 21.391363 21.44742 21.496933 21.549397 21.598011 21.634826 21.668735 21.715486 21.259642 20.378876
-9999 -9999 -9999 -9999 -9999 -9999 -9999 -9999 -9999 -9999 -9999 -9999 -9999 -9999 -9999 -9999 -9999 -9999 -9999 -9999 -9999 -9999 22.142049 22.149182 22.156314 22.160735 22.162357 22.163979 22.164787 22.164359 22.163932 22.164691 22.168196 22.171701 22.173857 22.17083 22.167804 22.165145 22.165412 22.165679 22.166097 22.175576 22.185056 22.194536 22.188239 22.180594 22.172948 22.169746 22.16748 22.165213 22.014997 21.810343 21.512649 21.440088 21.496193 21.536136 21.585649 21.643289 21.69574 21.732555 21.754691 21.788636 21.332791 19.945638
-9999 -9999 -9999 -9999 -9999 -9999 -9999 -9999 -9999 -9999 -9999 -9999 -9999 -9999 -9999 -9999 -9999 -9999 -9999 -9999 -9999 -9999 22.142049 22.149182 22.156314 22.160735 22.162357 22.163979 22.164787 22.164359 22.163932 22.164691 22.168196 22.171701 22.173857 22.17083 22.167804 22.165145 22.165412 22.165679 22.166097 22.175576 22.185056 22.194536 22.188239 22.180594 22.172948 22.169746 22.16748 22.165213 22.014997 21.810343 21.605689 21.544965 21.584909 21.624852 21.674365 21.732005 21.789645 21.830283 21.85242 21.874556 21.40594 20.018787
-9999 -9999 -9999 -9999 -9999 -9999 -9999 -9999 -9999 -9999 -9999 -9999 -9999 -9999 -9999 -9999 -9999 -9999 -9999 -9999 -9999 -9999 22.142049 22.149182 22.156314 22.160735 22.162357 22.163979 22.164787 22.164359 22.163932 22.164691 22.168196 22.171701 22.173857 22.17083 22.167804 22.165145 22.165412 22.165679 22.166097 22.175576 22.185056 22.194536 22.188239 22.180594 22.172948 22.169746 22.16748 22.165213 22.103892 21.915883 21.711229 21.662113 21.702057 21.728613 21.767962 21.828554 21.886194 21.917043 21.928785 21.950921 21.609088 20.41383
-9999 -9999 -9999 -9999 -9999 -9999 -9999 -9999 -9999 -9999 -9999 -9999 -9999 -9999 -9999 -9999 -9999 -9999 -9999 -9999 -9999 -9999 22.142049 22.149182 22.156314 22.160735 22.162357 22.163979 22.164787 22.164359 22.163932 22.164691 22.168196 22.171701 22.173857 22.17083 22.167804 22.165145 22.165412 22.165679 22.166097 22.175576 22.185056 22.194536 22.188239 22.180594 22.172948 22.169746 22.16748 22.165213 22.103892 22.020841 21.832657 21.783541 21.810144 21.817329 21.856678 21.923344 21.983923 22.014771 22.012293 22.02407 21.682237 20.665971
-9999 -9999 -9999 -9999 -9999 -9999 -9999 -9999 -9999 -9999 -9999 -9999 -9999 -9999 -9999 -9999 -9999 -9999 -9999 -9999 -9999 -9999 22.142049 22.149182 22.156314 22.160735 22.162357 22.163979 22.164787 22.164359 22.163932 22.164691 22.168196 22.171701 22.173857 22.17083 22.167804 22.165145 22.165412 22.165679 22.166097 22.175576 22.185056 22.194536 22.188239 22.180594 22.172948 22.169746 22.16748 22.165213 22.103892 22.020841 21.93779 21.891676 21.89886 21.906045 21.945394 22.01206 22.078725 22.1125 22.110021 22.107542 21.755386 20.73912
-9999 -9999 -9999 -9999 -9999 -9999 -9999 -9999 -9999 -9999 -9999 -9999 -9999 -9999 -9999 -9999 -9999 -9999 -9999 -9999 -9999 -9999 22.142049 22.149182 22.156314 22.160735 22.162357 22.163979 22.164787 22.164359 22.163932 22.164691 22.168196 22.171701 22.173857 22.17083 22.167804 22.165145 22.165412 22.165679 22.166097 22.175576 22.185056 22.194536 22.188239 22.180594 22.172948 22.169746 22.16748 22.165213 22.170423 22.090779 22.007729 21.982058 21.989242 21.994351 22.001154 22.055413 22.122079 22.157923 22.155439 22.152961 21.940371 21.09728
-9999 -9999 -9999 -9999 -9999 -9999 -9999 -9999 -9999 -9999 -9999 -9999 -9999 -9999 -9999 -9999 -9999 -9999 -9999 -9999 -9999 -9999 22.142049 22.149182 22.156314 22.160735 22.162357 22.163979 22.164787 22.164359 22.163932 22.164691 22.168196 22.171701 22.173857 22.17083 22.167804 22.165145 22.165412 22.165679 22.166097 22.175576 22.185056 22.194536 22.188239 22.180594 22.172948 22.169746 22.16748 22.165213 22.170423 22.178384 22.098609 22.072938 22.078057 22.078528 22.085331 22.097512 22.151849 22.187694 22.185199 22.182715 21.970126 21.368203
-9999 -9999 -9999 -9999 -9999 -9999 -9999 -9999 -9999 -9999 -9999 -9999 -9999 -9999 -9999 -9999 -9999 -9999 -9999 -9999 -9999 -9999 22.142049 22.149182 22.156314 22.160735 22.162357 22.163979 22.164787 22.164359 22.163932 22.164691 22.168196 22.171701 22.173857 22.17083 22.167804 22.165145 22.165412 22.165679 22.166097 22.175576 22.185056 22.194536 22.188239 22.180594 22.172948 22.169746 22.16748 22.165213 22.170423 22.178384 22.186344 22.161762 22.162234 22.162705 22.169508 22.181689 22.193869 22.217465 22.21497 22.212475 21.999881 21.397958
-9999 -9999 -9999 -9999 -9999 -9999 -9999 -9999 -9999 -9999 -9999 -9999 -9999 -9999 -9999 -9999 -9999 -9999 -9999 -9999 -9999 -9999 22.142049 22.149182 22.156314 22.160735 22.162357 22.163979 22.164787 22.164359 22.163932 22.164691 22.168196 22.171701 22.173857 22.17083 22.167804 22.165145 22.165412 22.165679 22.166097 22.175576 22.185056 22.194536 22.188239 22.180594 22.172948 22.169746 22.16748 22.165213 22.170423 22.178384 22.186344 22.189543 22.190014 22.190485 22.197289 22.209469 22.221649 22.22729 22.224795 22.2223 22.165376 21.704914
