test/data/Reference_scenario/processor_outputs/debug/OUTPUT_T_270_0_12h.tif
NCOLS 132
NROWS 132
XLLCORNER 352310.43
YLLCORNER 6689219.5
DX 17.797726
DY 17.797726
NODATA_VALUE -9999
[rows 28 to 55 of 132, columns 0 to 63 of 132]
-9999 -9999 -9999 -9999 -9999 -9999 -9999 -9999 -9999 -9999 -9999 -9999 -9999 -9999 -9999 -9999 -9999 -9999 -9999 -9999 -9999 -9999 22.463967 22.463967 22.463967 22.463967 22.463967 22.463967 22.463967 22.463967 22.463967 22.463967 22.463967 22.463967 22.463967 22.463967 22.463967 22.463967 22.463967 22.463967 22.463967 22.463967 22.463967 22.463967 22.463967 22.463967 22.463967 22.463967 22.463967 22.463967 22.463967 22.463967 22.463967 22.463967 22.463967 22.463967 22.463967 22.463967 22.463967 22.463967 22.463967 22.463967 22.463967 22.463967
-9999 -9999 -9999 -9999 -9999 -9999 -9999 -9999 -9999 -9999 -9999 -9999 -9999 -9999 -9999 -9999 -9999 -9999 -9999 -9999 -9999 -9999 22.494491 22.494491 22.494491 22.494491 22.494491 22.494491 22.494491 22.494491 22.494491 22.494491 22.494491 22.494491 22.494491 22.494491 22.494491 22.494491 22.494491 22.494491 22.494491 22.494491 22.494491 22.494491 22.494491 22.494491 22.494491 22.494491 22.494491 22.494491 22.494491 22.494491 22.494491 22.494491 22.494491 22.494491 22.494491 22.494491 22.494491 22.494491 22.494491 22.494491 22.494491 22.494491
-9999 -9999 -9999 -9999 -9999 -9999 -9999 -9999 -9999 -9999 -9999 -9999 -9999 -9999 -9999 -9999 -9999 -9999 -9999 -9999 -9999 -9999 22.581162 22.581162 22.581162 22.581162 22.581162 22.581162 22.581162 22.581162 22.581162 22.581162 22.581162 22.581162 22.581162 22.581162 22.581162 22.581162 22.581162 22.581162 22.581162 22.581162 22.581162 22.581162 22.581162 22.581162 22.581162 22.581162 22.581162 22.581162 22.581162 22.581162 22.581162 22.581162 22.581162 22.581162 22.581162 22.581162 22.581162 22.581162 22.581162 22.581162 22.581162 22.581162
-9999 -9999 -9999 -9999 -9999 -9999 -9999 -9999 -9999 -9999 -9999 -9999 -9999 -9999 -9999 -9999 -9999 -9999 -9999 -9999 -9999 -9999 22.787969 22.787969 22.787969 22.787969 22.787969 22.787969 22.787969 22.787969 22.787969 22.787969 22.787969 22.787969 22.787969 22.787969 22.787969 22.787969 22.787969 22.787969 22.787969 22.787969 22.787969 22.787969 22.787969 22.787969 22.787969 22.787969 22.787969 22.787969 22.787969 22.787969 22.787969 22.787969 22.787969 22.787969 22.787969 22.787969 22.787969 22.787969 22.787969 22.787969 22.787969 22.787969
-9999 -9999 -9999 -9999 -9999 -9999 -9999 -9999 -9999 -9999 -9999 -9999 -9999 -9999 -9999 -9999 -9999 -9999 -9999 -9999 -9999 -9999 22.994776 22.994776 22.994776 22.994776 22.994776 22.994776 22.994776 22.994776 22.994776 22.994776 22.994776 22.994776 22.994776 22.994776 22.994776 22.994776 22.994776 22.994776 22.994776 22.994776 22.994776 22.994776 22.994776 22.994776 22.994776 22.994776 22.994776 22.994776 22.994776 22.994776 22.994776 22.994776 22.994776 22.994776 22.994776 22.994776 22.994776 22.994776 22.994776 22.994776 22.994776 22.994776
-9999 -9999 -9999 -9999 -9999 -9999 -9999 -9999 -9999 -9999 -9999 -9999 -9999 -9999 -9999 -9999 -9999 -9999 -9999 -9999 -9999 -9999 23.143298 23.143298 23.143298 23.143298 23.143298 23.143298 23.143298 23.143298 23.143298 23.143298 23.143298 23.143298 23.143298 23.143298 23.143298 23.143298 23.143298 23.143298 23.143298 23.143298 23.143298 23.143298 23.143298 23.143298 23.143298 23.143298 23.143298 23.143298 23.143298 23.143298 23.143298 23.143298 23.143298 23.143298 23.143298 23.143298 23.143298 23.143298 23.143298 23.143298 23.143298 23.143298
-9999 -9999 -9999 -9999 -9999 -9999 -9999 -9999 -9999 -9999 -9999 -9999 -9999 -9999 -9999 -9999 -9999 -9999 -9999 -9999 -9999 -9999 23.08387 23.08387 23.08387 23.08387 23.08387 23.08387 23.08387 23.08387 23.08387 23.08387 23.08387 23.08387 23.08387 23.08387 23.08387 23.08387 23.08387 23.08387 23.08387 23.08387 23.08387 23.08387 23.08387 23.08387 23.08387 23.08387 23.08387 23.08387 23.08387 23.08387 23.08387 23.08387 23.08387 23.08387 23.08387 23.08387 23.08387 23.08387 23.08387 23.08387 23.08387 23.08387
-9999 -9999 -9999 -9999 -9999 -9999 -9999 -9999 -9999 -9999 -9999 -9999 -9999 -9999 -9999 -9999 -9999 -9999 -9999 -9999 -9999 -9999 23.024442 23.024442 23.024442 23.024442 23.024442 23.024442 23.024442 23.024442 23.024442 23.024442 23.024442 23.024442 23.024442 23.024442 23.024442 23.024442 23.024442 23.024442 23.024442 23.024442 23.024442 23.024442 23.024442 23.024442 23.024442 23.024442 23.024442 23.024442 23.024442 23.024442 23.024442 23.024442 23.024442 23.024442 23.024442 23.024442 23.024442 23.024442 23.024442 23.024442 23.024442 23.024442
-9999 -9999 -9999 -9999 -9999 -9999 -9999 -9999 -9999 -9999 -9999 -9999 -9999 -9999 -9999 -9999 -9999 -9999 -9999 -9999 -9999 -9999 22.969746 22.969746 22.969746 22.969746 22.969746 22.969746 22.969746 22.969746 22.969746 22.969746 22.969746 22.969746 22.969746 22.969746 22.969746 22.969746 22.969746 22.969746 22.969746 22.969746 22.969746 22.969746 22.969746 22.969746 22.969746 22.969746 22.969746 22.969746 22.969746 22.969746 22.969746 22.969746 22.969746 22.969746 22.969746 22.969746 22.969746 22.969746 22.969746 22.969746 22.969746 22.969746
-9999 -9999 -9999 -9999 -9999 -9999 -9999 -9999 -9999 -9999 -9999 -9999 -9999 -9999 -9999 -9999 -9999 -9999 -9999 -9999 -9999 -9999 22.949967 22.949967 22.949967 22.949967 22.949967 22.949967 22.949967 22.949967 22.949967 22.949967 22.949967 22.949967 22.949967 22.949967 22.949967 22.949967 22.949967 22.949967 22.949967 22.949967 22.949967 22.949967 22.949967 22.949967 22.949967 22.949967 22.949967 22.949967 22.949967 22.949967 22.949967 22.949967 22.949967 22.949967 22.949967 22.949967 22.949967 22.949967 22.949967 22.949967 22.949967 22.949967
-9999 -9999 -9999 -9999 -9999 -9999 -9999 -9999 -9999 -9999 -9999 -9999 -9999 -9999 -9999 -9999 -9999 -9999 -9999 -9999 -9999 -9999 22.930188 22.930188 22.930188 22.930188 22.930188 22.930188 22.930188 22.930188 22.930188 22.930188 22.930188 22.930188 22.930188 22.930188 22.930188 22.930188 22.930188 22.930188 22.930188 22.930188 22.930188 22.930188 22.930188 22.930188 22.930188 22.930188 22.930188 22.930188 22.930188 22.930188 22.930188 22.930188 22.930188 22.930188 22.930188 22.930188 22.930188 22.930188 22.930188 22.930188 22.930188 22.930188
-9999 -9999 -9999 -9999 -9999 -9999 -9999 -9999 -9999 -9999 -9999 -9999 -9999 -9999 -9999 -9999 -9999 -9999 -9999 -9999 -9999 -9999 22.910364 22.910364 22.910364 22.910364 22.910364 22.910364 22.910364 22.910364 22.910364 22.910364 22.910364 22.910364 22.910364 22.910364 22.910364 22.910364 22.910364 22.910364 22.910364 22.910364 22.910364 22.910364 22.910364 22.910364 22.910364 22.910364 22.910364 22.910364 22.910364 22.910364 22.910364 22.910364 22.910364 22.910364 22.910364 22.910364 22.910364 22.910364 22.910364 22.910364 22.910364 22.910364
-9999 -9999 -9999 -9999 -9999 -9999 -9999 -9999 -9999 -9999 -9999 -9999 -9999 -9999 -9999 -9999 -9999 -9999 -9999 -9999 -9999 -9999 22.888267 22.888267 22.888267 22.888267 22.888267 22.888267 22.888267 22.888267 22.888267 22.888267 22.888267 22.888267 22.888267 22.888267 22.888267 22.888267 22.888267 22.888267 22.888267 22.888267 22.888267 22.888267 22.888267 22.888267 22.888267 22.888267 22.888267 22.888267 22.888267 22.888267 22.888267 22.888267 22.888267 22.888267 22.888267 22.888267 22.888267 22.888267 22.888267 22.888267 22.888267 22.888267
-9999 -9999 -9999 -9999 -9999 -9999 -9999 -9999 -9999 -9999 -9999 -9999 -9999 -9999 -9999 -9999 -9999 -9999 -9999 -9999 -9999 -9999 22.866169 22.866169 22.866169 22.866169 22.866169 22.866169 22.866169 22.866169 22.866169 22.866169 22.866169 22.866169 22.866169 22.866169 22.866169 22.866169 22.866169 22.866169 22.866169 22.866169 22.866169 22.866169 22.866169 22.866169 22.866169 22.866169 22.866169 22.866169 22.866169 22.866169 22.866169 22.866169 22.866169 22.866169 22.866169 22.866169 22.866169 22.866169 22.866169 22.866169 22.866169 22.866169
-9999 -9999 -9999 -9999 -9999 -9999 -9999 -9999 -9999 -9999 -9999 -9999 -9999 -9999 -9999 -9999 -9999 -9999 -9999 -9999 -9999 -9999 22.844072 22.844072 22.844072 22.844072 22.844072 22.844072 22.844072 22.844072 22.844072 22.844072 22.844072 22.844072 22.844072 22.844072 22.844072 22.844072 22.844072 22.844072 22.844072 22.844072 22.844072 22.844072 22.844072 22.844072 22.844072 22.844072 22.844072 22.844072 22.844072 22.844072 22.844072 22.844072 22.844072 22.844072 22.844072 22.844072 22.844072 22.844072 22.844072 22.844072 22.844072 22.844072
-9999 -9999 -9999 -9999 -9999 -9999 -9999 -9999 -9999 -9999 -9999 -9999 -9999 -9999 -9999 -9999 -9999 -9999 -9999 -9999 -9999 -9999 22.747456 22.747456 22.747456 22.747456 22.747456 22.747456 22.747456 22.747456 22.747456 22.747456 22.747456 22.747456 22.747456 22.747456 22.747456 22.747456 22.747456 22.747456 22.747456 22.747456 22.747456 22.747456 22.747456 22.747456 22.747456 22.747456 22.747456 22.747456 22.747456 22.747456 22.747456 22.747456 22.747456 22.747456 22.747456 22.747456 22.747456 22.747456 22.747456 22.747456 22.747456 22.747456
-9999 -9999 -9999 -9999 -9999 -9999 -9999 -9999 -9999 -9999 -9999 -9999 -9999 -9999 -9999 -9999 -9999 -9999 -9999 -9999 -9999 -9999 22.644375 22.644375 22.644375 22.644375 22.644375 22.644375 22.644375 22.644375 22.644375 22.644375 22.644375 22.644375 22.644375 22.644375 22.644375 22.644375 22.644375 22.644375 22.644375 22.644375 22.644375 22.644375 22.644375 22.644375 22.644375 22.644375 22.644375 22.644375 22.644375 22.644375 22.644375 22.644375 22.644375 22.644375 22.644375 22.644375 22.644375 22.644375 22.644375 22.644375 22.644375 22.644375
-9999 -9999 -9999 -9999 -9999 -9999 -9999 -9999 -9999 -9999 -9999 -9999 -9999 -9999 -9999 -9999 -9999 -9999 -9999 -9999 -9999 -9999 22.541293 22.541293 22.541293 22.541293 22.541293 22.541293 22.541293 22.541293 22.541293 22.541293 22.541293 22.541293 22.541293 22.541293 22.541293 22.541293 22.541293 22.541293 22.541293 22.541293 22.541293 22.541293 22.541293 22.541293 22.541293 22.541293 22.541293 22.541293 22.541293 22.541293 22.541293 22.541293 22.541293 22.541293 22.541293 22.541293 22.541293 22.541293 22.541293 22.541293 22.541293 22.541293
-9999 -9999 -9999 -9999 -9999 -9999 -9999 -9999 -9999 -9999 -9999 -9999 -9999 -9999 -9999 -9999 -9999 -9999 -9999 -9999 -9999 -9999 22.520681 22.520681 22.520681 22.520681 22.520681 22.520681 22.520681 22.520681 22.520681 22.520681 22.520681 22.520681 22.520681 22.520681 22.520681 22.520681 22.520681 22.520681 22.520681 22.520681 22.520681 22.520681 22.520681 22.520681 22.520681 22.520681 22.520681 22.520681 22.520681 22.520681 22.520681 22.520681 22.520681 22.520681 22.520681 22.520681 22.520681 22.520681 22.520681 22.571271 22.708673 22.708673
-9999 -9999 -9999 -9999 -9999 -9999 -9999 -9999 -9999 -9999 -9999 -9999 -9999 -9999 -9999 -9999 -9999 -9999 -9999 -9999 -9999 -9999 22.518103 22.518103 22.518103 22.518103 22.518103 22.518103 22.518103 22.518103 22.518103 22.518103 22.518103 22.518103 22.518103 22.518103 22.518103 22.518103 22.518103 22.518103 22.518103 22.518103 22.518103 22.518103 22.518103 22.518103 22.518103 22.518103 22.518103 22.518103 22.518103 22.518103 22.518103 22.518103 22.518103 22.518103 22.518103 22.518103 22.518103 22.518103 22.568363 22.797793 22.935195 22.927682
-9999 -9999 -9999 -9999 -9999 -9999 -9999 -9999 -9999 -9999 -9999 -9999 -9999 -9999 -9999 -9999 -9999 -9999 -9999 -9999 -9999 -9999 22.515525 22.515525 22.515525 22.515525 22.515525 22.515525 22.515525 22.515525 22.515525 22.515525 22.515525 22.515525 22.515525 22.515525 22.515525 22.515525 22.515525 22.515525 22.515525 22.515525 22.515525 22.515525 22.515525 22.515525 22.515525 22.515525 22.515525 22.515525 22.515525 22.515525 22.515525 22.515525 22.515525 22.515525 22.515525 22.515525 22.515525 22.565455 22.794885 23.024315 23.154291 23.093665
-9999 -9999 -9999 -9999 -9999 -9999 -9999 -9999 -9999 -9999 -9999 -9999 -9999 -9999 -9999 -9999 -9999 -9999 -9999 -9999 -9999 -9999 22.497574 22.497574 22.497574 22.497574 22.497574 22.497574 22.497574 22.497574 22.497574 22.497574 22.497574 22.497574 22.497574 22.497574 22.497574 22.497574 22.497574 22.497574 22.497574 22.497574 22.497574 22.497574 22.497574 22.497574 22.497574 22.497574 22.497574 22.497574 22.497574 22.497574 22.497574 22.497574 22.497574 22.497574 22.497574 22.497574 22.497574 22.611428 22.840858 23.069506 23.178724 23.118099
-9999 -9999 -9999 -9999 -9999 -9999 -9999 -9999 -9999 -9999 -9999 -9999 -9999 -9999 -9999 -9999 -9999 -9999 -9999 -9999 -9999 -9999 22.473674 22.473674 22.473674 22.473674 22.473674 22.473674 22.473674 22.473674 22.473674 22.473674 22.473674 22.473674 22.473674 22.473674 22.473674 22.473674 22.473674 22.473674 22.473674 22.473674 22.473674 22.473674 22.473674 22.473674 22.473674 22.473674 22.473674 22.473674 22.473674 22.473674 22.473674 22.473674 22.473674 22.473674 22.473674 22.473674 22.473674 22.587528 22.816185 23.039159 23.148377 23.089077
-9999 -9999 -9999 -9999 -9999 -9999 -9999 -9999 -9999 -9999 -9999 -9999 -9999 -9999 -9999 -9999 -9999 -9999 -9999 -9999 -9999 -9999 22.449774 22.449774 22.449774 22.449774 22.449774 22.449774 22.449774 22.449774 22.449774 22.449774 22.449774 22.449774 22.449774 22.449774 22.449774 22.449774 22.449774 22.449774 22.449774 22.449774 22.449774 22.449774 22.449774 22.449774 22.449774 22.449774 22.449774 22.449774 22.449774 22.449774 22.449774 22.449774 22.449774 22.449774 22.449774 22.449774 22.449774 22.562865 22.785838 23.008812 23.119278 23.112778
-9999 -9999 -9999 -9999 -9999 -9999 -9999 -9999 -9999 -9999 -9999 -9999 -9999 -9999 -9999 -9999 -9999 -9999 -9999 -9999 -9999 -9999 22.487232 22.487232 22.487232 22.487232 22.487232 22.487232 22.487232 22.487232 22.487232 22.487232 22.487232 22.487232 22.487232 22.487232 22.487232 22.487232 22.487232 22.487232 22.487232 22.487232 22.487232 22.487232 22.487232 22.487232 22.487232 22.487232 22.487232 22.487232 22.487232 22.487232 22.487232 22.487232 22.487232 22.487232 22.487232 22.487232 22.49498 22.639061 22.862035 23.080795 23.094965 23.088465
-9999 -9999 -9999 -9999 -9999 -9999 -9999 -9999 -9999 -9999 -9999 -9999 -9999 -9999 -9999 -9999 -9999 -9999 -9999 -9999 -9999 -9999 22.562075 22.562075 22.562075 22.562075 22.562075 22.562075 22.562075 22.562075 22.562075 22.562075 22.562075 22.562075 22.562075 22.562075 22.562075 22.562075 22.562075 22.562075 22.562075 22.562075 22.562075 22.562075 22.562075 22.562075 22.562075 22.562075 22.562075 22.562075 22.562075 22.562075 22.562075 22.562075 22.562075 22.562075 22.562075 22.569727 22.636092 22.780174 22.999215 23.027229 23.041398 23.034898
-9999 -9999 -9999 -9999 -9999 -9999 -9999 -9999 -9999 -9999 -9999 -9999 -9999 -9999 -9999 -9999 -9999 -9999 -9999 -9999 -9999 -9999 22.636918 22.636918 22.636918 22.636918 22.636918 22.636918 22.636918 22.636918 22.636918 22.636918 22.636918 22.636918 22.636918 22.636918 22.636918 22.636918 22.636918 22.636918 22.636918 22.636918 22.636918 22.636918 22.636918 22.636918 22.636918 22.636918 22.636918 22.636918 22.636918 22.636918 22.636918 22.636918 22.636918 22.636918 22.644475 22.71084 22.777205 22.917634 22.945648 22.973662 22.987831 22.987335
-9999 -9999 -9999 -9999 -9999 -9999 -9999 -9999 -9999 -9999 -9999 -9999 -9999 -9999 -9999 -9999 -9999 -9999 -9999 -9999 -9999 -9999 22.631067 22.631067 22.631067 22.631067 22.631067 22.631067 22.631067 22.631067 22.631067 22.631067 22.631067 22.631067 22.631067 22.631067 22.631067 22.631067 22.631067 22.631067 22.631067 22.631067 22.631067 22.631067 22.631067 22.631067 22.631067 22.631067 22.631067 22.631067 22.631067 22.631067 22.631067 22.631067 22.631067 22.631067 22.670313 22.736678 22.809038 23.030959 23.058973 23.086987 23.096634 23.096634
