test/data/Reference_scenario/processor_outputs/debug/OUTPUT_T_225_0_23h.tif
NCOLS 132
NROWS 132
XLLCORNER 352310.43
YLLCORNER 6689219.5
DX 17.797726
DY 17.797726
NODATA_VALUE -9999
[rows 58 to 86 of 132, columns 64 to 127 of 132]
-9999 -9999 -9999 -9999 -9999 -9999 -9999 -9999 -9999 -9999 -9999 -9999 -9999 -9999 -9999 -9999 -9999 -9999 -9999 -9999 -9999 -9999 -9999 -9999 -9999 -9999 -9999 -9999 -9999 -9999 -9999 -9999 -9999 -9999 -9999 -9999 -9999 -9999 -9999 -9999 -9999 -9999 -9999 -9999 -9999 -9999 -9999 -9999 -9999 -9999 -9999 -9999 -9999 -9999 -9999 -9999 -9999 -9999 -9999 -9999 -9999 -9999 -9999 -9999
19.492588 19.550296 19.571754 19.584913 19.598072 19.609597 19.616676 19.62333 19.629984 19.639171 19.654248 19.601595 19.587784 19.610929 19.643355 19.717398 19.836713 19.918119 19.97535 20.032582 20.044716 20.047389 20.044009 20.040629 20.038688 20.051997 20.065305 20.078614 20.091923 20.094216 20.086672 20.079129 20.071585 20.064042 20.060146 20.056362 20.052578 20.048794 20.045626 20.043335 20.041044 20.038753 20.036462 20.040035 20.044607 20.049179 20.053751 20.059065 20.066141 20.073217 20.062435 20.057165 -9999 -9999 -9999 -9999 -9999 -9999 -9999 -9999 -9999 -9999 -9999 -9999
-9999 -9999 -9999 -9999 -9999 -9999 -9999 -9999 -9999 -9999 -9999 -9999 -9999 -9999 -9999 -9999 -9999 -9999 -9999 -9999 -9999 -9999 -9999 -9999 -9999 -9999 -9999 -9999 -9999 -9999 -9999 -9999 -9999 -9999 -9999 -9999 -9999 -9999 -9999 -9999 -9999 -9999 -9999 -9999 -9999 -9999 -9999 -9999 -9999 -9999 -9999 -9999 -9999 -9999 -9999 -9999 -9999 -9999 -9999 -9999 -9999 -9999 -9999 -9999
19.629795 19.640415 19.651036 19.661706 19.670947 19.676591 19.681181 19.685616 19.690954 19.622713 19.531248 19.446427 19.414863 19.474389 19.620037 19.750266 19.865051 19.979835 20.026752 20.016886 19.994955 20.012834 20.034235 20.051997 20.065305 20.078614 20.091923 20.094216 20.086672 20.079129 20.071585 20.064042 20.060146 20.056362 20.052578 20.048794 20.045626 20.043335 20.041044 20.038753 20.036462 20.040035 20.044607 20.049179 20.053751 20.059065 20.066141 20.073217 20.080292 20.087368 20.080128 20.06703 20.062622 20.054693 -9999 -9999 -9999 -9999 -9999 -9999 -9999 -9999 -9999 -9999
-9999 -9999 -9999 -9999 -9999 -9999 -9999 -9999 -9999 -9999 -9999 -9999 -9999 -9999 -9999 -9999 -9999 -9999 -9999 -9999 -9999 -9999 -9999 -9999 -9999 -9999 -9999 -9999 -9999 -9999 -9999 -9999 -9999 -9999 -9999 -9999 -9999 -9999 -9999 -9999 -9999 -9999 -9999 -9999 -9999 -9999 -9999 -9999 -9999 -9999 -9999 -9999 -9999 -9999 -9999 -9999 -9999 -9999 -9999 -9999 -9999 -9999 -9999 -9999
19.720628 19.729689 19.738501 19.743751 19.74779 19.751471 19.756308 19.676419 19.558455 19.437587 19.350654 19.306052 19.428528 19.558436 19.700038 19.84164 19.902026 19.911396 19.920883 19.92997 19.945944 20.000867 20.05447 20.078614 20.091923 20.094216 20.086672 20.079129 20.071585 20.064042 20.060146 20.056362 20.052578 20.048794 20.045626 20.043335 20.041044 20.038753 20.036462 20.040035 20.044607 20.049179 20.053751 20.059065 20.066141 20.073217 20.080292 20.087368 20.086453 20.082709 20.078964 20.07522 20.071625 20.068079 20.06015 20.052221 -9999 -9999 -9999 -9999 -9999 -9999 -9999 -9999
-9999 -9999 -9999 -9999 -9999 -9999 -9999 -9999 -9999 -9999 -9999 -9999 -9999 -9999 -9999 -9999 -9999 -9999 -9999 -9999 -9999 -9999 -9999 -9999 -9999 -9999 -9999 -9999 -9999 -9999 -9999 -9999 -9999 -9999 -9999 -9999 -9999 -9999 -9999 -9999 -9999 -9999 -9999 -9999 -9999 -9999 -9999 -9999 -9999 -9999 -9999 -9999 -9999 -9999 -9999 -9999 -9999 -9999 -9999 -9999 -9999 -9999 -9999 -9999
19.812161 19.817404 19.820843 19.82303 19.82738 19.756801 19.65193 19.530582 19.416976 19.3221 19.381283 19.458813 19.584096 19.709379 19.764132 19.779927 19.795723 19.805839 19.824274 19.911281 20.000568 20.051311 20.083171 20.094216 20.086672 20.079129 20.071585 20.064042 20.060146 20.056362 20.052578 20.048794 20.045626 20.043335 20.041044 20.038753 20.036462 20.040035 20.044607 20.049179 20.053751 20.059065 20.066141 20.073217 20.080292 20.087368 20.086453 20.082709 20.078964 20.07522 20.072342 20.073394 20.074447 20.0755 20.073536 20.065607 20.057678 20.04975 -9999 -9999 -9999 -9999 -9999 -9999
-9999 -9999 -9999 -9999 -9999 -9999 -9999 -9999 -9999 -9999 -9999 -9999 -9999 -9999 -9999 -9999 -9999 -9999 -9999 -9999 -9999 -9999 -9999 -9999 -9999 -9999 -9999 -9999 -9999 -9999 -9999 -9999 -9999 -9999 -9999 -9999 -9999 -9999 -9999 -9999 -9999 -9999 -9999 -9999 -9999 -9999 -9999 -9999 -9999 -9999 -9999 -9999 -9999 -9999 -9999 -9999 -9999 -9999 -9999 -9999 -9999 -9999 -9999 -9999
19.90386 19.902994 19.906606 19.845619 19.754816 19.642026 19.541977 19.429672 19.364856 19.324153 19.404133 19.484114 19.618498 19.573819 19.598489 19.623158 19.661197 19.816051 19.931777 20.0124 20.070699 20.094216 20.086672 20.079129 20.071585 20.064042 20.060146 20.056362 20.052578 20.048794 20.045626 20.043335 20.041044 20.038753 20.036462 20.040035 20.044607 20.049179 20.053751 20.059065 20.066141 20.073217 20.080292 20.087368 20.086453 20.082709 20.078964 20.07522 20.072342 20.073394 20.074447 20.0755 20.076552 20.076602 20.076043 20.075485 20.07121 20.063201 20.055207 20.047278 -9999 -9999 -9999 -9999
-9999 -9999 -9999 -9999 -9999 -9999 -9999 -9999 -9999 -9999 -9999 -9999 -9999 -9999 -9999 -9999 -9999 -9999 -9999 -9999 -9999 -9999 -9999 -9999 -9999 -9999 -9999 -9999 -9999 -9999 -9999 -9999 -9999 -9999 -9999 -9999 -9999 -9999 -9999 -9999 -9999 -9999 -9999 -9999 -9999 -9999 -9999 -9999 -9999 -9999 -9999 -9999 -9999 -9999 -9999 -9999 -9999 -9999 -9999 -9999 -9999 -9999 -9999 -9999
20.00133 19.948017 19.870113 19.76687 19.680057 19.57787 19.521303 19.451569 19.385722 19.319875 19.303339 19.342464 19.506897 19.468755 19.36993 19.52266 19.688439 19.854219 20.019998 20.094216 20.086672 20.079129 20.071585 20.064042 20.060146 20.056362 20.052578 20.048794 20.045626 20.043335 20.041044 20.038753 20.036462 20.040035 20.044607 20.049179 20.053751 20.059065 20.066141 20.073217 20.080292 20.087368 20.086453 20.082709 20.078964 20.07522 20.072342 20.073394 20.074447 20.0755 20.076552 20.076602 20.076043 20.075485 20.074926 20.073957 20.067041 20.060126 20.053211 20.046296 -9999 -9999 -9999 -9999
19.995342 19.927751 19.852491 19.749247 19.655089 19.598439 19.542487 19.473019 19.403285 19.38675 19.397452 19.411338 19.451097 19.441828 19.42179 19.587514 19.854219 20.019998 20.094216 20.086672 20.079129 20.071585 20.064042 20.060146 20.056362 20.052578 20.048794 20.045626 20.043335 20.041044 20.038753 20.036462 20.040035 20.044607 20.049179 20.053751 20.059065 20.066141 20.073217 20.080292 20.087368 20.086453 20.082709 20.078964 20.07522 20.072342 20.073394 20.074447 20.0755 20.076552 20.076602 20.076043 20.075485 20.074926 20.073957 20.067041 20.060126 20.053211 20.046296 -9999 -9999 -9999 -9999 -9999
19.961411 19.90521 19.834868 19.741647 19.687987 19.619706 19.563056 19.494698 19.472804 19.480862 19.491565 19.505122 19.517287 19.493688 19.47365 19.613593 19.919072 20.094216 20.086672 20.079129 20.071585 20.064042 20.060146 20.056362 20.052578 20.048794 20.045626 20.043335 20.041044 20.038753 20.036462 20.040035 20.044607 20.049179 20.053751 20.059065 20.066141 20.073217 20.080292 20.087368 20.086453 20.082709 20.078964 20.07522 20.072342 20.073394 20.074447 20.0755 20.076552 20.076602 20.076043 20.075485 20.074926 20.073957 20.067041 20.060126 20.053211 20.046296 -9999 -9999 -9999 -9999 -9999 -9999
19.952118 19.890199 19.82848 19.773608 19.719947 19.652843 19.584323 19.564446 19.569102 19.576726 19.585677 19.596223 19.579951 19.555598 19.52551 19.639673 19.916558 20.086672 20.079129 20.071585 20.064042 20.060146 20.056362 20.052578 20.048794 20.045626 20.043335 20.041044 20.038753 20.036462 20.040035 20.044607 20.049179 20.053751 20.059065 20.066141 20.073217 20.080292 20.087368 20.086453 20.082709 20.078964 20.07522 20.072342 20.073394 20.074447 20.0755 20.076552 20.076602 20.076043 20.075485 20.074926 20.073957 20.067041 20.060126 20.053211 20.046296 -9999 -9999 -9999 -9999 -9999 -9999 -9999
19.99037 19.92865 19.867714 19.806779 19.751907 19.68598 19.660277 19.660911 19.6654 19.672692 19.679839 19.658887 19.642615 19.619515 19.587419 19.637159 19.888511 20.079129 20.071585 20.064042 20.060146 20.056362 20.052578 20.048794 20.045626 20.043335 20.041044 20.038753 20.036462 20.040035 20.044607 20.049179 20.053751 20.059065 20.066141 20.073217 20.080292 20.087368 20.086453 20.082709 20.078964 20.07522 20.072342 20.073394 20.074447 20.0755 20.076552 20.076602 20.076043 20.075485 20.074926 20.073957 20.067041 20.060126 20.053211 20.046296 -9999 -9999 -9999 -9999 -9999 -9999 -9999 -9999
20.020014 19.970317 19.908204 19.846092 19.785078 19.761934 19.759882 19.760224 19.761866 19.766957 19.756069 19.735903 19.705279 19.683432 19.680276 19.725547 19.860464 20.071585 20.064042 20.060146 20.056362 20.052578 20.048794 20.045626 20.043335 20.041044 20.038753 20.036462 20.040035 20.044607 20.049179 20.053751 20.059065 20.066141 20.073217 20.080292 20.087368 20.086453 20.082709 20.078964 20.07522 20.072342 20.073394 20.074447 20.0755 20.076552 20.076602 20.076043 20.075485 20.074926 20.073957 20.067041 20.060126 20.053211 20.046296 -9999 -9999 -9999 -9999 -9999 -9999 -9999 -9999 -9999
20.032494 20.013415 19.962307 19.900194 19.872082 19.862751 19.859487 19.859536 19.859643 19.84348 19.8323 19.813764 19.782296 19.776289 19.798974 19.837199 19.948852 20.064042 20.060146 20.056362 20.052578 20.048794 20.045626 20.043335 20.041044 20.038753 20.036462 20.040035 20.044607 20.049179 20.053751 20.059065 20.066141 20.073217 20.080292 20.087368 20.086453 20.082709 20.078964 20.07522 20.072342 20.073394 20.074447 20.0755 20.076552 20.076602 20.076043 20.075485 20.074926 20.073957 20.067041 20.060126 20.053211 20.046296 -9999 -9999 -9999 -9999 -9999 -9999 -9999 -9999 -9999 -9999
20.044975 20.027866 20.005404 19.988298 19.978967 19.969636 19.960305 19.957313 19.94115 19.924986 19.908823 19.891624 19.860608 19.849645 19.917672 19.948852 20.060504 20.060146 20.056362 20.052578 20.048794 20.045626 20.043335 20.041044 20.038753 20.036462 20.040035 20.044607 20.049179 20.053751 20.059065 20.066141 20.073217 20.080292 20.087368 20.086453 20.082709 20.078964 20.07522 20.072342 20.073394 20.074447 20.0755 20.076552 20.076602 20.076043 20.075485 20.074926 20.073957 20.067041 20.060126 20.053211 20.046296 -9999 -9999 -9999 -9999 -9999 -9999 -9999 -9999 -9999 -9999 -9999
20.057455 20.042318 20.024674 20.03046 20.032727 20.02848 20.024524 20.023654 20.011481 19.99705 19.98262 19.966901 19.939322 19.920337 19.991028 20.060504 20.060146 20.056362 20.052578 20.048794 20.045626 20.043335 20.041044 20.038753 20.036462 20.040035 20.044607 20.049179 20.053751 20.059065 20.066141 20.073217 20.080292 20.087368 20.086453 20.082709 20.078964 20.07522 20.072342 20.073394 20.074447 20.0755 20.076552 20.076602 20.076043 20.075485 20.074926 20.073957 20.067041 20.060126 20.053211 20.046296 -9999 -9999 -9999 -9999 -9999 -9999 -9999 -9999 -9999 -9999 -9999 -9999
20.067983 20.061588 20.046604 20.049681 20.068903 20.071461 20.07059 20.06972 20.06885 20.056678 20.026324 19.990952 20.015002 19.991028 20.06172 20.060146 20.056362 20.052578 20.048794 20.045626 20.043335 20.041044 20.038753 20.036462 20.040035 20.044607 20.049179 20.053751 20.059065 20.066141 20.073217 20.080292 20.087368 20.086453 20.082709 20.078964 20.07522 20.072342 20.073394 20.074447 20.0755 20.076552 20.076602 20.076043 20.075485 20.074926 20.073957 20.067041 20.060126 20.053211 20.046296 -9999 -9999 -9999 -9999 -9999 -9999 -9999 -9999 -9999 -9999 -9999 -9999 -9999
20.072873 20.076346 20.068534 20.068903 20.086689 20.089263 20.091837 20.094412 20.096986 20.094216 20.05581 20.015002 20.039053 20.063104 20.060146 20.056362 20.052578 20.048794 20.045626 20.043335 20.041044 20.038753 20.036462 20.040035 20.044607 20.049179 20.053751 20.059065 20.066141 20.073217 20.080292 20.087368 20.086453 20.082709 20.078964 20.07522 20.072342 20.073394 20.074447 20.0755 20.076552 20.076602 20.076043 20.075485 20.074926 20.073957 20.067041 20.060126 20.053211 20.046296 -9999 -9999 -9999 -9999 -9999 -9999 -9999 -9999 -9999 -9999 -9999 -9999 -9999 -9999
20.076346 20.079819 20.083293 20.086689 20.089263 20.091837 20.094412 20.096986 20.094216 20.086672 20.079129 20.040723 20.063104 20.060146 20.056362 20.052578 20.048794 20.045626 20.043335 20.041044 20.038753 20.036462 20.040035 20.044607 20.049179 20.053751 20.059065 20.066141 20.073217 20.080292 20.087368 20.086453 20.082709 20.078964 20.07522 20.072342 20.073394 20.074447 20.0755 20.076552 20.076602 20.076043 20.075485 20.074926 20.073957 20.067041 20.060126 20.053211 20.046296 -9999 -9999 -9999 -9999 -9999 -9999 -9999 -9999 -9999 -9999 -9999 -9999 -9999 -9999 -9999
20.079819 20.083293 20.086689 20.089263 20.091837 20.094412 20.096986 20.094216 20.086672 20.079129 20.071585 20.064042 20.060146 20.056362 20.052578 20.048794 20.045626 20.043335 20.041044 20.038753 20.036462 20.040035 20.044607 20.049179 20.053751 20.059065 20.066141 20.073217 20.080292 20.087368 20.086453 20.082709 20.078964 20.07522 20.072342 20.073394 20.074447 20.0755 20.076552 20.076602 20.076043 20.075485 20.074926 20.073957 20.067041 20.060126 20.053211 20.046296 -9999 -9999 -9999 -9999 -9999 -9999 -9999 -9999 -9999 -9999 -9999 -9999 -9999 -9999 -9999 -9999
20.083293 20.086689 20.089263 20.091837 20.094412 20.096986 20.094216 20.086672 20.079129 20.071585 20.064042 20.060146 20.056362 20.052578 20.048794 20.045626 20.043335 20.041044 20.038753 20.036462 20.040035 20.044607 20.049179 20.053751 20.059065 20.066141 20.073217 20.080292 20.087368 20.086453 20.082709 20.078964 20.07522 20.072342 20.073394 20.074447 20.0755 20.076552 20.076602 20.076043 20.075485 20.074926 20.073957 20.067041 20.060126 20.053211 20.046296 -9999 -9999 -9999 -9999 -9999 -9999 -9999 -9999 -9999 -9999 -9999 -9999 -9999 -9999 -9999 -9999 -9999
20.086689 20.089263 20.091837 20.094412 20.096986 20.094216 20.086672 20.079129 20.071585 20.064042 20.060146 20.056362 20.052578 20.048794 20.045626 20.043335 20.041044 20.038753 20.036462 20.040035 20.044607 20.049179 20.053751 20.059065 20.066141 20.073217 20.080292 20.087368 20.086453 20.082709 20.078964 20.07522 20.072342 20.073394 20.074447 20.0755 20.076552 20.076602 20.076043 20.075485 20.074926 20.073957 20.067041 20.060126 20.053211 20.046296 -9999 -9999 -9999 -9999 -9999 -9999 -9999 -9999 -9999 -9999 -9999 -9999 -9999 -9999 -9999 -9999 -9999 -9999
20.089263 20.091837 20.094412 20.096986 20.094216 20.086672 20.079129 20.071585 20.064042 20.060146 20.056362 20.052578 20.048794 20.045626 20.043335 20.041044 20.038753 20.036462 20.040035 20.044607 20.049179 20.053751 20.059065 20.066141 20.073217 20.080292 20.087368 20.086453 20.082709 20.078964 20.07522 20.072342 20.073394 20.074447 20.0755 20.076552 20.076602 20.076043 20.075485 20.074926 20.073957 20.067041 20.060126 20.053211 20.046296 -9999 -9999 -9999 -9999 -9999 -9999 -9999 -9999 -9999 -9999 -9999 -9999 -9999 -9999 -9999 -9999 -9999 -9999 -9999
20.091837 20.094412 20.096986 20.094216 20.086672 20.079129 20.071585 20.064042 20.060146 20.056362 20.052578 20.048794 20.045626 20.043335 20.041044 20.038753 20.036462 20.040035 20.044607 20.049179 20.053751 20.059065 20.066141 20.073217 20.080292 20.087368 20.086453 20.082709 20.078964 20.07522 20.072342 20.073394 20.074447 20.0755 20.076552 20.076602 20.076043 20.075485 20.074926 20.073957 20.067041 20.060126 20.053211 20.046296 -9999 -9999 -9999 -9999 -9999 -9999 -9999 -9999 -9999 -9999 -9999 -9999 -9999 -9999 -9999 -9999 -9999 -9999 -9999 -9999
20.094412 20.096986 20.094216 20.086672 20.079129 20.071585 20.064042 20.060146 20.056362 20.052578 20.048794 20.045626 20.043335 20.041044 20.038753 20.036462 20.040035 20.044607 20.049179 20.053751 20.059065 20.066141 20.073217 20.080292 20.087368 20.086453 20.082709 20.078964 20.07522 20.072342 20.073394 20.074447 20.0755 20.076552 20.076602 20.076043 20.075485 20.074926 20.073957 20.067041 20.060126 20.053211 20.046296 -9999 -9999 -9999 -9999 -9999 -9999 -9999 -9999 -9999 -9999 -9999 -9999 -9999 -9999 -9999 -9999 -9999 -9999 -9999 -9999 -9999
