test/data/Reference_scenario/processor_outputs/debug/OUTPUT_T_225_0_23h.tif
NCOLS 132
NROWS 132
XLLCORNER 352310.43
YLLCORNER 6689219.5
DX 17.797726
DY 17.797726
NODATA_VALUE -9999
[rows 29 to 57 of 132, columns 0 to 63 of 132]
-9999 -9999 -9999 -9999 -9999 -9999 -9999 -9999 -9999 -9999 -9999 -9999 -9999 -9999 -9999 -9999 -9999 -9999 -9999 -9999 -9999 -9999 -9999 -9999 -9999 -9999 -9999 -9999 -9999 -9999 -9999 -9999 -9999 -9999 -9999 -9999 -9999 -9999 -9999 -9999 -9999 20.009829 20.007491 20.005153 20.002815 20.000543 20.003125 20.005708 20.00829 20.010873 20.012172 20.011938 20.011703 20.011469 20.011234 20.009574 20.007752 20.005929 20.004106 20.004182 20.007949 20.011717 20.015484 20.019251
-9999 -9999 -9999 -9999 -9999 -9999 -9999 -9999 -9999 -9999 -9999 -9999 -9999 -9999 -9999 -9999 -9999 -9999 -9999 -9999 -9999 -9999 -9999 -9999 -9999 -9999 -9999 -9999 -9999 -9999 -9999 -9999 -9999 -9999 -9999 -9999 -9999 -9999 -9999 -9999 20.009829 20.007491 20.005153 20.002815 20.000543 20.003125 20.005708 20.00829 20.010873 20.012172 20.011938 20.011703 20.011469 20.011234 20.009574 20.007752 20.005929 20.004106 20.004182 20.007949 20.011717 20.015484 20.019251 20.020494
-9999 -9999 -9999 -9999 -9999 -9999 -9999 -9999 -9999 -9999 -9999 -9999 -9999 -9999 -9999 -9999 -9999 -9999 -9999 -9999 -9999 -9999 -9999 -9999 -9999 -9999 -9999 -9999 -9999 -9999 -9999 -9999 -9999 -9999 -9999 -9999 -9999 -9999 -9999 20.009829 20.007491 20.005153 20.002815 20.000543 20.003125 20.005708 20.00829 20.010873 20.012172 20.011938 20.011703 20.011469 20.011234 20.009574 20.007752 20.005929 20.004106 20.004182 20.007949 20.011717 20.015484 20.019251 20.020494 20.021033
-9999 -9999 -9999 -9999 -9999 -9999 -9999 -9999 -9999 -9999 -9999 -9999 -9999 -9999 -9999 -9999 -9999 -9999 -9999 -9999 -9999 -9999 -9999 -9999 -9999 -9999 -9999 -9999 -9999 -9999 -9999 -9999 -9999 -9999 -9999 -9999 -9999 -9999 20.009829 20.007491 20.005153 20.002815 20.000543 20.003125 20.005708 20.00829 20.010873 20.012172 20.011938 20.011703 20.011469 20.011234 20.009574 20.007752 20.005929 20.004106 20.004182 20.007949 20.011717 20.015484 20.019251 20.020494 20.021033 20.021572
-9999 -9999 -9999 -9999 -9999 -9999 -9999 -9999 -9999 -9999 -9999 -9999 -9999 -9999 -9999 -9999 -9999 -9999 -9999 -9999 -9999 -9999 -9999 -9999 -9999 -9999 -9999 -9999 -9999 -9999 -9999 -9999 -9999 -9999 -9999 -9999 -9999 20.009829 20.007491 20.005153 20.002815 20.000543 20.003125 20.005708 20.00829 20.010873 20.012172 20.011938 20.011703 20.011469 20.011234 20.009574 20.007752 20.005929 20.004106 20.004182 20.007949 20.011717 20.015484 20.019251 20.020494 20.021033 20.021572 20.022111
-9999 -9999 -9999 -9999 -9999 -9999 -9999 -9999 -9999 -9999 -9999 -9999 -9999 -9999 -9999 -9999 -9999 -9999 -9999 -9999 -9999 -9999 -9999 -9999 -9999 -9999 -9999 -9999 -9999 -9999 -9999 -9999 -9999 -9999 -9999 -9999 20.009829 20.007491 20.005153 20.002815 20.000543 20.003125 20.005708 20.00829 20.010873 20.012172 20.011938 20.011703 20.011469 20.011234 20.009574 20.007752 20.005929 20.004106 20.004182 20.007949 20.011717 20.015484 20.019251 20.020494 20.021033 20.021572 20.022111 20.022328
-9999 -9999 -9999 -9999 -9999 -9999 -9999 -9999 -9999 -9999 -9999 -9999 -9999 -9999 -9999 -9999 -9999 -9999 -9999 -9999 -9999 -9999 -9999 -9999 -9999 -9999 -9999 -9999 -9999 -9999 -9999 -9999 -9999 -9999 -9999 20.009829 20.007491 20.005153 20.002815 20.000543 20.003125 20.005708 20.00829 20.010873 20.012172 20.011938 20.011703 20.011469 20.011234 20.009574 20.007752 20.005929 20.004106 20.004182 20.007949 20.011717 20.015484 20.019251 20.020494 20.021033 20.021572 20.022111 20.022328 20.021427
-9999 -9999 -9999 -9999 -9999 -9999 -9999 -9999 -9999 -9999 -9999 -9999 -9999 -9999 -9999 -9999 -9999 -9999 -9999 -9999 -9999 -9999 -9999 -9999 -9999 -9999 -9999 -9999 -9999 -9999 -9999 -9999 -9999 -9999 20.009829 20.007491 20.005153 20.002815 20.000543 20.003125 20.005708 20.00829 20.010873 20.012172 20.011938 20.011703 20.011469 20.011234 20.009574 20.007752 20.005929 20.004106 20.004182 20.007949 20.011717 20.015484 20.019251 20.020494 20.021033 20.021572 20.022111 20.022328 20.021427 20.020526
-9999 -9999 -9999 -9999 -9999 -9999 -9999 -9999 -9999 -9999 -9999 -9999 -9999 -9999 -9999 -9999 -9999 -9999 -9999 -9999 -9999 -9999 -9999 -9999 -9999 -9999 -9999 -9999 -9999 -9999 -9999 -9999 -9999 20.009829 20.007491 20.005153 20.002815 20.000543 20.003125 20.005708 20.00829 20.010873 20.012172 20.011938 20.011703 20.011469 20.011234 20.009574 20.007752 20.005929 20.004106 20.004182 20.007949 20.011717 20.015484 20.019251 20.020494 20.021033 20.021572 20.022111 20.022328 20.021427 20.020526 20.019625
-9999 -9999 -9999 -9999 -9999 -9999 -9999 -9999 -9999 -9999 -9999 -9999 -9999 -9999 -9999 -9999 -9999 -9999 -9999 -9999 -9999 -9999 -9999 -9999 -9999 -9999 -9999 -9999 -9999 -9999 -9999 -9999 20.009829 20.007491 20.005153 20.002815 20.000543 20.003125 20.005708 20.00829 20.010873 20.012172 20.011938 20.011703 20.011469 20.011234 20.009574 20.007752 20.005929 20.004106 20.004182 20.007949 20.011717 20.015484 20.019251 20.020494 20.021033 20.021572 20.022111 20.022328 20.021427 20.020526 20.019625 20.018724
-9999 -9999 -9999 -9999 -9999 -9999 -9999 -9999 -9999 -9999 -9999 -9999 -9999 -9999 -9999 -9999 -9999 -9999 -9999 -9999 -9999 -9999 -9999 -9999 -9999 -9999 -9999 -9999 -9999 -9999 -9999 20.009829 20.007491 20.005153 20.002815 20.000543 20.003125 20.005708 20.00829 20.010873 20.012172 20.011938 20.011703 20.011469 20.011234 20.009574 20.007752 20.005929 20.004106 20.004182 20.007949 20.011717 20.015484 20.019251 20.020494 20.021033 20.021572 20.022111 20.022328 20.021427 20.020526 20.019625 20.018724 20.021991
-9999 -9999 -9999 -9999 -9999 -9999 -9999 -9999 -9999 -9999 -9999 -9999 -9999 -9999 -9999 -9999 -9999 -9999 -9999 -9999 -9999 -9999 -9999 -9999 -9999 -9999 -9999 -9999 -9999 -9999 20.009829 20.007491 20.005153 20.002815 20.000543 20.003125 20.005708 20.00829 20.010873 20.012172 20.011938 20.011703 20.011469 20.011234 20.009574 20.007752 20.005929 20.004106 20.004182 20.007949 20.011717 20.015484 20.019251 20.020494 20.021033 20.021572 20.022111 20.022328 20.021427 20.020526 20.019625 20.018724 20.021991 20.02735
-9999 -9999 -9999 -9999 -9999 -9999 -9999 -9999 -9999 -9999 -9999 -9999 -9999 -9999 -9999 -9999 -9999 -9999 -9999 -9999 -9999 -9999 -9999 -9999 -9999 -9999 -9999 -9999 -9999 20.009829 20.007491 20.005153 20.002815 20.000543 20.003125 20.005708 20.00829 20.010873 20.012172 20.011938 20.011703 20.011469 20.011234 20.009574 20.007752 20.005929 20.004106 20.004182 20.007949 20.011717 20.015484 20.019251 20.020494 20.021033 20.021572 20.022111 20.022328 20.021427 20.020526 20.019625 20.018724 20.021991 20.02735 20.032709
-9999 -9999 -9999 -9999 -9999 -9999 -9999 -9999 -9999 -9999 -9999 -9999 -9999 -9999 -9999 -9999 -9999 -9999 -9999 -9999 -9999 -9999 -9999 -9999 -9999 -9999 -9999 -9999 20.009829 20.007491 20.005153 20.002815 20.000543 20.003125 20.005708 20.00829 20.010873 20.012172 20.011938 20.011703 20.011469 20.011234 20.009574 20.007752 20.005929 20.004106 20.004182 20.007949 20.011717 20.015484 20.019251 20.020494 20.021033 20.021572 20.022111 20.022328 20.021427 20.020526 20.019625 20.018724 20.021991 20.02735 20.032709 20.038069
-9999 -9999 -9999 -9999 -9999 -9999 -9999 -9999 -9999 -9999 -9999 -9999 -9999 -9999 -9999 -9999 -9999 -9999 -9999 -9999 -9999 -9999 -9999 -9999 -9999 -9999 -9999 20.009829 20.007491 20.005153 20.002815 20.000543 20.003125 20.005708 20.00829 20.010873 20.012172 20.011938 20.011703 20.011469 20.011234 20.009574 20.007752 20.005929 20.004106 20.004182 20.007949 20.011717 20.015484 20.019251 20.020494 20.021033 20.021572 20.022111 20.022328 20.021427 20.020526 20.019625 20.018724 20.021991 20.02735 20.032709 20.038069 20.025848
-9999 -9999 -9999 -9999 -9999 -9999 -9999 -9999 -9999 -9999 -9999 -9999 -9999 -9999 -9999 -9999 -9999 -9999 -9999 -9999 -9999 -9999 -9999 -9999 -9999 -9999 20.009829 20.007491 20.005153 20.002815 20.000543 20.003125 20.005708 20.00829 20.010873 20.012172 20.011938 20.011703 20.011469 20.011234 20.009574 20.007752 20.005929 20.004106 20.004182 20.007949 20.011717 20.015484 20.019251 20.020494 20.021033 20.021572 20.022111 20.022328 20.021427 20.020526 20.019625 20.018724 20.021991 20.02735 20.032709 20.038069 20.025848 19.868174
-9999 -9999 -9999 -9999 -9999 -9999 -9999 -9999 -9999 -9999 -9999 -9999 -9999 -9999 -9999 -9999 -9999 -9999 -9999 -9999 -9999 -9999 -9999 -9999 -9999 20.009829 20.007491 20.005153 20.002815 20.000543 20.003125 20.005708 20.00829 20.010873 20.012172 20.011938 20.011703 20.011469 20.011234 20.009574 20.007752 20.005929 20.004106 20.004182 20.007949 20.011717 20.015484 20.019251 20.020494 20.021033 20.021572 20.022111 20.022328 20.021427 20.020526 20.019625 20.018724 20.021991 20.02735 20.032709 20.038069 20.036715 19.927276 19.710499
-9999 -9999 -9999 -9999 -9999 -9999 -9999 -9999 -9999 -9999 -9999 -9999 -9999 -9999 -9999 -9999 -9999 -9999 -9999 -9999 -9999 -9999 -9999 -9999 20.009829 20.007491 20.005153 20.002815 20.000543 20.003125 20.005708 20.00829 20.010873 20.012172 20.011938 20.011703 20.011469 20.011234 20.009574 20.007752 20.005929 20.004106 20.004182 20.007949 20.011717 20.015484 20.019251 20.020494 20.021033 20.021572 20.022111 20.022328 20.021427 20.020526 20.019625 20.018724 20.021991 20.02735 20.032709 20.038069 20.036715 19.979814 19.88771 19.611927
-9999 -9999 -9999 -9999 -9999 -9999 -9999 -9999 -9999 -9999 -9999 -9999 -9999 -9999 -9999 -9999 -9999 -9999 -9999 -9999 -9999 -9999 -9999 20.009829 20.007491 20.005153 20.002815 20.000543 20.003125 20.005708 20.00829 20.010873 20.012172 20.011938 20.011703 20.011469 20.011234 20.009574 20.007752 20.005929 20.004106 20.004182 20.007949 20.011717 20.015484 20.019251 20.020494 20.021033 20.021572 20.022111 20.022328 20.021427 20.020526 20.019625 20.018724 20.021991 20.02735 20.032709 20.038069 20.036715 19.979814 19.922912 19.848144 19.572361
-9999 -9999 -9999 -9999 -9999 -9999 -9999 -9999 -9999 -9999 -9999 -9999 -9999 -9999 -9999 -9999 -9999 -9999 -9999 -9999 -9999 -9999 20.009829 20.007491 20.005153 20.002815 20.000543 20.003125 20.005708 20.00829 20.010873 20.012172 20.011938 20.011703 20.011469 20.011234 20.009574 20.007752 20.005929 20.004106 20.004182 20.007949 20.011717 20.015484 20.019251 20.020494 20.021033 20.021572 20.022111 20.022328 20.021427 20.020526 20.019625 20.018724 20.021991 20.02735 20.032709 20.038069 20.036715 19.979814 19.922912 19.866011 19.808578 19.552637
-9999 -9999 -9999 -9999 -9999 -9999 -9999 -9999 -9999 -9999 -9999 -9999 -9999 -9999 -9999 -9999 -9999 -9999 -9999 -9999 -9999 20.009829 20.007491 20.005153 20.002815 20.000543 20.003125 20.005708 20.00829 20.010873 20.012172 20.011938 20.011703 20.011469 20.011234 20.009574 20.007752 20.005929 20.004106 20.004182 20.007949 20.011717 20.015484 20.019251 20.020494 20.021033 20.021572 20.022111 20.022328 20.021427 20.020526 20.019625 20.018724 20.021991 20.02735 20.032709 20.038069 20.04257 20.036498 19.996006 19.932051 19.868096 19.746023 19.549155
-9999 -9999 -9999 -9999 -9999 -9999 -9999 -9999 -9999 -9999 -9999 -9999 -9999 -9999 -9999 -9999 -9999 -9999 -9999 -9999 20.009829 20.007491 20.005153 20.002815 20.000543 20.003125 20.005708 20.00829 20.010873 20.012172 20.011938 20.011703 20.011469 20.011234 20.009574 20.007752 20.005929 20.004106 20.004182 20.007949 20.011717 20.015484 20.019251 20.020494 20.021033 20.021572 20.022111 20.022328 20.021427 20.020526 20.019625 20.018724 20.021991 20.02735 20.032709 20.038069 20.04257 20.03997 20.036185 20.004706 19.964214 19.842141 19.672492 19.502844
-9999 -9999 -9999 -9999 -9999 -9999 -9999 -9999 -9999 -9999 -9999 -9999 -9999 -9999 -9999 -9999 -9999 -9999 -9999 20.009829 20.007491 20.005153 20.002815 20.000543 20.003125 20.005708 20.00829 20.010873 20.012172 20.011938 20.011703 20.011469 20.011234 20.009574 20.007752 20.005929 20.004106 20.004182 20.007949 20.011717 20.015484 20.019251 20.020494 20.021033 20.021572 20.022111 20.022328 20.021427 20.020526 20.019625 20.018724 20.021991 20.02735 20.032709 20.038069 20.04257 20.03997 20.03737 20.03477 20.004393 19.91893 19.754427 19.586771 19.419114
-9999 -9999 -9999 -9999 -9999 -9999 -9999 -9999 -9999 -9999 -9999 -9999 -9999 -9999 -9999 -9999 -9999 -9999 20.009829 20.007491 20.005153 20.002815 20.000543 20.003125 20.005708 20.00829 20.010873 20.012172 20.011938 20.011703 20.011469 20.011234 20.009574 20.007752 20.005929 20.004106 20.004182 20.007949 20.011717 20.015484 20.019251 20.020494 20.021033 20.021572 20.022111 20.022328 20.021427 20.020526 20.019625 20.018724 20.021991 20.02735 20.032709 20.038069 20.04257 20.03997 20.03737 20.03477 20.03217 19.950097 19.820442 19.658257 19.488083 19.320427
-9999 -9999 -9999 -9999 -9999 -9999 -9999 -9999 -9999 -9999 -9999 -9999 -9999 -9999 -9999 -9999 -9999 20.009829 20.007491 20.005153 20.002815 20.000543 20.003125 20.005708 20.00829 20.010873 20.012172 20.011938 20.011703 20.011469 20.011234 20.009574 20.007752 20.005929 20.004106 20.004182 20.007949 20.011717 20.015484 20.019251 20.020494 20.021033 20.021572 20.022111 20.022328 20.021427 20.020526 20.019625 20.018724 20.021991 20.02735 20.032709 20.038069 20.04257 20.03997 20.03737 20.03477 20.03217 19.98793 19.851608 19.721954 19.563055 19.391914 19.325666
-9999 -9999 -9999 -9999 -9999 -9999 -9999 -9999 -9999 -9999 -9999 -9999 -9999 -9999 -9999 -9999 20.009829 20.007491 20.005153 20.002815 20.000543 20.003125 20.005708 20.00829 20.010873 20.012172 20.011938 20.011703 20.011469 20.011234 20.009574 20.007752 20.005929 20.004106 20.004182 20.007949 20.011717 20.015484 20.019251 20.020494 20.021033 20.021572 20.022111 20.022328 20.021427 20.020526 20.019625 20.018724 20.021991 20.02735 20.032709 20.038069 20.04257 20.03997 20.03737 20.03477 20.03217 19.98793 19.909604 19.77505 19.623466 19.467852 19.391066 19.315048
-9999 -9999 -9999 -9999 -9999 -9999 -9999 -9999 -9999 -9999 -9999 -9999 -9999 -9999 -9999 20.009829 20.007491 20.005153 20.002815 20.000543 20.003125 20.005708 20.00829 20.010873 20.012172 20.011938 20.011703 20.011469 20.011234 20.009574 20.007752 20.005929 20.004106 20.004182 20.007949 20.011717 20.015484 20.019251 20.020494 20.021033 20.021572 20.022111 20.022328 20.021427 20.020526 20.019625 20.018724 20.021991 20.02735 20.032709 20.038069 20.04257 20.03997 20.03737 20.03477 20.03217 20.009727 19.909604 19.831278 19.702873 19.546908 19.448299 19.376319 19.30434
-9999 -9999 -9999 -9999 -9999 -9999 -9999 -9999 -9999 -9999 -9999 -9999 -9999 -9999 20.009829 20.007491 20.005153 20.002815 20.000543 20.003125 20.005708 20.00829 20.010873 20.012172 20.011938 20.011703 20.011469 20.011234 20.009574 20.007752 20.005929 20.004106 20.004182 20.007949 20.011717 20.015484 20.019251 20.020494 20.021033 20.021572 20.022111 20.022328 20.021427 20.020526 20.019625 20.018724 20.021991 20.02735 20.032709 20.038069 20.04257 20.03997 20.03737 20.03477 20.03217 20.009727 19.971042 19.875159 19.752952 19.630696 19.526851 19.423431 19.325246 19.253267
-9999 -9999 -9999 -9999 -9999 -9999 -9999 -9999 -9999 -9999 -9999 -9999 -9999 20.009829 20.007491 20.005153 20.002815 20.000543 20.003125 20.005708 20.00829 20.010873 20.012172 20.011938 20.011703 20.011469 20.011234 20.009574 20.007752 20.005929 20.004106 20.004182 20.007949 20.011717 20.015484 20.019251 20.020494 20.021033 20.021572 20.022111 20.022328 20.021427 20.020526 20.019625 20.018724 20.021991 20.02735 20.032709 20.038069 20.04257 20.03997 20.03737 20.03477 20.03217 20.03109 19.97357 19.932357 19.843293 19.718507 19.600358 19.498846 19.397334 19.295822 19.260292
