test/data/Reference_scenario/processor_outputs/debug/OUTPUT_T_225_0_12h.tif
NCOLS 132
NROWS 132
XLLCORNER 352310.43
YLLCORNER 6689219.5
DX 17.797726
DY 17.797726
NODATA_VALUE -9999
[rows 58 to 86 of 132, columns 0 to 63 of 132]
-9999 -9999 -9999 -9999 -9999 -9999 -9999 -9999 -9999 -9999 -9999 -9999 -9999 -9999 -9999 -9999 -9999 -9999 -9999 -9999 -9999 -9999 -9999 -9999 -9999 -9999 -9999 -9999 -9999 -9999 -9999 -9999 -9999 -9999 -9999 -9999 -9999 -9999 -9999 -9999 -9999 -9999 -9999 -9999 -9999 -9999 -9999 -9999 -9999 -9999 -9999 -9999 -9999 -9999 -9999 -9999 -9999 -9999 -9999 -9999 -9999 -9999 -9999 -9999
-9999 -9999 -9999 -9999 -9999 -9999 -9999 -9999 -9999 -9999 -9999 22.673003 22.58898 22.504957 22.420935 22.338755 22.391035 22.443315 22.495595 22.547875 22.544743 22.475388 22.406033 22.336678 22.267324 22.281876 22.306 22.330124 22.354248 22.415106 22.54738 22.679654 22.811928 22.944202 23.045165 23.137384 23.229603 23.321821 23.394228 23.397896 23.401564 23.405232 23.4089 23.38969 23.358995 23.328301 23.297606 23.272129 23.289821 23.307513 23.325206 23.342898 23.350524 23.349912 23.349299 23.166177 22.81807 22.740755 22.855613 22.975173 23.105324 23.178259 23.176566 23.174872
-9999 -9999 -9999 -9999 -9999 -9999 -9999 -9999 -9999 -9999 -9999 -9999 -9999 -9999 -9999 -9999 -9999 -9999 -9999 -9999 -9999 -9999 -9999 -9999 -9999 -9999 -9999 -9999 -9999 -9999 -9999 -9999 -9999 -9999 -9999 -9999 -9999 -9999 -9999 -9999 -9999 -9999 -9999 -9999 -9999 -9999 -9999 -9999 -9999 -9999 -9999 -9999 -9999 -9999 -9999 -9999 -9999 -9999 -9999 -9999 -9999 -9999 -9999 -9999
-9999 -9999 -9999 -9999 -9999 -9999 -9999 -9999 -9999 22.673003 22.58898 22.504957 22.420935 22.338755 22.391035 22.443315 22.495595 22.547875 22.544743 22.475388 22.406033 22.336678 22.267324 22.281876 22.306 22.330124 22.354248 22.415106 22.54738 22.679654 22.811928 22.944202 23.045165 23.137384 23.229603 23.321821 23.394228 23.397896 23.401564 23.405232 23.4089 23.38969 23.358995 23.328301 23.297606 23.272129 23.289821 23.307513 23.325206 23.342898 23.350524 23.349912 23.349299 23.348686 23.348073 23.311274 23.117898 22.98654 23.109432 23.178259 23.176566 23.174872 23.173179 23.171486
-9999 -9999 -9999 -9999 -9999 -9999 -9999 -9999 -9999 -9999 -9999 -9999 -9999 -9999 -9999 -9999 -9999 -9999 -9999 -9999 -9999 -9999 -9999 -9999 -9999 -9999 -9999 -9999 -9999 -9999 -9999 -9999 -9999 -9999 -9999 -9999 -9999 -9999 -9999 -9999 -9999 -9999 -9999 -9999 -9999 -9999 -9999 -9999 -9999 -9999 -9999 -9999 -9999 -9999 -9999 -9999 -9999 -9999 -9999 -9999 -9999 -9999 -9999 -9999
-9999 -9999 -9999 -9999 -9999 -9999 -9999 22.673003 22.58898 22.504957 22.420935 22.338755 22.391035 22.443315 22.495595 22.547875 22.544743 22.475388 22.406033 22.336678 22.267324 22.281876 22.306 22.330124 22.354248 22.415106 22.54738 22.679654 22.811928 22.944202 23.045165 23.137384 23.229603 23.321821 23.394228 23.397896 23.401564 23.405232 23.4089 23.38969 23.358995 23.328301 23.297606 23.272129 23.289821 23.307513 23.325206 23.342898 23.350524 23.349912 23.349299 23.348686 23.348073 23.314431 23.274179 23.237085 23.199991 23.178259 23.176566 23.174872 23.173179 23.171486 23.229446 23.29585
-9999 -9999 -9999 -9999 -9999 -9999 -9999 -9999 -9999 -9999 -9999 -9999 -9999 -9999 -9999 -9999 -9999 -9999 -9999 -9999 -9999 -9999 -9999 -9999 -9999 -9999 -9999 -9999 -9999 -9999 -9999 -9999 -9999 -9999 -9999 -9999 -9999 -9999 -9999 -9999 -9999 -9999 -9999 -9999 -9999 -9999 -9999 -9999 -9999 -9999 -9999 -9999 -9999 -9999 -9999 -9999 -9999 -9999 -9999 -9999 -9999 -9999 -9999 -9999
-9999 -9999 -9999 -9999 -9999 -9999 -9999 -9999 -9999 22.338755 22.391035 22.443315 22.495595 22.547875 22.544743 22.475388 22.406033 22.336678 22.267324 22.281876 22.306 22.330124 22.354248 22.415106 22.54738 22.679654 22.811928 22.944202 23.045165 23.137384 23.229603 23.321821 23.394228 23.397896 23.401564 23.405232 23.4089 23.38969 23.358995 23.328301 23.297606 23.272129 23.289821 23.307513 23.325206 23.342898 23.350524 23.349912 23.349299 23.348686 23.348073 23.278239 23.293509 23.262989 23.214521 23.178259 23.176566 23.174872 23.173179 23.171486 23.229446 23.29585 23.362254 23.428658
-9999 -9999 -9999 -9999 -9999 -9999 -9999 -9999 -9999 -9999 -9999 -9999 -9999 -9999 -9999 -9999 -9999 -9999 -9999 -9999 -9999 -9999 -9999 -9999 -9999 -9999 -9999 -9999 -9999 -9999 -9999 -9999 -9999 -9999 -9999 -9999 -9999 -9999 -9999 -9999 -9999 -9999 -9999 -9999 -9999 -9999 -9999 -9999 -9999 -9999 -9999 -9999 -9999 -9999 -9999 -9999 -9999 -9999 -9999 -9999 -9999 -9999 -9999 -9999
-9999 -9999 -9999 -9999 -9999 -9999 -9999 -9999 -9999 -9999 -9999 22.547875 22.544743 22.475388 22.406033 22.336678 22.267324 22.281876 22.306 22.330124 22.354248 22.415106 22.54738 22.679654 22.811928 22.944202 23.045165 23.137384 23.229603 23.321821 23.394228 23.397896 23.401564 23.405232 23.4089 23.38969 23.358995 23.328301 23.297606 23.272129 23.289821 23.307513 23.325206 23.342898 23.350524 23.349912 23.349299 23.348686 23.348073 23.227981 23.106915 23.003878 23.086278 23.212913 23.199927 23.177156 23.173179 23.171486 23.229129 23.29585 23.362254 23.428658 23.467545 23.447432
-9999 -9999 -9999 -9999 -9999 -9999 -9999 -9999 -9999 -9999 -9999 -9999 -9999 -9999 -9999 -9999 -9999 -9999 -9999 -9999 -9999 -9999 -9999 -9999 -9999 -9999 -9999 -9999 -9999 -9999 -9999 -9999 -9999 -9999 -9999 -9999 -9999 -9999 -9999 -9999 -9999 -9999 -9999 -9999 -9999 -9999 -9999 -9999 -9999 -9999 -9999 -9999 -9999 -9999 -9999 -9999 -9999 -9999 -9999 -9999 -9999 -9999 -9999 -9999
-9999 -9999 -9999 -9999 -9999 -9999 -9999 -9999 -9999 -9999 -9999 -9999 -9999 22.336678 22.267324 22.281876 22.306 22.330124 22.354248 22.415106 22.54738 22.679654 22.811928 22.944202 23.045165 23.137384 23.229603 23.321821 23.394228 23.397896 23.401564 23.405232 23.4089 23.38969 23.358995 23.328301 23.297606 23.272129 23.289821 23.307513 23.325206 23.342898 23.350524 23.349912 23.349299 23.348686 23.348073 23.227981 23.106915 22.985849 22.864783 22.83071 22.958087 23.14242 23.171498 23.169166 23.217597 23.275549 23.331132 23.386715 23.427385 23.419955 23.412524 23.405093
-9999 -9999 -9999 -9999 -9999 -9999 -9999 -9999 -9999 -9999 -9999 -9999 -9999 -9999 22.281876 22.306 22.330124 22.354248 22.415106 22.54738 22.679654 22.811928 22.944202 23.045165 23.137384 23.229603 23.321821 23.394228 23.397896 23.401564 23.405232 23.4089 23.38969 23.358995 23.328301 23.297606 23.272129 23.289821 23.307513 23.325206 23.342898 23.350524 23.349912 23.349299 23.348686 23.348073 23.227981 23.106915 22.985849 22.864783 22.83071 22.910108 22.980533 23.107173 23.151035 23.194359 23.244145 23.299038 23.357178 23.397238 23.383778 23.371161 23.365601 23.36004
-9999 -9999 -9999 -9999 -9999 -9999 -9999 -9999 -9999 -9999 -9999 -9999 -9999 -9999 -9999 22.330124 22.354248 22.415106 22.54738 22.679654 22.811928 22.944202 23.045165 23.137384 23.229603 23.321821 23.394228 23.397896 23.401564 23.405232 23.4089 23.38969 23.358995 23.328301 23.297606 23.272129 23.289821 23.307513 23.325206 23.342898 23.350524 23.349912 23.349299 23.348686 23.348073 23.227981 23.106915 22.985849 22.864783 22.83071 22.910108 22.989506 23.060766 23.129619 23.178466 23.226922 23.275799 23.325586 23.3624 23.363695 23.352792 23.321805 23.309188 23.286241
-9999 -9999 -9999 -9999 -9999 -9999 -9999 -9999 -9999 -9999 -9999 -9999 -9999 -9999 -9999 -9999 22.415106 22.54738 22.679654 22.811928 22.944202 23.045165 23.137384 23.229603 23.321821 23.394228 23.397896 23.401564 23.405232 23.4089 23.38969 23.358995 23.328301 23.297606 23.272129 23.289821 23.307513 23.325206 23.342898 23.350524 23.349912 23.349299 23.348686 23.348073 23.227981 23.106915 22.985849 22.864783 22.83071 22.910108 22.989506 23.068904 23.140999 23.186999 23.229765 23.275378 23.323833 23.351749 23.335625 23.330152 23.321805 23.290819 23.259212 23.227885
-9999 -9999 -9999 -9999 -9999 -9999 -9999 -9999 -9999 -9999 -9999 -9999 -9999 -9999 -9999 -9999 -9999 22.679654 22.811928 22.944202 23.045165 23.137384 23.229603 23.321821 23.394228 23.397896 23.401564 23.405232 23.4089 23.38969 23.358995 23.328301 23.297606 23.272129 23.289821 23.307513 23.325206 23.342898 23.350524 23.349912 23.349299 23.348686 23.348073 23.227981 23.106915 22.985849 22.864783 22.83071 22.910108 22.989506 23.068904 23.148302 23.196342 23.239943 23.283543 23.326676 23.351749 23.335625 23.319501 23.303377 23.290819 23.25834 23.225917 23.197324
-9999 -9999 -9999 -9999 -9999 -9999 -9999 -9999 -9999 -9999 -9999 -9999 -9999 -9999 -9999 -9999 -9999 -9999 22.944202 23.045165 23.137384 23.229603 23.321821 23.394228 23.397896 23.401564 23.405232 23.4089 23.38969 23.358995 23.328301 23.297606 23.272129 23.289821 23.307513 23.325206 23.342898 23.350524 23.349912 23.349299 23.348686 23.348073 23.227981 23.106915 22.985849 22.864783 22.83071 22.910108 22.989506 23.068904 23.148302 23.196342 23.239943 23.283543 23.327144 23.351749 23.335625 23.319501 23.303377 23.287253 23.25834 23.22539 23.192622 23.164029
-9999 -9999 -9999 -9999 -9999 -9999 -9999 -9999 -9999 -9999 -9999 -9999 -9999 -9999 -9999 -9999 -9999 -9999 -9999 23.137384 23.229603 23.321821 23.394228 23.397896 23.401564 23.405232 23.4089 23.38969 23.358995 23.328301 23.297606 23.272129 23.289821 23.307513 23.325206 23.342898 23.350524 23.349912 23.349299 23.348686 23.348073 23.227981 23.106915 22.985849 22.864783 22.83071 22.910108 22.989506 23.068904 23.148302 23.196342 23.239943 23.283543 23.327144 23.351749 23.335625 23.319501 23.303377 23.287253 23.25834 23.22539 23.19244 23.159489 23.145409
-9999 -9999 -9999 -9999 -9999 -9999 -9999 -9999 -9999 -9999 -9999 -9999 -9999 -9999 -9999 -9999 -9999 -9999 -9999 -9999 23.321821 23.394228 23.397896 23.401564 23.405232 23.4089 23.38969 23.358995 23.328301 23.297606 23.272129 23.289821 23.307513 23.325206 23.342898 23.350524 23.349912 23.349299 23.348686 23.348073 23.227981 23.106915 22.985849 22.864783 22.83071 22.910108 22.989506 23.068904 23.148302 23.196342 23.239943 23.283543 23.327144 23.351749 23.335625 23.319501 23.303377 23.287253 23.25834 23.22539 23.19244 23.159489 23.14162 23.184715
-9999 -9999 -9999 -9999 -9999 -9999 -9999 -9999 -9999 -9999 -9999 -9999 -9999 -9999 -9999 -9999 -9999 -9999 -9999 -9999 -9999 23.397896 23.401564 23.405232 23.4089 23.38969 23.358995 23.328301 23.297606 23.272129 23.289821 23.307513 23.325206 23.342898 23.350524 23.349912 23.349299 23.348686 23.348073 23.227981 23.106915 22.985849 22.864783 22.83071 22.910108 22.989506 23.068904 23.148302 23.196342 23.239943 23.283543 23.327144 23.351749 23.335625 23.319501 23.303377 23.287253 23.25834 23.22539 23.19244 23.159489 23.14162 23.183277 23.224934
-9999 -9999 -9999 -9999 -9999 -9999 -9999 -9999 -9999 -9999 -9999 -9999 -9999 -9999 -9999 -9999 -9999 -9999 -9999 -9999 -9999 -9999 23.405232 23.4089 23.38969 23.358995 23.328301 23.297606 23.272129 23.289821 23.307513 23.325206 23.342898 23.350524 23.349912 23.349299 23.348686 23.348073 23.227981 23.106915 22.985849 22.864783 22.83071 22.910108 22.989506 23.068904 23.148302 23.196342 23.239943 23.283543 23.327144 23.351749 23.335625 23.319501 23.303377 23.287253 23.25834 23.22539 23.19244 23.159489 23.14162 23.183277 23.224934 23.266591
-9999 -9999 -9999 -9999 -9999 -9999 -9999 -9999 -9999 -9999 -9999 -9999 -9999 -9999 -9999 -9999 -9999 -9999 -9999 -9999 -9999 -9999 -9999 23.38969 23.358995 23.328301 23.297606 23.272129 23.289821 23.307513 23.325206 23.342898 23.350524 23.349912 23.349299 23.348686 23.348073 23.227981 23.106915 22.985849 22.864783 22.83071 22.910108 22.989506 23.068904 23.148302 23.196342 23.239943 23.283543 23.327144 23.351749 23.335625 23.319501 23.303377 23.287253 23.25834 23.22539 23.19244 23.159489 23.14162 23.183277 23.224934 23.266591 23.308248
-9999 -9999 -9999 -9999 -9999 -9999 -9999 -9999 -9999 -9999 -9999 -9999 -9999 -9999 -9999 -9999 -9999 -9999 -9999 -9999 -9999 -9999 -9999 -9999 23.328301 23.297606 23.272129 23.289821 23.307513 23.325206 23.342898 23.350524 23.349912 23.349299 23.348686 23.348073 23.227981 23.106915 22.985849 22.864783 22.83071 22.910108 22.989506 23.068904 23.148302 23.196342 23.239943 23.283543 23.327144 23.351749 23.335625 23.319501 23.303377 23.287253 23.25834 23.22539 23.19244 23.159489 23.14162 23.183277 23.224934 23.266591 23.308248 23.298694
-9999 -9999 -9999 -9999 -9999 -9999 -9999 -9999 -9999 -9999 -9999 -9999 -9999 -9999 -9999 -9999 -9999 -9999 -9999 -9999 -9999 -9999 -9999 -9999 -9999 23.272129 23.289821 23.307513 23.325206 23.342898 23.350524 23.349912 23.349299 23.348686 23.348073 23.227981 23.106915 22.985849 22.864783 22.83071 22.910108 22.989506 23.068904 23.148302 23.196342 23.239943 23.283543 23.327144 23.351749 23.335625 23.319501 23.303377 23.287253 23.25834 23.22539 23.19244 23.159489 23.14162 23.183277 23.224934 23.266591 23.308248 23.298694 23.260853
-9999 -9999 -9999 -9999 -9999 -9999 -9999 -9999 -9999 -9999 -9999 -9999 -9999 -9999 -9999 -9999 -9999 -9999 -9999 -9999 -9999 -9999 -9999 -9999 -9999 -9999 23.307513 23.325206 23.342898 23.350524 23.349912 23.349299 23.348686 23.348073 23.227981 23.106915 22.985849 22.864783 22.83071 22.910108 22.989506 23.068904 23.148302 23.196342 23.239943 23.283543 23.327144 23.351749 23.335625 23.319501 23.303377 23.287253 23.25834 23.22539 23.19244 23.159489 23.14162 23.183277 23.224934 23.266591 23.308248 23.298694 23.260853 23.223013
-9999 -9999 -9999 -9999 -9999 -9999 -9999 -9999 -9999 -9999 -9999 -9999 -9999 -9999 -9999 -9999 -9999 -9999 -9999 -9999 -9999 -9999 -9999 -9999 -9999 -9999 -9999 23.342898 23.350524 23.349912 23.349299 23.348686 23.348073 23.227981 23.106915 22.985849 22.864783 22.83071 22.910108 22.989506 23.068904 23.148302 23.196342 23.239943 23.283543 23.327144 23.351749 23.335625 23.319501 23.303377 23.287253 23.25834 23.22539 23.19244 23.159489 23.14162 23.183277 23.224934 23.266591 23.308248 23.298694 23.260853 23.223013 23.185172
-9999 -9999 -9999 -9999 -9999 -9999 -9999 -9999 -9999 -9999 -9999 -9999 -9999 -9999 -9999 -9999 -9999 -9999 -9999 -9999 -9999 -9999 -9999 -9999 -9999 -9999 -9999 -9999 23.349912 23.349299 23.348686 23.348073 23.227981 23.106915 22.985849 22.864783 22.83071 22.910108 22.989506 23.068904 23.148302 23.196342 23.239943 23.283543 23.327144 23.351749 23.335625 23.319501 23.303377 23.287253 23.25834 23.22539 23.19244 23.159489 23.14162 23.183277 23.224934 23.266591 23.308248 23.298694 23.260853 23.223013 23.185172 23.141661
-9999 -9999 -9999 -9999 -9999 -9999 -9999 -9999 -9999 -9999 -9999 -9999 -9999 -9999 -9999 -9999 -9999 -9999 -9999 -9999 -9999 -9999 -9999 -9999 -9999 -9999 -9999 -9999 -9999 23.348686 23.348073 23.227981 23.106915 22.985849 22.864783 22.83071 22.910108 22.989506 23.068904 23.148302 23.196342 23.239943 23.283543 23.327144 23.351749 23.335625 23.319501 23.303377 23.287253 23.25834 23.22539 23.19244 23.159489 23.14162 23.183277 23.224934 23.266591 23.308248 23.298694 23.260853 23.223013 23.185172 23.141661 23.038062
-9999 -9999 -9999 -9999 -9999 -9999 -9999 -9999 -9999 -9999 -9999 -9999 -9999 -9999 -9999 -9999 -9999 -9999 -9999 -9999 -9999 -9999 -9999 -9999 -9999 -9999 -9999 -9999 -9999 -9999 23.227981 23.106915 22.985849 22.864783 22.83071 22.910108 22.989506 23.068904 23.148302 23.196342 23.239943 23.283543 23.327144 23.351749 23.335625 23.319501 23.303377 23.287253 23.25834 23.22539 23.19244 23.159489 23.14162 23.183277 23.224934 23.266591 23.308248 23.298694 23.260853 23.223013 23.185172 23.141661 23.038062 22.934462
