test/data/Reference_scenario/processor_outputs/debug/OUTPUT_T_90_0_12h.tif
NCOLS 132
NROWS 132
XLLCORNER 352310.43
YLLCORNER 6689219.5
DX 17.797726
DY 17.797726
NODATA_VALUE -9999
[rows 29 to 57 of 132, columns 64 to 127 of 132]
29.636684 29.636684 29.636684 29.636684 29.636684 29.636684 29.636684 29.636684 29.636684 29.636684 29.636684 29.636684 29.636684 29.636684 29.636684 29.636684 29.636684 29.636684 29.636684 29.636684 29.636684 29.636684 29.636684 29.636684 29.636684 29.636684 29.636684 29.636684 29.636684 29.636684 29.636684 29.636684 29.636684 29.636684 29.636684 29.636684 29.636684 29.636684 29.636684 29.636684 29.636684 29.636684 29.636684 29.636684 29.636684 29.636684 29.636684 29.636684 -9999 -9999 -9999 -9999 -9999 -9999 -9999 -9999 -9999 -9999 -9999 -9999 -9999 -9999 -9999 -9999
29.698486 29.698486 29.698486 29.698486 29.698486 29.698486 29.698486 29.698486 29.698486 29.698486 29.698486 29.698486 29.698486 29.698486 29.698486 29.698486 29.698486 29.698486 29.698486 29.698486 29.698486 29.698486 29.698486 29.698486 29.698486 29.698486 29.698486 29.698486 29.698486 29.698486 29.698486 29.698486 29.698486 29.698486 29.698486 29.698486 29.698486 29.698486 29.698486 29.698486 29.698486 29.698486 29.698486 29.698486 29.698486 29.698486 29.698486 29.698486 -9999 -9999 -9999 -9999 -9999 -9999 -9999 -9999 -9999 -9999 -9999 -9999 -9999 -9999 -9999 -9999
29.905293 29.905293 29.905293 29.905293 29.905293 29.905293 29.905293 29.905293 29.905293 29.905293 29.905293 29.905293 29.905293 29.905293 29.905293 29.905293 29.905293 29.905293 29.905293 29.905293 29.905293 29.905293 29.905293 29.905293 29.905293 29.905293 29.905293 29.905293 29.905293 29.905293 29.905293 29.905293 29.905293 29.905293 29.905293 29.905293 29.905293 29.905293 29.905293 29.905293 29.905293 29.905293 29.905293 29.905293 29.905293 29.905293 29.905293 29.905293 -9999 -9999 -9999 -9999 -9999 -9999 -9999 -9999 -9999 -9999 -9999 -9999 -9999 -9999 -9999 -9999
30.1121 30.1121 30.1121 30.1121 30.1121 30.1121 30.1121 30.1121 30.1121 30.1121 30.1121 30.1121 30.1121 30.1121 30.1121 30.1121 30.1121 30.1121 30.1121 30.1121 30.1121 30.1121 30.1121 30.1121 30.1121 30.1121 30.1121 30.1121 30.1121 30.1121 30.1121 30.1121 30.1121 30.1121 30.1121 30.1121 30.1121 30.1121 30.1121 30.1121 30.1121 30.1121 30.1121 30.1121 30.1121 30.1121 30.1121 30.1121 -9999 -9999 -9999 -9999 -9999 -9999 -9999 -9999 -9999 -9999 -9999 -9999 -9999 -9999 -9999 -9999
30.298182 30.298182 30.298182 30.298182 30.298182 30.298182 30.298182 30.298182 30.298182 30.298182 30.298182 30.298182 30.298182 30.298182 30.298182 30.298182 30.298182 30.298182 30.298182 30.298182 30.298182 30.298182 30.298182 30.298182 30.298182 30.298182 30.298182 30.298182 30.298182 30.298182 30.298182 30.298182 30.298182 30.298182 30.298182 30.298182 30.298182 30.298182 30.298182 30.298182 30.298182 30.298182 30.298182 30.298182 30.298182 30.298182 30.298182 30.298182 -9999 -9999 -9999 -9999 -9999 -9999 -9999 -9999 -9999 -9999 -9999 -9999 -9999 -9999 -9999 -9999
30.238754 30.238754 30.238754 30.238754 30.238754 30.238754 30.238754 30.238754 30.238754 30.238754 30.238754 30.238754 30.238754 30.238754 30.238754 30.238754 30.238754 30.238754 30.238754 30.238754 30.238754 30.238754 30.238754 30.238754 30.238754 30.238754 30.238754 30.238754 30.238754 30.238754 30.238754 30.238754 30.238754 30.238754 30.238754 30.238754 30.238754 30.238754 30.238754 30.238754 30.238754 30.238754 30.238754 30.238754 30.238754 30.238754 30.238754 30.238754 -9999 -9999 -9999 -9999 -9999 -9999 -9999 -9999 -9999 -9999 -9999 -9999 -9999 -9999 -9999 -9999
30.179326 30.179326 30.179326 30.179326 30.179326 30.179326 30.179326 30.179326 30.179326 30.179326 30.179326 30.179326 30.179326 30.179326 30.179326 30.179326 30.179326 30.179326 30.179326 30.179326 30.179326 30.179326 30.179326 30.179326 30.179326 30.179326 30.179326 30.179326 30.179326 30.179326 30.179326 30.179326 30.179326 30.179326 30.179326 30.179326 30.179326 30.179326 30.179326 30.179326 30.179326 30.179326 30.179326 30.179326 30.179326 30.179326 30.179326 30.179326 -9999 -9999 -9999 -9999 -9999 -9999 -9999 -9999 -9999 -9999 -9999 -9999 -9999 -9999 -9999 -9999
30.119898 30.119898 30.119898 30.119898 30.119898 30.119898 30.119898 30.119898 30.119898 30.119898 30.119898 30.119898 30.119898 30.119898 30.119898 30.119898 30.119898 30.119898 30.119898 30.119898 30.119898 30.119898 30.119898 30.119898 30.119898 30.119898 30.119898 30.119898 30.119898 30.119898 30.119898 30.119898 30.119898 30.119898 30.119898 30.119898 30.119898 30.119898 30.119898 30.119898 30.119898 30.119898 30.119898 30.119898 30.119898 30.119898 30.119898 30.119898 -9999 -9999 -9999 -9999 -9999 -9999 -9999 -9999 -9999 -9999 -9999 -9999 -9999 -9999 -9999 -9999
30.099257 30.099257 30.099257 30.099257 30.099257 30.099257 30.099257 30.099257 30.099257 30.099257 30.099257 30.099257 30.099257 30.099257 30.099257 30.099257 30.099257 30.099257 30.099257 30.099257 30.099257 30.099257 30.099257 30.099257 30.099257 30.099257 30.099257 30.099257 30.099257 30.099257 30.099257 30.099257 30.099257 30.099257 30.099257 30.099257 30.099257 30.099257 30.099257 30.099257 30.099257 30.099257 30.099257 30.099257 30.099257 30.099257 30.099257 30.099257 -9999 -9999 -9999 -9999 -9999 -9999 -9999 -9999 -9999 -9999 -9999 -9999 -9999 -9999 -9999 -9999
30.079479 30.079479 30.079479 30.079479 30.079479 30.079479 30.079479 30.079479 30.079479 30.079479 30.079479 30.079479 30.079479 30.079479 30.079479 30.079479 30.079479 30.079479 30.079479 30.079479 30.079479 30.079479 30.079479 30.079479 30.079479 30.079479 30.079479 30.079479 30.079479 30.079479 30.079479 30.079479 30.079479 30.079479 30.079479 30.079479 30.079479 30.079479 30.079479 30.079479 30.079479 30.079479 30.079479 30.079479 30.079479 30.079479 30.079479 30.079479 -9999 -9999 -9999 -9999 -9999 -9999 -9999 -9999 -9999 -9999 -9999 -9999 -9999 -9999 -9999 -9999
30.0597 30.0597 30.0597 30.0597 30.0597 30.0597 30.0597 30.0597 30.0597 30.0597 30.0597 30.0597 30.0597 30.0597 30.0597 30.0597 30.0597 30.0597 30.0597 30.0597 30.0597 30.0597 30.0597 30.0597 30.0597 30.0597 30.0597 30.0597 30.0597 30.0597 30.0597 30.0597 30.0597 30.0597 30.0597 30.0597 30.0597 30.0597 30.0597 30.0597 30.0597 30.0597 30.0597 30.0597 30.0597 30.0597 30.0597 30.0597 -9999 -9999 -9999 -9999 -9999 -9999 -9999 -9999 -9999 -9999 -9999 -9999 -9999 -9999 -9999 -9999
30.037761 30.037761 30.037761 30.037761 30.037761 30.037761 30.037761 30.037761 30.037761 30.037761 30.037761 30.037761 30.037761 30.037761 30.037761 30.037761 30.037761 30.037761 30.037761 30.037761 30.037761 30.037761 30.037761 30.037761 30.037761 30.037761 30.037761 30.037761 30.037761 30.037761 30.037761 30.037761 30.037761 30.037761 30.037761 30.037761 30.037761 30.037761 30.037761 30.037761 30.037761 30.037761 30.037761 30.037761 30.037761 30.037761 30.037761 30.037761 -9999 -9999 -9999 -9999 -9999 -9999 -9999 -9999 -9999 -9999 -9999 -9999 -9999 -9999 -9999 -9999
30.015523 30.015523 30.015523 30.015523 30.015523 30.015523 30.015523 30.015523 30.015523 30.015523 30.015523 30.015523 30.015523 30.015523 30.015523 30.015523 30.015523 30.015523 30.015523 30.015523 30.015523 30.015523 30.015523 30.015523 30.015523 30.015523 30.015523 30.015523 30.015523 30.015523 30.015523 30.015523 30.015523 30.015523 30.015523 30.015523 30.015523 30.015523 30.015523 30.015523 30.015523 30.015523 30.015523 30.015523 30.015523 30.015523 30.015523 30.015523 -9999 -9999 -9999 -9999 -9999 -9999 -9999 -9999 -9999 -9999 -9999 -9999 -9999 -9999 -9999 -9999
29.993285 29.993285 29.993285 29.993285 29.993285 29.993285 29.993285 29.993285 29.993285 29.993285 29.993285 29.993285 29.993285 29.993285 29.993285 29.993285 29.993285 29.993285 29.993285 29.993285 29.993285 29.993285 29.993285 29.993285 29.993285 29.993285 29.993285 29.993285 29.993285 29.993285 29.993285 29.993285 29.993285 29.993285 29.993285 29.993285 29.993285 29.993285 29.993285 29.993285 29.993285 29.993285 29.993285 29.993285 29.993285 29.993285 29.993285 29.993285 -9999 -9999 -9999 -9999 -9999 -9999 -9999 -9999 -9999 -9999 -9999 -9999 -9999 -9999 -9999 -9999
29.908173 29.908173 29.908173 29.908173 29.908173 29.908173 29.908173 29.908173 29.908173 29.908173 29.908173 29.908173 29.908173 29.908173 29.908173 29.908173 29.908173 29.908173 29.908173 29.908173 29.908173 29.908173 29.908173 29.908173 29.908173 29.908173 29.908173 29.908173 29.908173 29.908173 29.908173 29.908173 29.908173 29.908173 29.908173 29.908173 29.908173 29.908173 29.908173 29.908173 29.908173 29.908173 29.908173 29.908173 29.908173 29.908173 29.908173 29.908173 -9999 -9999 -9999 -9999 -9999 -9999 -9999 -9999 -9999 -9999 -9999 -9999 -9999 -9999 -9999 -9999
29.805232 29.805232 29.805232 29.805232 29.805232 29.805232 29.805232 29.805232 29.805232 29.805232 29.805232 29.805232 29.805232 29.805232 29.805232 29.805232 29.805232 29.805232 29.805232 29.805232 29.805232 29.805232 29.805232 29.805232 29.805232 29.805232 29.805232 29.805232 29.805232 29.805232 29.805232 29.805232 29.805232 29.805232 29.805232 29.805232 29.805232 29.805232 29.805232 29.805232 29.805232 29.805232 29.805232 29.805232 29.805232 29.805232 29.805232 29.805232 -9999 -9999 -9999 -9999 -9999 -9999 -9999 -9999 -9999 -9999 -9999 -9999 -9999 -9999 -9999 -9999
29.70229 29.70229 29.70229 29.70229 29.70229 29.70229 29.70229 29.70229 29.70229 29.70229 29.70229 29.70229 29.70229 29.70229 29.70229 29.70229 29.70229 29.70229 29.70229 29.70229 29.70229 29.70229 29.70229 29.70229 29.70229 29.70229 29.70229 29.70229 29.70229 29.70229 29.70229 29.70229 29.70229 29.70229 29.70229 29.70229 29.70229 29.70229 29.70229 29.70229 29.70229 29.70229 29.70229 29.70229 29.70229 29.70229 29.70229 29.70229 -9999 -9999 -9999 -9999 -9999 -9999 -9999 -9999 -9999 -9999 -9999 -9999 -9999 -9999 -9999 -9999
29.548261 29.629675 29.629675 29.629675 29.646832 29.646832 29.646832 29.646832 29.646832 29.646832 29.646832 29.646832 29.646832 29.646832 29.646832 29.646832 29.646832 29.646832 29.646832 29.646832 29.646832 29.646832 29.646832 29.646832 29.646832 29.646832 29.646832 29.646832 29.646832 29.646832 29.646832 29.646832 29.646832 29.646832 29.646832 29.646832 29.646832 29.646832 29.646832 29.646832 29.646832 29.646832 29.646832 29.646832 29.646832 29.646832 29.646832 29.646832 -9999 -9999 -9999 -9999 -9999 -9999 -9999 -9999 -9999 -9999 -9999 -9999 -9999 -9999 -9999 -9999
29.485564 29.571365 29.571365 29.593285 29.613772 29.613772 29.613772 29.613772 29.613772 29.613772 29.613772 29.613772 29.613772 29.613772 29.613772 29.613772 29.613772 29.613772 29.613772 29.613772 29.613772 29.613772 29.613772 29.613772 29.613772 29.613772 29.613772 29.613772 29.613772 29.613772 29.613772 29.613772 29.613772 29.613772 29.613772 29.613772 29.613772 29.613772 29.613772 29.613772 29.613772 29.613772 29.613772 29.613772 29.613772 29.613772 29.613772 29.613772 -9999 -9999 -9999 -9999 -9999 -9999 -9999 -9999 -9999 -9999 -9999 -9999 -9999 -9999 -9999 -9999
29.427254 29.513055 29.534938 29.560224 29.580711 29.580711 29.580711 29.580711 29.580711 29.580711 29.580711 29.580711 29.580711 29.580711 29.580711 29.580711 29.580711 29.580711 29.580711 29.580711 29.580711 29.580711 29.580711 29.580711 29.580711 29.580711 29.580711 29.580711 29.580711 29.580711 29.580711 29.580711 29.580711 29.580711 29.580711 29.580711 29.580711 29.580711 29.580711 29.580711 29.580711 29.580711 29.580711 29.580711 29.580711 29.580711 29.580711 29.580711 -9999 -9999 -9999 -9999 -9999 -9999 -9999 -9999 -9999 -9999 -9999 -9999 -9999 -9999 -9999 -9999
29.437662 29.461186 29.486472 29.511758 29.528841 29.528841 29.528841 29.589961 29.589961 29.589961 29.589961 29.589961 29.589961 29.589961 29.589961 29.589961 29.589961 29.589961 29.589961 29.589961 29.589961 29.589961 29.589961 29.589961 29.589961 29.589961 29.589961 29.589961 29.589961 29.589961 29.589961 29.589961 29.589961 29.589961 29.589961 29.589961 29.589961 29.589961 29.589961 29.589961 29.589961 29.589961 29.589961 29.589961 29.589961 29.589961 29.589961 29.589961 -9999 -9999 -9999 -9999 -9999 -9999 -9999 -9999 -9999 -9999 -9999 -9999 -9999 -9999 -9999 -9999
29.394354 29.401559 29.426845 29.44762 29.463344 29.463344 29.534305 29.629862 29.629862 29.629862 29.629862 29.629862 29.629862 29.629862 29.629862 29.629862 29.629862 29.629862 29.629862 29.629862 29.629862 29.629862 29.629862 29.629862 29.629862 29.629862 29.629862 29.629862 29.629862 29.629862 29.629862 29.629862 29.629862 29.629862 29.629862 29.629862 29.629862 29.629862 29.629862 29.629862 29.629862 29.629862 29.629862 29.629862 29.629862 29.629862 29.629862 29.629862 -9999 -9999 -9999 -9999 -9999 -9999 -9999 -9999 -9999 -9999 -9999 -9999 -9999 -9999 -9999 -9999
29.334727 29.341931 29.362715 29.382123 29.397847 29.468657 29.574207 29.669764 29.669764 29.669764 29.669764 29.669764 29.669764 29.669764 29.669764 29.669764 29.669764 29.669764 29.669764 29.669764 29.669764 29.669764 29.669764 29.669764 29.669764 29.669764 29.669764 29.669764 29.669764 29.669764 29.669764 29.669764 29.669764 29.669764 29.669764 29.669764 29.669764 29.669764 29.669764 29.669764 29.669764 29.669764 29.669764 29.669764 29.669764 29.669764 29.669764 29.669764 -9999 -9999 -9999 -9999 -9999 -9999 -9999 -9999 -9999 -9999 -9999 -9999 -9999 -9999 -9999 -9999
29.382534 29.388064 29.407472 29.42688 29.453329 29.558879 29.664429 29.709362 29.709362 29.709362 29.710405 29.710406 29.710406 29.710406 29.710406 29.710406 29.710406 29.710406 29.710406 29.710406 29.710406 29.710406 29.710406 29.710406 29.710406 29.710406 29.710406 29.710406 29.710406 29.710406 29.710406 29.710406 29.710406 29.710406 29.710406 29.710406 29.710406 29.710406 29.710406 29.710406 29.710406 29.710406 29.710406 29.710406 29.710406 29.710406 29.710406 29.710406 -9999 -9999 -9999 -9999 -9999 -9999 -9999 -9999 -9999 -9999 -9999 -9999 -9999 -9999 -9999 -9999
29.546584 29.552114 29.571522 29.577965 29.597999 29.703549 29.748634 29.748634 29.748634 29.749673 29.751848 29.751849 29.751849 29.751849 29.751849 29.751849 29.751849 29.751849 29.751849 29.751849 29.751849 29.751849 29.751849 29.751849 29.751849 29.751849 29.751849 29.751849 29.751849 29.751849 29.751849 29.751849 29.751849 29.751849 29.751849 29.751849 29.751849 29.751849 29.751849 29.751849 29.751849 29.751849 29.751849 29.751849 29.751849 29.751849 29.751849 29.751849 -9999 -9999 -9999 -9999 -9999 -9999 -9999 -9999 -9999 -9999 -9999 -9999 -9999 -9999 -9999 -9999
29.710633 29.716163 29.722635 29.722635 29.742669 29.787906 29.787906 29.787906 29.788941 29.791117 29.793292 29.793293 29.793293 29.793293 29.793293 29.793293 29.793293 29.793293 29.793293 29.793293 29.793293 29.793293 29.793293 29.793293 29.793293 29.793293 29.793293 29.793293 29.793293 29.793293 29.793293 29.793293 29.793293 29.793293 29.793293 29.793293 29.793293 29.793293 29.793293 29.793293 29.793293 29.793293 29.793293 29.793293 29.793293 29.793293 29.793293 29.793293 -9999 -9999 -9999 -9999 -9999 -9999 -9999 -9999 -9999 -9999 -9999 -9999 -9999 -9999 -9999 -9999
29.82055 29.82055 29.82055 29.82055 29.82055 29.82055 29.82055 29.820756 29.822931 29.825106 29.812673 29.812657 29.812657 29.805603 29.803233 29.803233 29.803233 29.803233 29.803233 29.803233 29.803233 29.803233 29.803233 29.803233 29.803233 29.803233 29.803233 29.803233 29.803233 29.803233 29.803233 29.803233 29.803233 29.803233 29.803233 29.803233 29.803233 29.803233 29.803233 29.803233 29.803233 29.803233 29.803233 29.803233 29.803233 29.803233 29.803233 29.803233 -9999 -9999 -9999 -9999 -9999 -9999 -9999 -9999 -9999 -9999 -9999 -9999 -9999 -9999 -9999 -9999
29.842414 29.842414 29.842414 29.842414 29.842414 29.842414 29.842414 29.84262 29.844795 29.832418 29.796123 29.796107 29.789088 29.764302 29.761933 29.761933 29.761933 29.761933 29.761933 29.761933 29.761933 29.761933 29.761933 29.761933 29.761933 29.761933 29.761933 29.761933 29.761933 29.761933 29.761933 29.761933 29.761933 29.761933 29.761933 29.761933 29.761933 29.761933 29.761933 29.761933 29.761933 29.761933 29.761933 29.761933 29.761933 29.761933 29.761933 29.761933 -9999 -9999 -9999 -9999 -9999 -9999 -9999 -9999 -9999 -9999 -9999 -9999 -9999 -9999 -9999 -9999
29.864279 29.864279 29.864279 29.864279 29.864279 29.864279 29.864279 29.864485 29.852163 29.815868 29.779573 29.772574 29.747787 29.723001 29.720632 29.720632 29.720632 29.720632 29.720632 29.720632 29.720632 29.720632 29.720632 29.720632 29.720632 29.720632 29.720632 29.720632 29.720632 29.720632 29.720632 29.720632 29.720632 29.720632 29.720632 29.720632 29.720632 29.720632 29.720632 29.720632 29.720632 29.720632 29.720632 29.720632 29.720632 29.720632 29.720632 29.720632 -9999 -9999 -9999 -9999 -9999 -9999 -9999 -9999 -9999 -9999 -9999 -9999 -9999 -9999 -9999 -9999
