test/data/Reference_scenario/processor_outputs/debug/OUTPUT_T_0_0_23h.tif
NCOLS 132
NROWS 132
XLLCORNER 352310.43
YLLCORNER 6689219.5
DX 17.797726
DY 17.797726
NODATA_VALUE -9999
[rows 28 to 55 of 132, columns 64 to 127 of 132]
22.180248 22.176631 22.172587 22.168543 22.164968 22.163854 22.16274 22.162013 22.16685 22.171687 22.176524 22.191644 22.207083 22.222521 22.220431 22.215833 22.211236 22.209279 22.208067 22.206855 22.203169 22.198341 22.193514 22.192543 22.194256 22.195969 22.19612 22.194672 22.193224 22.196145 22.20564 22.215135 22.220394 22.21596 22.211527 22.207512 22.205085 22.202658 22.200439 22.199846 22.199254 22.198799 22.205561 22.212323 22.219085 22.213174 22.206215 22.199255 -9999 -9999 -9999 -9999 -9999 -9999 -9999 -9999 -9999 -9999 -9999 -9999 -9999 -9999 -9999 -9999
22.180248 22.176631 22.172587 22.168543 22.164968 22.163854 22.16274 22.162013 22.16685 22.171687 22.176524 22.191644 22.207083 22.222521 22.220431 22.215833 22.211236 22.209279 22.208067 22.206855 22.203169 22.198341 22.193514 22.192543 22.194256 22.195969 22.19612 22.194672 22.193224 22.196145 22.20564 22.215135 22.220394 22.21596 22.211527 22.207512 22.205085 22.202658 22.200439 22.199846 22.199254 22.198799 22.205561 22.212323 22.219085 22.213174 22.206215 22.199255 -9999 -9999 -9999 -9999 -9999 -9999 -9999 -9999 -9999 -9999 -9999 -9999 -9999 -9999 -9999 -9999
22.180248 22.176631 22.172587 22.168543 22.164968 22.163854 22.16274 22.162013 22.16685 22.171687 22.176524 22.191644 22.207083 22.222521 22.220431 22.215833 22.211236 22.209279 22.208067 22.206855 22.203169 22.198341 22.193514 22.192543 22.194256 22.195969 22.19612 22.194672 22.193224 22.196145 22.20564 22.215135 22.220394 22.21596 22.211527 22.207512 22.205085 22.202658 22.200439 22.199846 22.199254 22.198799 22.205561 22.212323 22.219085 22.213174 22.206215 22.199255 -9999 -9999 -9999 -9999 -9999 -9999 -9999 -9999 -9999 -9999 -9999 -9999 -9999 -9999 -9999 -9999
22.180248 22.176631 22.172587 22.168543 22.164968 22.163854 22.16274 22.162013 22.16685 22.171687 22.176524 22.191644 22.207083 22.222521 22.220431 22.215833 22.211236 22.209279 22.208067 22.206855 22.203169 22.198341 22.193514 22.192543 22.194256 22.195969 22.19612 22.194672 22.193224 22.196145 22.20564 22.215135 22.220394 22.21596 22.211527 22.207512 22.205085 22.202658 22.200439 22.199846 22.199254 22.198799 22.205561 22.212323 22.219085 22.213174 22.206215 22.199255 -9999 -9999 -9999 -9999 -9999 -9999 -9999 -9999 -9999 -9999 -9999 -9999 -9999 -9999 -9999 -9999
22.180248 22.176631 22.172587 22.168543 22.164968 22.163854 22.16274 22.162013 22.16685 22.171687 22.176524 22.191644 22.207083 22.222521 22.220431 22.215833 22.211236 22.209279 22.208067 22.206855 22.203169 22.198341 22.193514 22.192543 22.194256 22.195969 22.19612 22.194672 22.193224 22.196145 22.20564 22.215135 22.220394 22.21596 22.211527 22.207512 22.205085 22.202658 22.200439 22.199846 22.199254 22.198799 22.205561 22.212323 22.219085 22.213174 22.206215 22.199255 -9999 -9999 -9999 -9999 -9999 -9999 -9999 -9999 -9999 -9999 -9999 -9999 -9999 -9999 -9999 -9999
22.180248 22.176631 22.172587 22.168543 22.164968 22.163854 22.16274 22.162013 22.16685 22.171687 22.176524 22.191644 22.207083 22.222521 22.220431 22.215833 22.211236 22.209279 22.208067 22.206855 22.203169 22.198341 22.193514 22.192543 22.194256 22.195969 22.19612 22.194672 22.193224 22.196145 22.20564 22.215135 22.220394 22.21596 22.211527 22.207512 22.205085 22.202658 22.200439 22.199846 22.199254 22.198799 22.205561 22.212323 22.219085 22.213174 22.206215 22.199255 -9999 -9999 -9999 -9999 -9999 -9999 -9999 -9999 -9999 -9999 -9999 -9999 -9999 -9999 -9999 -9999
22.180248 22.176631 22.172587 22.168543 22.164968 22.163854 22.16274 22.162013 22.16685 22.171687 22.176524 22.191644 22.207083 22.222521 22.220431 22.215833 22.211236 22.209279 22.208067 22.206855 22.203169 22.198341 22.193514 22.192543 22.194256 22.195969 22.19612 22.194672 22.193224 22.196145 22.20564 22.215135 22.220394 22.21596 22.211527 22.207512 22.205085 22.202658 22.200439 22.199846 22.199254 22.198799 22.205561 22.212323 22.219085 22.213174 22.206215 22.199255 -9999 -9999 -9999 -9999 -9999 -9999 -9999 -9999 -9999 -9999 -9999 -9999 -9999 -9999 -9999 -9999
22.180248 22.176631 22.172587 22.168543 22.164968 22.163854 22.16274 22.162013 22.16685 22.171687 22.176524 22.191644 22.207083 22.222521 22.220431 22.215833 22.211236 22.209279 22.208067 22.206855 22.203169 22.198341 22.193514 22.192543 22.194256 22.195969 22.19612 22.194672 22.193224 22.196145 22.20564 22.215135 22.220394 22.21596 22.211527 22.207512 22.205085 22.202658 22.200439 22.199846 22.199254 22.198799 22.205561 22.212323 22.219085 22.213174 22.206215 22.199255 -9999 -9999 -9999 -9999 -9999 -9999 -9999 -9999 -9999 -9999 -9999 -9999 -9999 -9999 -9999 -9999
22.180248 22.176631 22.172587 22.168543 22.164968 22.163854 22.16274 22.162013 22.16685 22.171687 22.176524 22.191644 22.207083 22.222521 22.220431 22.215833 22.211236 22.209279 22.208067 22.206855 22.203169 22.198341 22.193514 22.192543 22.194256 22.195969 22.19612 22.194672 22.193224 22.196145 22.20564 22.215135 22.220394 22.21596 22.211527 22.207512 22.205085 22.202658 22.200439 22.199846 22.199254 22.198799 22.205561 22.212323 22.219085 22.213174 22.206215 22.199255 -9999 -9999 -9999 -9999 -9999 -9999 -9999 -9999 -9999 -9999 -9999 -9999 -9999 -9999 -9999 -9999
22.180248 22.176631 22.172587 22.168543 22.164968 22.163854 22.16274 22.162013 22.16685 22.171687 22.176524 22.191644 22.207083 22.222521 22.220431 22.215833 22.211236 22.209279 22.208067 22.206855 22.203169 22.198341 22.193514 22.192543 22.194256 22.195969 22.19612 22.194672 22.193224 22.196145 22.20564 22.215135 22.220394 22.21596 22.211527 22.207512 22.205085 22.202658 22.200439 22.199846 22.199254 22.198799 22.205561 22.212323 22.219085 22.213174 22.206215 22.199255 -9999 -9999 -9999 -9999 -9999 -9999 -9999 -9999 -9999 -9999 -9999 -9999 -9999 -9999 -9999 -9999
22.180248 22.176631 22.172587 22.168543 22.164968 22.163854 22.16274 22.162013 22.16685 22.171687 22.176524 22.191644 22.207083 22.222521 22.220431 22.215833 22.211236 22.209279 22.208067 22.206855 22.203169 22.198341 22.193514 22.192543 22.194256 22.195969 22.19612 22.194672 22.193224 22.196145 22.20564 22.215135 22.220394 22.21596 22.211527 22.207512 22.205085 22.202658 22.200439 22.199846 22.199254 22.198799 22.205561 22.212323 22.219085 22.213174 22.206215 22.199255 -9999 -9999 -9999 -9999 -9999 -9999 -9999 -9999 -9999 -9999 -9999 -9999 -9999 -9999 -9999 -9999
22.180248 22.176631 22.172587 22.168543 22.164968 22.163854 22.16274 22.162013 22.16685 22.171687 22.176524 22.191644 22.207083 22.222521 22.220431 22.215833 22.211236 22.209279 22.208067 22.206855 22.203169 22.198341 22.193514 22.192543 22.194256 22.195969 22.19612 22.194672 22.193224 22.196145 22.20564 22.215135 22.220394 22.21596 22.211527 22.207512 22.205085 22.202658 22.200439 22.199846 22.199254 22.198799 22.205561 22.212323 22.219085 22.213174 22.206215 22.199255 -9999 -9999 -9999 -9999 -9999 -9999 -9999 -9999 -9999 -9999 -9999 -9999 -9999 -9999 -9999 -9999
22.180248 22.176631 22.172587 22.168543 22.164968 22.163854 22.16274 22.162013 22.16685 22.171687 22.176524 22.191644 22.207083 22.222521 22.220431 22.215833 22.211236 22.209279 22.208067 22.206855 22.203169 22.198341 22.193514 22.192543 22.194256 22.195969 22.19612 22.194672 22.193224 22.196145 22.20564 22.215135 22.220394 22.21596 22.211527 22.207512 22.205085 22.202658 22.200439 22.199846 22.199254 22.198799 22.205561 22.212323 22.219085 22.213174 22.206215 22.199255 -9999 -9999 -9999 -9999 -9999 -9999 -9999 -9999 -9999 -9999 -9999 -9999 -9999 -9999 -9999 -9999
22.180248 22.176631 22.172587 22.168543 22.164968 22.163854 22.16274 22.162013 22.16685 22.171687 22.176524 22.191644 22.207083 22.222521 22.220431 22.215833 22.211236 22.209279 22.208067 22.206855 22.203169 22.198341 22.193514 22.192543 22.194256 22.195969 22.19612 22.194672 22.193224 22.196145 22.20564 22.215135 22.220394 22.21596 22.211527 22.207512 22.205085 22.202658 22.200439 22.199846 22.199254 22.198799 22.205561 22.212323 22.219085 22.213174 22.206215 22.199255 -9999 -9999 -9999 -9999 -9999 -9999 -9999 -9999 -9999 -9999 -9999 -9999 -9999 -9999 -9999 -9999
22.180248 22.176631 22.172587 22.168543 22.164968 22.163854 22.16274 22.162013 22.16685 22.171687 22.176524 22.191644 22.207083 22.222521 22.220431 22.215833 22.211236 22.209279 22.208067 22.206855 22.203169 22.198341 22.193514 22.192543 22.194256 22.195969 22.19612 22.194672 22.193224 22.196145 22.20564 22.215135 22.220394 22.21596 22.211527 22.207512 22.205085 22.202658 22.200439 22.199846 22.199254 22.198799 22.205561 22.212323 22.219085 22.213174 22.206215 22.199255 -9999 -9999 -9999 -9999 -9999 -9999 -9999 -9999 -9999 -9999 -9999 -9999 -9999 -9999 -9999 -9999
22.180248 22.176631 22.172587 22.168543 22.164968 22.163854 22.16274 22.162013 22.16685 22.171687 22.176524 22.191644 22.207083 22.222521 22.220431 22.215833 22.211236 22.209279 22.208067 22.206855 22.203169 22.198341 22.193514 22.192543 22.194256 22.195969 22.19612 22.194672 22.193224 22.196145 22.20564 22.215135 22.220394 22.21596 22.211527 22.207512 22.205085 22.202658 22.200439 22.199846 22.199254 22.198799 22.205561 22.212323 22.219085 22.213174 22.206215 22.199255 -9999 -9999 -9999 -9999 -9999 -9999 -9999 -9999 -9999 -9999 -9999 -9999 -9999 -9999 -9999 -9999
22.180248 22.176631 22.172587 22.168543 22.164968 22.163854 22.16274 22.162013 22.16685 22.171687 22.176524 22.191644 22.207083 22.222521 22.220431 22.215833 22.211236 22.209279 22.208067 22.206855 22.203169 22.198341 22.193514 22.192543 22.194256 22.195969 22.19612 22.194672 22.193224 22.196145 22.20564 22.215135 22.220394 22.21596 22.211527 22.207512 22.205085 22.202658 22.200439 22.199846 22.199254 22.198799 22.205561 22.212323 22.219085 22.213174 22.206215 22.199255 -9999 -9999 -9999 -9999 -9999 -9999 -9999 -9999 -9999 -9999 -9999 -9999 -9999 -9999 -9999 -9999
22.180248 22.176631 22.172587 22.168543 22.164968 22.163854 22.16274 22.162013 22.16685 22.171687 22.176524 22.191644 22.207083 22.222521 22.220431 22.215833 22.211236 22.209279 22.208067 22.206855 22.203169 22.198341 22.193514 22.192543 22.194256 22.195969 22.19612 22.194672 22.193224 22.196145 22.20564 22.215135 22.220394 22.21596 22.211527 22.207512 22.205085 22.202658 22.200439 22.199846 22.199254 22.198799 22.205561 22.212323 22.219085 22.213174 22.206215 22.199255 -9999 -9999 -9999 -9999 -9999 -9999 -9999 -9999 -9999 -9999 -9999 -9999 -9999 -9999 -9999 -9999
21.440985 21.437369 21.433325 21.449859 22.164968 22.163854 22.16274 22.162013 22.16685 22.171687 22.176524 22.191644 22.207083 22.222521 22.220431 22.215833 22.211236 22.209279 22.208067 22.206855 22.203169 22.198341 22.193514 22.192543 22.194256 22.195969 22.19612 22.194672 22.193224 22.196145 22.20564 22.215135 22.220394 22.21596 22.211527 22.207512 22.205085 22.202658 22.200439 22.199846 22.199254 22.198799 22.205561 22.212323 22.219085 22.213174 22.206215 22.199255 -9999 -9999 -9999 -9999 -9999 -9999 -9999 -9999 -9999 -9999 -9999 -9999 -9999 -9999 -9999 -9999
20.586385 20.582769 20.598072 21.449859 22.164968 22.163854 22.16274 22.162013 22.16685 22.171687 22.176524 22.191644 22.207083 22.222521 22.220431 22.215833 22.211236 22.209279 22.208067 22.206855 22.203169 22.198341 22.193514 22.192543 22.194256 22.195969 22.19612 22.194672 22.193224 22.196145 22.20564 22.215135 22.220394 22.21596 22.211527 22.207512 22.205085 22.202658 22.200439 22.199846 22.199254 22.198799 22.205561 22.212323 22.219085 22.213174 22.206215 22.199255 -9999 -9999 -9999 -9999 -9999 -9999 -9999 -9999 -9999 -9999 -9999 -9999 -9999 -9999 -9999 -9999
19.849572 19.746284 20.598072 21.449859 22.164968 22.163854 22.16274 22.162013 22.16685 22.171687 22.176524 22.191644 22.207083 22.222521 22.220431 22.215833 22.211236 22.209279 22.208067 22.206855 22.203169 22.198341 22.193514 22.192543 22.194256 22.195969 22.19612 22.194672 22.193224 22.196145 22.20564 22.215135 22.220394 22.21596 22.211527 22.207512 22.205085 22.202658 22.200439 22.199846 22.199254 22.198799 22.205561 22.212323 22.219085 22.213174 22.206215 22.199255 -9999 -9999 -9999 -9999 -9999 -9999 -9999 -9999 -9999 -9999 -9999 -9999 -9999 -9999 -9999 -9999
19.658807 19.701916 20.553704 21.405491 21.375996 22.163854 22.16274 22.162013 22.16685 22.171687 22.176524 22.191644 22.207083 22.222521 22.220431 22.215833 22.211236 22.209279 22.208067 22.206855 22.203169 22.198341 22.193514 22.192543 22.194256 22.195969 22.19612 22.194672 22.193224 22.196145 22.20564 22.215135 22.220394 22.21596 22.211527 22.207512 22.205085 22.202658 22.200439 22.199846 22.199254 22.198799 22.205561 22.212323 22.219085 22.213174 22.206215 22.199255 -9999 -9999 -9999 -9999 -9999 -9999 -9999 -9999 -9999 -9999 -9999 -9999 -9999 -9999 -9999 -9999
19.600844 19.643954 20.495741 20.195434 20.071841 21.376761 22.16274 22.162013 22.16685 22.171687 22.176524 22.191644 22.207083 22.222521 22.220431 22.215833 22.211236 22.209279 22.208067 22.206855 22.203169 22.198341 22.193514 22.192543 22.194256 22.195969 22.19612 22.194672 22.193224 22.196145 22.20564 22.215135 22.220394 22.21596 22.211527 22.207512 22.205085 22.202658 22.200439 22.199846 22.199254 22.198799 22.205561 22.212323 22.219085 22.213174 22.206215 22.199255 -9999 -9999 -9999 -9999 -9999 -9999 -9999 -9999 -9999 -9999 -9999 -9999 -9999 -9999 -9999 -9999
19.545839 19.585991 19.287479 18.891279 18.767685 20.072606 21.377526 22.162013 22.16685 22.171687 22.176524 22.191644 22.207083 22.222521 22.220431 22.215833 22.211236 22.209279 22.208067 22.206855 22.203169 22.198341 22.193514 22.192543 22.194256 22.195969 22.19612 22.194672 22.193224 22.196145 22.20564 22.215135 22.220394 22.21596 22.211527 22.207512 22.205085 22.202658 22.200439 22.199846 22.199254 22.198799 22.205561 22.212323 22.219085 22.213174 22.206215 22.199255 -9999 -9999 -9999 -9999 -9999 -9999 -9999 -9999 -9999 -9999 -9999 -9999 -9999 -9999 -9999 -9999
19.496732 19.215771 18.819571 18.423371 17.934026 18.208621 19.513542 20.873681 22.16685 22.171687 22.176524 22.191644 22.207083 22.222521 22.220431 22.215833 22.211236 22.209279 22.208067 22.206855 22.203169 22.198341 22.193514 22.192543 22.194256 22.195969 22.19612 22.194672 22.193224 22.196145 22.20564 22.215135 22.220394 22.21596 22.211527 22.207512 22.205085 22.202658 22.200439 22.199846 22.199254 22.198799 22.205561 22.212323 22.219085 22.213174 22.206215 22.199255 -9999 -9999 -9999 -9999 -9999 -9999 -9999 -9999 -9999 -9999 -9999 -9999 -9999 -9999 -9999 -9999
19.448463 19.167502 18.771302 18.327315 17.827827 17.091095 17.368628 18.728767 20.881608 22.171687 22.176524 22.191644 22.207083 22.222521 22.220431 22.215833 22.211236 22.209279 22.208067 22.206855 22.203169 22.198341 22.193514 22.192543 22.194256 22.195969 22.19612 22.194672 22.193224 22.196145 22.20564 22.215135 22.220394 22.21596 22.211527 22.207512 22.205085 22.202658 22.200439 22.199846 22.199254 22.198799 22.205561 22.212323 22.219085 22.213174 22.206215 22.199255 -9999 -9999 -9999 -9999 -9999 -9999 -9999 -9999 -9999 -9999 -9999 -9999 -9999 -9999 -9999 -9999
19.401898 19.119233 18.675329 18.221116 17.721628 16.984896 16.248164 16.583854 18.736695 20.889536 22.176524 22.191644 22.207083 22.222521 22.220431 22.215833 22.211236 22.209279 22.208067 22.206855 22.203169 22.198341 22.193514 22.192543 22.194256 22.195969 22.19612 22.194672 22.193224 22.196145 22.20564 22.215135 22.220394 22.21596 22.211527 22.207512 22.205085 22.202658 22.200439 22.199846 22.199254 22.198799 22.205561 22.212323 22.219085 22.213174 22.206215 22.199255 -9999 -9999 -9999 -9999 -9999 -9999 -9999 -9999 -9999 -9999 -9999 -9999 -9999 -9999 -9999 -9999
19.360274 19.060424 18.606211 18.151997 17.629588 16.896434 16.159702 15.470043 16.538784 18.691625 20.844467 20.924039 20.939478 21.942004 22.220431 22.215833 22.211236 22.209279 22.208067 22.206855 22.203169 22.198341 22.193514 22.192543 22.194256 22.195969 22.19612 22.194672 22.193224 22.196145 22.20564 22.215135 22.220394 22.21596 22.211527 22.207512 22.205085 22.202658 22.200439 22.199846 22.199254 22.198799 22.205561 22.212323 22.219085 22.213174 22.206215 22.199255 -9999 -9999 -9999 -9999 -9999 -9999 -9999 -9999 -9999 -9999 -9999 -9999 -9999 -9999 -9999 -9999
