test/data/seminaire_final_coolparks/differents_cas/cas_3/Reference_scenario_cas3/2_Calculated_park_effects/Reference_weather/OUTPUT_T_45_0_23h.tif
NCOLS 137
NROWS 137
XLLCORNER 355585.11
YLLCORNER 6688994.6
CELLSIZE 11.935661
NODATA_VALUE -9999
[rows 58 to 86 of 137, columns 65 to 129 of 137]
25.07731 25.15967 25.243745 25.307961 25.377815 25.432688 25.486818 25.511402 25.524774 25.540698 25.546206 25.548994 25.555716 25.562439 25.569161 25.575884 25.582788 25.589994 25.597201 25.604407 25.611613 25.618128 25.621121 25.624115 25.627109 25.630102 25.633096 25.643219 25.653701 25.664182 25.674664 25.685145 25.682177 25.674487 25.666796 25.659106 25.651415 -9999 -9999 -9999 -9999 -9999 -9999 -9999 -9999 -9999 -9999 -9999 -9999 -9999 -9999 -9999 -9999 -9999 -9999 -9999 -9999 -9999 -9999 -9999 -9999 -9999 -9999 -9999 -9999
25.05166 25.130712 25.206268 25.277167 25.336598 25.391575 25.446277 25.488984 25.513568 25.52694 25.543631 25.555716 25.562439 25.569161 25.575884 25.582788 25.589994 25.597201 25.604407 25.611613 25.618128 25.621121 25.624115 25.627109 25.630102 25.633096 25.643219 25.653701 25.664182 25.674664 25.685145 25.682177 25.674487 25.666796 25.659106 25.651415 25.643837 25.63636 -9999 -9999 -9999 -9999 -9999 -9999 -9999 -9999 -9999 -9999 -9999 -9999 -9999 -9999 -9999 -9999 -9999 -9999 -9999 -9999 -9999 -9999 -9999 -9999 -9999 -9999 -9999
25.026011 25.111321 25.177311 25.246372 25.299963 25.352099 25.405621 25.452748 25.49115 25.519053 25.538064 25.557076 25.569161 25.575884 25.582788 25.589994 25.597201 25.604407 25.611613 25.618128 25.621121 25.624115 25.627109 25.630102 25.633096 25.643219 25.653701 25.664182 25.674664 25.685145 25.682177 25.674487 25.666796 25.659106 25.651415 25.643837 25.63636 25.628883 25.621405 -9999 -9999 -9999 -9999 -9999 -9999 -9999 -9999 -9999 -9999 -9999 -9999 -9999 -9999 -9999 -9999 -9999 -9999 -9999 -9999 -9999 -9999 -9999 -9999 -9999 -9999
25.001916 25.089431 25.157919 25.219523 25.266766 25.314755 25.366144 25.416512 25.466957 25.519544 25.543952 25.557721 25.571489 25.582788 25.589994 25.597201 25.604407 25.611613 25.618128 25.621121 25.624115 25.627109 25.630102 25.633096 25.643219 25.653701 25.664182 25.674664 25.685145 25.682177 25.674487 25.666796 25.659106 25.651415 25.643837 25.63636 25.628883 25.621405 25.613928 25.608316 -9999 -9999 -9999 -9999 -9999 -9999 -9999 -9999 -9999 -9999 -9999 -9999 -9999 -9999 -9999 -9999 -9999 -9999 -9999 -9999 -9999 -9999 -9999 -9999 -9999
24.990407 25.070395 25.134143 25.194653 25.244823 25.291956 25.339946 25.395588 25.451185 25.50956 25.547081 25.571489 25.582788 25.589994 25.597201 25.604407 25.611613 25.618128 25.621121 25.624115 25.627109 25.630102 25.633096 25.643219 25.653701 25.664182 25.674664 25.685145 25.682177 25.674487 25.666796 25.659106 25.651415 25.643837 25.63636 25.628883 25.621405 25.613928 25.608316 25.60674 25.605165 -9999 -9999 -9999 -9999 -9999 -9999 -9999 -9999 -9999 -9999 -9999 -9999 -9999 -9999 -9999 -9999 -9999 -9999 -9999 -9999 -9999 -9999 -9999 -9999
24.989589 25.052153 25.110377 25.169784 25.223842 25.270014 25.324799 25.385793 25.439545 25.49428 25.537098 25.576717 25.589994 25.597201 25.604407 25.611613 25.618128 25.621121 25.624115 25.627109 25.630102 25.633096 25.643219 25.653701 25.664182 25.674664 25.685145 25.682177 25.674487 25.666796 25.659106 25.651415 25.643837 25.63636 25.628883 25.621405 25.613928 25.608316 25.60674 25.605165 25.60359 25.602015 -9999 -9999 -9999 -9999 -9999 -9999 -9999 -9999 -9999 -9999 -9999 -9999 -9999 -9999 -9999 -9999 -9999 -9999 -9999 -9999 -9999 -9999 -9999
24.98001 25.034069 25.088648 25.146018 25.20286 25.258935 25.319003 25.375999 25.432766 25.48264 25.529213 25.572309 25.596044 25.604407 25.611613 25.618128 25.621121 25.624115 25.627109 25.630102 25.633096 25.643219 25.653701 25.664182 25.674664 25.685145 25.682177 25.674487 25.666796 25.659106 25.651415 25.643837 25.63636 25.628883 25.621405 25.613928 25.608316 25.60674 25.605165 25.60359 25.602015 25.60045 25.59897 -9999 -9999 -9999 -9999 -9999 -9999 -9999 -9999 -9999 -9999 -9999 -9999 -9999 -9999 -9999 -9999 -9999 -9999 -9999 -9999 -9999 -9999
24.969074 25.025729 25.079507 25.134086 25.192611 25.254782 25.317696 25.370202 25.425987 25.475032 25.522703 25.567901 25.600667 25.610456 25.618128 25.621121 25.624115 25.627109 25.630102 25.633096 25.643219 25.653701 25.664182 25.674664 25.685145 25.682177 25.674487 25.666796 25.659106 25.651415 25.643837 25.63636 25.628883 25.621405 25.613928 25.608316 25.60674 25.605165 25.60359 25.602015 25.60045 25.59897 25.597491 25.596011 -9999 -9999 -9999 -9999 -9999 -9999 -9999 -9999 -9999 -9999 -9999 -9999 -9999 -9999 -9999 -9999 -9999 -9999 -9999 -9999 -9999
24.958138 25.018208 25.071166 25.12889 25.190174 25.251458 25.31363 25.368895 25.421305 25.467456 25.51372 25.561391 25.605291 25.614631 25.621121 25.624115 25.627109 25.630102 25.633096 25.643219 25.653701 25.664182 25.674664 25.685145 25.682177 25.674487 25.666796 25.659106 25.651415 25.643837 25.63636 25.628883 25.621405 25.613928 25.608316 25.60674 25.605165 25.60359 25.602015 25.60045 25.59897 25.597491 25.596011 25.594532 25.593052 -9999 -9999 -9999 -9999 -9999 -9999 -9999 -9999 -9999 -9999 -9999 -9999 -9999 -9999 -9999 -9999 -9999 -9999 -9999 -9999
24.952025 25.010687 25.071719 25.135923 25.193896 25.252494 25.311093 25.367491 25.419741 25.467484 25.512345 25.557709 25.601862 25.616523 25.62358 25.627109 25.630102 25.633096 25.643219 25.653701 25.664182 25.674664 25.685145 25.682177 25.674487 25.666796 25.659106 25.651415 25.643837 25.63636 25.628883 25.621405 25.613928 25.608316 25.60674 25.605165 25.60359 25.602015 25.60045 25.59897 25.597491 25.596011 25.594532 25.593052 25.587237 25.580895 -9999 -9999 -9999 -9999 -9999 -9999 -9999 -9999 -9999 -9999 -9999 -9999 -9999 -9999 -9999 -9999 -9999 -9999 -9999
24.950623 25.013906 25.077918 25.144597 25.201989 25.259961 25.315666 25.366575 25.418178 25.468078 25.512373 25.556023 25.594014 25.617563 25.625472 25.630102 25.633096 25.643219 25.653701 25.664182 25.674664 25.685145 25.682177 25.674487 25.666796 25.659106 25.651415 25.643837 25.63636 25.628883 25.621405 25.613928 25.608316 25.60674 25.605165 25.60359 25.602015 25.60045 25.59897 25.597491 25.596011 25.594532 25.593052 25.587237 25.580895 25.574553 25.568211 -9999 -9999 -9999 -9999 -9999 -9999 -9999 -9999 -9999 -9999 -9999 -9999 -9999 -9999 -9999 -9999 -9999 -9999
24.956487 25.02485 25.087728 25.150796 25.210722 25.267132 25.316782 25.366352 25.417261 25.468671 25.512505 25.552426 25.586166 25.6176 25.626512 25.633096 25.643219 25.653701 25.664182 25.674664 25.685145 25.682177 25.674487 25.666796 25.659106 25.651415 25.643837 25.63636 25.628883 25.621405 25.613928 25.608316 25.60674 25.605165 25.60359 25.602015 25.60045 25.59897 25.597491 25.596011 25.594532 25.593052 25.587237 25.580895 25.574553 25.568211 25.561869 25.558542 -9999 -9999 -9999 -9999 -9999 -9999 -9999 -9999 -9999 -9999 -9999 -9999 -9999 -9999 -9999 -9999 -9999
24.968179 25.035795 25.101064 25.160605 25.218534 25.273416 25.324466 25.372887 25.42178 25.46929 25.510287 25.551771 25.582569 25.616309 25.626549 25.643219 25.653701 25.664182 25.674664 25.685145 25.682177 25.674487 25.666796 25.659106 25.651415 25.643837 25.63636 25.628883 25.621405 25.613928 25.608316 25.60674 25.605165 25.60359 25.602015 25.60045 25.59897 25.597491 25.596011 25.594532 25.593052 25.587237 25.580895 25.574553 25.568211 25.561869 25.558542 25.556636 25.554729 -9999 -9999 -9999 -9999 -9999 -9999 -9999 -9999 -9999 -9999 -9999 -9999 -9999 -9999 -9999 -9999
24.980638 25.047487 25.114401 25.172627 25.227507 25.2797 25.332632 25.380571 25.427609 25.468083 25.508557 25.549553 25.583745 25.612712 25.634729 25.652191 25.664182 25.674664 25.685145 25.682177 25.674487 25.666796 25.659106 25.651415 25.643837 25.63636 25.628883 25.621405 25.613928 25.608316 25.60674 25.605165 25.60359 25.602015 25.60045 25.59897 25.597491 25.596011 25.594532 25.593052 25.587237 25.580895 25.574553 25.568211 25.561869 25.558542 25.556636 25.554729 25.552823 25.550917 -9999 -9999 -9999 -9999 -9999 -9999 -9999 -9999 -9999 -9999 -9999 -9999 -9999 -9999 -9999
25.001354 25.066014 25.127007 25.182469 25.238517 25.288672 25.340799 25.388714 25.4353 25.472355 25.509649 25.547823 25.584922 25.61863 25.644633 25.66078 25.674664 25.685145 25.682177 25.674487 25.666796 25.659106 25.651415 25.643837 25.63636 25.628883 25.621405 25.613928 25.608316 25.60674 25.605165 25.60359 25.602015 25.60045 25.59897 25.597491 25.596011 25.594532 25.593052 25.587237 25.580895 25.574553 25.568211 25.561869 25.558542 25.556636 25.554729 25.552823 25.550917 25.550751 25.552566 -9999 -9999 -9999 -9999 -9999 -9999 -9999 -9999 -9999 -9999 -9999 -9999 -9999 -9999
25.022635 25.083063 25.13798 25.192897 25.248359 25.300273 25.350015 25.396739 25.444536 25.483115 25.52017 25.557464 25.591085 25.624785 25.656016 25.670685 25.685145 25.682177 25.674487 25.666796 25.659106 25.651415 25.643837 25.63636 25.628883 25.621405 25.613928 25.608316 25.60674 25.605165 25.60359 25.602015 25.60045 25.59897 25.597491 25.596011 25.594532 25.593052 25.587237 25.580895 25.574553 25.568211 25.561869 25.558542 25.556636 25.554729 25.552823 25.550917 25.550751 25.552566 25.554381 25.556196 -9999 -9999 -9999 -9999 -9999 -9999 -9999 -9999 -9999 -9999 -9999 -9999 -9999
25.042354 25.099529 25.152379 25.205656 25.258934 25.31205 25.362692 25.408528 25.452561 25.49412 25.53093 25.564637 25.59775 25.631187 25.664887 25.682067 25.682101 25.674487 25.666796 25.659106 25.651415 25.643837 25.63636 25.628883 25.621405 25.613928 25.608316 25.60674 25.605165 25.60359 25.602015 25.60045 25.59897 25.597491 25.596011 25.594532 25.593052 25.587237 25.580895 25.574553 25.568211 25.561869 25.558542 25.556636 25.554729 25.552823 25.550917 25.550751 25.552566 25.554381 25.556196 25.558012 -9999 -9999 -9999 -9999 -9999 -9999 -9999 -9999 -9999 -9999 -9999 -9999 -9999
25.058653 25.116761 25.169827 25.222677 25.27538 25.325168 25.375368 25.423994 25.46435 25.505124 25.546836 25.584024 25.613995 25.643988 25.673981 25.678815 25.673709 25.666796 25.659106 25.651415 25.643837 25.63636 25.628883 25.621405 25.613928 25.608316 25.60674 25.605165 25.60359 25.602015 25.60045 25.59897 25.597491 25.596011 25.594532 25.593052 25.587237 25.580895 25.574553 25.568211 25.561869 25.558542 25.556636 25.554729 25.552823 25.550917 25.550751 25.552566 25.554381 25.556196 25.558012 -9999 -9999 -9999 -9999 -9999 -9999 -9999 -9999 -9999 -9999 -9999 -9999 -9999 -9999
25.088326 25.13306 25.187655 25.240666 25.290113 25.338699 25.388487 25.438687 25.479816 25.524913 25.562989 25.603432 25.633381 25.663353 25.670086 25.668651 25.665318 25.659106 25.651415 25.643837 25.63636 25.628883 25.621405 25.613928 25.608316 25.60674 25.605165 25.60359 25.602015 25.60045 25.59897 25.597491 25.596011 25.594532 25.593052 25.587237 25.580895 25.574553 25.568211 25.561869 25.558542 25.556636 25.554729 25.552823 25.550917 25.550751 25.552566 25.554381 25.556196 25.558012 -9999 -9999 -9999 -9999 -9999 -9999 -9999 -9999 -9999 -9999 -9999 -9999 -9999 -9999 -9999
25.129367 25.162732 25.206024 25.261792 25.313487 25.360447 25.407625 25.454803 25.500312 25.545951 25.583023 25.621099 25.65279 22.021994 21.438669 25.096505 25.655154 25.651415 25.643837 25.63636 25.628883 25.621405 25.613928 25.608316 25.60674 25.605165 25.60359 25.602015 25.60045 25.59897 25.597491 25.596011 25.594532 25.593052 25.587237 25.580895 25.574553 25.568211 25.561869 25.558542 25.556636 25.554729 25.552823 25.550917 25.550751 25.552566 25.554381 25.556196 25.558012 -9999 -9999 -9999 -9999 -9999 -9999 -9999 -9999 -9999 -9999 -9999 -9999 -9999 -9999 -9999 -9999
25.169667 25.204527 25.241737 25.282919 25.337054 25.38382 25.43078 25.47608 25.521285 25.5667 25.606851 25.641133 22.011453 17.095217 12.173305 11.589612 15.247448 21.501616 25.63636 25.628883 25.621405 25.613928 25.608316 25.60674 25.605165 25.60359 25.602015 25.60045 25.59897 25.597491 25.596011 25.594532 25.593052 25.587237 25.580895 25.574553 25.568211 25.561869 25.558542 25.556636 25.554729 25.552823 25.550917 25.550751 25.552566 25.554381 25.556196 25.558012 -9999 -9999 -9999 -9999 -9999 -9999 -9999 -9999 -9999 -9999 -9999 -9999 -9999 -9999 -9999 -9999 -9999
25.220432 25.250154 25.288105 25.318632 25.359813 25.407388 25.461128 25.501689 25.543981 25.587673 25.63068 22.236085 17.36492 12.16844 7.2487765 2.324248 4.3368874 12.911774 21.486661 25.621405 25.613928 25.608316 25.60674 25.605165 25.60359 25.602015 25.60045 25.59897 25.597491 25.596011 25.594532 25.593052 25.587237 25.580895 25.574553 25.568211 25.561869 25.558542 25.556636 25.554729 25.552823 25.550917 25.550751 25.552566 25.554381 25.556196 25.558012 -9999 -9999 -9999 -9999 -9999 -9999 -9999 -9999 -9999 -9999 -9999 -9999 -9999 -9999 -9999 -9999 -9999 -9999
25.277005 25.299509 25.333732 25.366745 25.395526 25.438094 25.492358 25.535345 25.575906 25.618198 22.225654 17.627015 12.992221 7.5219071 2.324248 2.5943778 7.5077274 12.421077 17.334427 22.247776 25.608316 25.60674 25.605165 25.60359 25.602015 25.60045 25.59897 25.597491 25.596011 25.594532 25.593052 25.587237 25.580895 25.574553 25.568211 25.561869 25.558542 25.556636 25.554729 25.552823 25.550917 25.550751 25.552566 25.554381 25.556196 25.558012 -9999 -9999 -9999 -9999 -9999 -9999 -9999 -9999 -9999 -9999 -9999 -9999 -9999 -9999 -9999 -9999 -9999 -9999 -9999
25.333577 25.351889 25.383087 25.414858 25.447655 25.480653 25.523423 25.570544 25.609562 22.215286 17.616627 13.017968 8.4193296 3.1492076 2.7058041 7.5077274 12.421077 17.334427 22.247776 25.608316 25.60674 25.605165 25.60359 25.602015 25.60045 25.59897 25.597491 25.596011 25.594532 25.593052 25.587237 25.580895 25.574553 25.568211 25.561869 25.558542 25.556636 25.554729 25.552823 25.550917 25.550751 25.552566 25.554381 25.556196 25.558012 -9999 -9999 -9999 -9999 -9999 -9999 -9999 -9999 -9999 -9999 -9999 -9999 -9999 -9999 -9999 -9999 -9999 -9999 -9999 -9999
25.384611 25.405885 25.435467 25.453166 25.491484 25.529884 25.565982 25.605743 23.269599 19.514884 14.382843 9.2508028 4.1187621 3.8034184 7.8532941 12.421077 17.334427 22.247776 25.608316 25.60674 25.605165 25.60359 25.602015 25.60045 25.59897 25.597491 25.596011 25.594532 25.593052 25.587237 25.580895 25.574553 25.568211 25.561869 25.558542 25.556636 25.554729 25.552823 25.550917 25.550751 25.552566 25.554381 25.556196 25.558012 -9999 -9999 -9999 -9999 -9999 -9999 -9999 -9999 -9999 -9999 -9999 -9999 -9999 -9999 -9999 -9999 -9999 -9999 -9999 -9999 -9999
25.431356 25.456918 25.474349 25.491371 25.523892 25.562292 25.600692 23.265193 20.095618 16.872888 11.740847 6.6088062 5.957439 9.3110997 13.000784 17.334427 22.247776 25.608316 25.60674 25.605165 25.60359 25.602015 25.60045 25.59897 25.597491 25.596011 25.594532 25.593052 25.587237 25.580895 25.574553 25.568211 25.561869 25.558542 25.556636 25.554729 25.552823 25.550917 25.550751 25.552566 25.554381 25.556196 25.558012 -9999 -9999 -9999 -9999 -9999 -9999 -9999 -9999 -9999 -9999 -9999 -9999 -9999 -9999 -9999 -9999 -9999 -9999 -9999 -9999 -9999 -9999
25.478101 25.495531 25.512553 25.529576 25.556299 25.5947 23.2592 20.090124 16.921049 13.751475 9.0988503 7.6936178 11.296855 15.154805 18.508465 22.247776 25.608316 25.60674 25.605165 25.60359 25.602015 25.60045 25.59897 25.597491 25.596011 25.594532 25.593052 25.587237 25.580895 25.574553 25.568211 25.561869 25.558542 25.556636 25.554729 25.552823 25.550917 25.550751 25.552566 25.554381 25.556196 25.558012 -9999 -9999 -9999 -9999 -9999 -9999 -9999 -9999 -9999 -9999 -9999 -9999 -9999 -9999 -9999 -9999 -9999 -9999 -9999 -9999 -9999 -9999 -9999
25.501877 25.524299 25.547118 25.56778 25.588707 24.312415 22.018299 18.316775 14.615252 10.913728 10.183662 12.109619 15.181685 19.066516 22.951347 25.608316 25.60674 25.605165 25.60359 25.602015 25.60045 25.59897 25.597491 25.596011 25.594532 25.593052 25.587237 25.580895 25.574553 25.568211 25.561869 25.558542 25.556636 25.554729 25.552823 25.550917 25.550751 25.552566 25.554381 25.556196 25.558012 -9999 -9999 -9999 -9999 -9999 -9999 -9999 -9999 -9999 -9999 -9999 -9999 -9999 -9999 -9999 -9999 -9999 -9999 -9999 -9999 -9999 -9999 -9999 -9999
25.5245 25.541125 25.563944 25.586763 24.306422 22.568487 20.806819 17.105296 13.403772 12.296773 13.92673 16.52562 19.066516 22.951347 25.608316 25.60674 25.605165 25.60359 25.602015 25.60045 25.59897 25.597491 25.596011 25.594532 25.593052 25.587237 25.580895 25.574553 25.568211 25.561869 25.558542 25.556636 25.554729 25.552823 25.550917 25.550751 25.552566 25.554381 25.556196 25.558012 -9999 -9999 -9999 -9999 -9999 -9999 -9999 -9999 -9999 -9999 -9999 -9999 -9999 -9999 -9999 -9999 -9999 -9999 -9999 -9999 -9999 -9999 -9999 -9999 -9999
