test/data/seminaire_final_coolparks/differents_cas/cas_3/Reference_scenario_cas3/2_Calculated_park_effects/Reference_weather/OUTPUT_T_45_0_12h.tif
NCOLS 137
NROWS 137
XLLCORNER 355585.11
YLLCORNER 6688994.6
CELLSIZE 11.935661
NODATA_VALUE -9999
[rows 58 to 86 of 137, columns 0 to 64 of 137]
-9999 -9999 -9999 -9999 -9999 -9999 -9999 -9999 -9999 -9999 -9999 -9999 -9999 -9999 -9999 -9999 -9999 -9999 -9999 -9999 -9999 -9999 -9999 -9999 37.16942 37.156921 37.144422 37.131922 37.119423 37.154561 37.237861 37.321161 37.404461 37.487761 37.569696 37.648212 37.726727 37.805243 37.883758 37.948434 37.837598 37.726761 37.615925 37.505088 37.394252 37.384075 37.390149 37.396223 37.402297 37.408371 37.372229 37.277603 37.186826 37.101448 37.019883 37.054422 37.196658 37.338888 37.482585 37.571634 37.618122 37.517783 37.417444 37.317301 37.216981
-9999 -9999 -9999 -9999 -9999 -9999 -9999 -9999 -9999 -9999 -9999 -9999 -9999 -9999 -9999 -9999 -9999 -9999 -9999 -9999 -9999 -9999 -9999 37.16942 37.156921 37.144422 37.131922 37.119423 37.154561 37.237861 37.321161 37.404461 37.487761 37.569696 37.648212 37.726727 37.805243 37.883758 37.948434 37.837598 37.726761 37.615925 37.505088 37.394252 37.384075 37.390149 37.396223 37.402297 37.408371 37.372229 37.313247 37.223974 37.124548 37.03377 37.03271 37.163664 37.312139 37.43188 37.571634 37.618122 37.517783 37.417444 37.317105 37.216765 37.118351
-9999 -9999 -9999 -9999 -9999 -9999 -9999 -9999 -9999 -9999 -9999 -9999 -9999 -9999 -9999 -9999 -9999 -9999 -9999 -9999 -9999 -9999 37.16942 37.156921 37.144422 37.131922 37.119423 37.154561 37.237861 37.321161 37.404461 37.487761 37.569696 37.648212 37.726727 37.805243 37.883758 37.948434 37.837598 37.726761 37.615925 37.505088 37.394252 37.384075 37.390149 37.396223 37.402297 37.408371 37.375355 37.317788 37.254264 37.178046 37.070918 37.06121 37.175819 37.290427 37.421381 37.549492 37.618122 37.517783 37.417444 37.317105 37.216765 37.118351 37.170188
-9999 -9999 -9999 -9999 -9999 -9999 -9999 -9999 -9999 -9999 -9999 -9999 -9999 -9999 -9999 -9999 -9999 -9999 -9999 -9999 -9999 37.16942 37.156921 37.144422 37.131922 37.119423 37.154561 37.237861 37.321161 37.404461 37.487761 37.569696 37.648212 37.726727 37.805243 37.883758 37.948434 37.837598 37.726761 37.615925 37.505088 37.394252 37.384075 37.390149 37.396223 37.402297 37.408371 37.375355 37.32119 37.267025 37.199823 37.132119 37.096943 37.171247 37.30573 37.426418 37.547106 37.618122 37.517783 37.417444 37.317105 37.216765 37.118351 37.170188 37.222025
-9999 -9999 -9999 -9999 -9999 -9999 -9999 -9999 -9999 -9999 -9999 -9999 -9999 -9999 -9999 -9999 -9999 -9999 -9999 -9999 37.16942 37.156921 37.144422 37.131922 37.119423 37.154561 37.237861 37.321161 37.404461 37.487761 37.569696 37.648212 37.726727 37.805243 37.883758 37.948434 37.837598 37.726761 37.615925 37.505088 37.394252 37.384075 37.390149 37.396223 37.402297 37.408371 37.375355 37.32119 37.267025 37.212859 37.149242 37.142687 37.215733 37.273322 37.412623 37.547106 37.618122 37.517783 37.417444 37.317105 37.216765 37.118351 37.170188 37.222025 37.273862
-9999 -9999 -9999 -9999 -9999 -9999 -9999 -9999 -9999 -9999 -9999 -9999 -9999 -9999 -9999 -9999 -9999 -9999 -9999 -9999 37.156921 37.144422 37.131922 37.119423 37.154561 37.237861 37.321161 37.404461 37.487761 37.569696 37.648212 37.726727 37.805243 37.883758 37.948434 37.837598 37.726761 37.615925 37.505088 37.394252 37.384075 37.390149 37.396223 37.402297 37.408371 37.375355 37.32119 37.267025 37.212859 37.158694 37.15949 37.231359 37.31506 37.392112 37.507231 37.608485 37.517783 37.417444 37.317105 37.216765 37.118351 37.170188 37.222025 37.273862 37.325698
-9999 -9999 -9999 -9999 -9999 -9999 -9999 -9999 -9999 -9999 -9999 -9999 -9999 -9999 -9999 -9999 -9999 -9999 -9999 -9999 -9999 37.131922 37.119423 37.154561 37.237861 37.321161 37.404461 37.487761 37.569696 37.648212 37.726727 37.805243 37.883758 37.948434 37.837598 37.726761 37.615925 37.505088 37.394252 37.384075 37.390149 37.396223 37.402297 37.408371 37.375355 37.32119 37.267025 37.212859 37.158694 37.163253 37.243524 37.320031 37.397839 37.491438 37.556324 37.500566 37.420716 37.317105 37.216765 37.118351 37.170188 37.222025 37.273862 37.325698 37.377535
-9999 -9999 -9999 -9999 -9999 -9999 -9999 -9999 -9999 -9999 -9999 -9999 -9999 -9999 -9999 -9999 -9999 -9999 -9999 -9999 -9999 -9999 37.154561 37.237861 37.321161 37.404461 37.487761 37.569696 37.648212 37.726727 37.805243 37.883758 37.948434 37.837598 37.726761 37.615925 37.505088 37.394252 37.384075 37.390149 37.396223 37.402297 37.408371 37.375355 37.32119 37.267025 37.212859 37.158694 37.163253 37.243524 37.323794 37.404065 37.480619 37.538922 37.471806 37.392647 37.326563 37.220037 37.118351 37.170188 37.222025 37.273862 37.325698 37.377535 37.406948
-9999 -9999 -9999 -9999 -9999 -9999 -9999 -9999 -9999 -9999 -9999 -9999 -9999 -9999 -9999 -9999 -9999 -9999 -9999 -9999 -9999 -9999 -9999 37.321161 37.404461 37.487761 37.569696 37.648212 37.726727 37.805243 37.883758 37.948434 37.837598 37.726761 37.615925 37.505088 37.394252 37.384075 37.390149 37.396223 37.402297 37.408371 37.375355 37.32119 37.267025 37.212859 37.158694 37.163253 37.243524 37.323794 37.404065 37.484335 37.53109 37.464646 37.401189 37.308129 37.228969 37.127764 37.170188 37.222025 37.273862 37.325698 37.377535 37.406948 37.430774
-9999 -9999 -9999 -9999 -9999 -9999 -9999 -9999 -9999 -9999 -9999 -9999 -9999 -9999 -9999 -9999 -9999 -9999 -9999 -9999 -9999 -9999 -9999 -9999 37.487761 37.569696 37.648212 37.726727 37.805243 37.883758 37.948434 37.837598 37.726761 37.615925 37.505088 37.394252 37.384075 37.390149 37.396223 37.402297 37.408371 37.375355 37.32119 37.267025 37.212859 37.158694 37.163253 37.243524 37.323794 37.404065 37.484335 37.53109 37.462223 37.393356 37.326912 37.243504 37.145714 37.18224 37.224344 37.273862 37.325698 37.377535 37.406948 37.430774 37.4546
-9999 -9999 -9999 -9999 -9999 -9999 -9999 -9999 -9999 -9999 -9999 -9999 -9999 -9999 -9999 -9999 -9999 -9999 -9999 -9999 -9999 -9999 -9999 -9999 -9999 37.648212 37.726727 37.805243 37.883758 37.948434 37.837598 37.726761 37.615925 37.505088 37.394252 37.384075 37.390149 37.396223 37.402297 37.408371 37.375355 37.32119 37.267025 37.212859 37.158694 37.163253 37.243524 37.323794 37.404065 37.484335 37.53109 37.462223 37.393356 37.324489 37.255622 37.180143 37.18092 37.214116 37.27882 37.325698 37.377535 37.406948 37.430774 37.4546 37.478426
-9999 -9999 -9999 -9999 -9999 -9999 -9999 -9999 -9999 -9999 -9999 -9999 -9999 -9999 -9999 -9999 -9999 -9999 -9999 -9999 -9999 -9999 -9999 -9999 -9999 -9999 37.805243 37.883758 37.948434 37.837598 37.726761 37.615925 37.505088 37.394252 37.384075 37.390149 37.396223 37.402297 37.408371 37.375355 37.32119 37.267025 37.212859 37.158694 37.163253 37.243524 37.323794 37.404065 37.484335 37.53109 37.462223 37.393356 37.324489 37.255622 37.187603 37.186751 37.216127 37.226778 37.310696 37.377535 37.406948 37.430774 37.4546 37.478426 37.502253
-9999 -9999 -9999 -9999 -9999 -9999 -9999 -9999 -9999 -9999 -9999 -9999 -9999 -9999 -9999 -9999 -9999 -9999 -9999 -9999 -9999 -9999 -9999 -9999 -9999 -9999 -9999 37.948434 37.837598 37.726761 37.615925 37.505088 37.394252 37.384075 37.390149 37.396223 37.402297 37.408371 37.375355 37.32119 37.267025 37.212859 37.158694 37.163253 37.243524 37.323794 37.404065 37.484335 37.53109 37.462223 37.393356 37.324489 37.255622 37.187603 37.185764 37.183924 37.222735 37.252111 37.323358 37.400785 37.430774 37.4546 37.478426 37.502253 37.581537
-9999 -9999 -9999 -9999 -9999 -9999 -9999 -9999 -9999 -9999 -9999 -9999 -9999 -9999 -9999 -9999 -9999 -9999 -9999 -9999 -9999 -9999 -9999 -9999 -9999 -9999 -9999 -9999 37.726761 37.615925 37.505088 37.394252 37.384075 37.390149 37.396223 37.402297 37.408371 37.375355 37.32119 37.267025 37.212859 37.158694 37.163253 37.243524 37.323794 37.404065 37.484335 37.53109 37.462223 37.393356 37.324489 37.255622 37.187603 37.185764 37.183924 37.182085 37.206139 37.25872 37.329529 37.405339 37.450762 37.478426 37.502253 37.581537 37.699604
-9999 -9999 -9999 -9999 -9999 -9999 -9999 -9999 -9999 -9999 -9999 -9999 -9999 -9999 -9999 -9999 -9999 -9999 -9999 -9999 -9999 -9999 -9999 -9999 -9999 -9999 -9999 -9999 -9999 37.505088 37.394252 37.384075 37.390149 37.396223 37.402297 37.408371 37.375355 37.32119 37.267025 37.212859 37.158694 37.163253 37.243524 37.323794 37.404065 37.484335 37.53109 37.462223 37.393356 37.324489 37.255622 37.187603 37.185764 37.183924 37.182085 37.180245 37.189544 37.247885 37.320222 37.409893 37.467486 37.498414 37.581537 37.699604 37.817671
-9999 -9999 -9999 -9999 -9999 -9999 -9999 -9999 -9999 -9999 -9999 -9999 -9999 -9999 -9999 -9999 -9999 -9999 -9999 -9999 -9999 -9999 -9999 -9999 -9999 -9999 -9999 -9999 -9999 -9999 37.384075 37.390149 37.396223 37.402297 37.408371 37.392471 37.32119 37.267025 37.212859 37.158694 37.163253 37.243524 37.323794 37.404065 37.484335 37.53109 37.462223 37.393356 37.324489 37.255622 37.187603 37.185764 37.183924 37.182085 37.180245 37.178406 37.174481 37.238486 37.299667 37.400585 37.48421 37.572992 37.699604 37.817671 37.935738
-9999 -9999 -9999 -9999 -9999 -9999 -9999 -9999 -9999 -9999 -9999 -9999 -9999 -9999 -9999 -9999 -9999 -9999 -9999 -9999 -9999 -9999 -9999 -9999 -9999 -9999 -9999 -9999 -9999 -9999 -9999 37.396223 37.402297 37.408371 37.392471 37.364682 37.29668 37.212859 37.158694 37.163253 37.243524 37.323794 37.404065 37.484335 37.53109 37.462223 37.393356 37.324489 37.255622 37.187603 37.185764 37.183924 37.182085 37.180245 37.178406 37.174481 37.170037 37.219452 37.288864 37.38003 37.494162 37.688029 37.817271 37.935738 38.053805
-9999 -9999 -9999 -9999 -9999 -9999 -9999 -9999 -9999 -9999 -9999 -9999 -9999 -9999 -9999 -9999 -9999 -9999 -9999 -9999 -9999 -9999 -9999 -9999 -9999 -9999 -9999 -9999 -9999 -9999 -9999 -9999 37.408371 37.392471 37.364682 37.336893 37.288517 37.188349 37.163253 37.243524 37.323794 37.404065 37.484335 37.53109 37.462223 37.393356 37.324489 37.255622 37.187603 37.185764 37.183924 37.182085 37.180245 37.178406 37.174481 37.170037 37.165592 37.192957 37.26983 37.372689 37.496061 37.716163 37.932308 38.053805 38.15781
-9999 -9999 -9999 -9999 -9999 -9999 -9999 -9999 -9999 -9999 -9999 -9999 -9999 -9999 -9999 -9999 -9999 -9999 -9999 -9999 -9999 -9999 -9999 -9999 -9999 -9999 -9999 -9999 -9999 -9999 -9999 -9999 -9999 37.364682 37.336893 37.309105 37.280355 37.22739 37.243524 37.323794 37.404065 37.484335 37.53109 37.462223 37.393356 37.324489 37.255622 37.187603 37.185764 37.183924 37.182085 37.180245 37.178406 37.174481 37.170037 37.165592 37.161148 37.166463 37.225138 37.31248 37.497959 37.673785 37.960441 38.15781 38.238513
-9999 -9999 -9999 -9999 -9999 -9999 -9999 -9999 -9999 -9999 -9999 -9999 -9999 -9999 -9999 -9999 -9999 -9999 -9999 -9999 -9999 -9999 -9999 -9999 -9999 -9999 -9999 -9999 -9999 -9999 -9999 -9999 -9999 -9999 37.309105 37.281316 37.30166 37.327287 37.335178 37.404065 37.484335 37.53109 37.462223 37.393356 37.324489 37.255622 37.187603 37.185764 37.183924 37.182085 37.180245 37.178406 37.174481 37.170037 37.165592 37.161148 37.156703 37.1515 37.16772 37.21367 37.437751 37.631408 37.842399 37.99402 38.319216
-9999 -9999 -9999 -9999 -9999 -9999 -9999 -9999 -9999 -9999 -9999 -9999 -9999 -9999 -9999 -9999 -9999 -9999 -9999 -9999 -9999 -9999 -9999 -9999 -9999 -9999 -9999 -9999 -9999 -9999 -9999 -9999 -9999 -9999 -9999 37.30166 37.38406 37.429621 37.435075 37.484335 37.53109 37.462223 37.393356 37.324489 37.255622 37.187603 37.185764 37.183924 37.182085 37.180245 37.178406 37.174481 37.170037 37.165592 37.161148 37.156703 37.1515 37.145766 37.140032 37.156252 37.32946 37.54664 37.59899 37.684615 38.155427
-9999 -9999 -9999 -9999 -9999 -9999 -9999 -9999 -9999 -9999 -9999 -9999 -9999 -9999 -9999 -9999 -9999 -9999 -9999 -9999 -9999 -9999 -9999 -9999 -9999 -9999 -9999 -9999 -9999 -9999 -9999 -9999 -9999 -9999 -9999 -9999 37.466461 37.533232 37.537409 37.53109 37.462223 37.393356 37.324489 37.255622 37.187603 37.185764 37.183924 37.182085 37.180245 37.178406 37.174481 37.170037 37.165592 37.161148 37.156703 37.1515 37.145766 37.140032 37.134298 37.128563 37.204788 37.394824 37.44831 37.441206 37.793264
-9999 -9999 -9999 -9999 -9999 -9999 -9999 -9999 -9999 -9999 -9999 -9999 -9999 -9999 -9999 -9999 -9999 -9999 -9999 -9999 -9999 -9999 -9999 -9999 -9999 -9999 -9999 -9999 -9999 -9999 -9999 -9999 -9999 -9999 -9999 -9999 -9999 37.631261 37.616943 37.512731 37.393356 37.324489 37.255622 37.187603 37.185764 37.183924 37.182085 37.180245 37.178406 37.174481 37.170037 37.165592 37.161148 37.156703 37.1515 37.145766 37.140032 37.134298 37.128563 37.13218 37.151291 37.243009 37.369417 37.290525 37.422173
-9999 -9999 -9999 -9999 -9999 -9999 -9999 -9999 -9999 -9999 -9999 -9999 -9999 -9999 -9999 -9999 -9999 -9999 -9999 -9999 -9999 -9999 -9999 -9999 -9999 -9999 -9999 -9999 -9999 -9999 -9999 -9999 -9999 -9999 -9999 -9999 -9999 -9999 37.613419 37.510461 37.374997 37.255622 37.187603 37.185764 37.183924 37.182085 37.180245 37.178406 37.174481 37.170037 37.165592 37.161148 37.156703 37.1515 37.145766 37.140032 37.134298 37.128563 37.13218 37.151291 37.170402 37.189512 37.28123 37.228924 37.255282
-9999 -9999 -9999 -9999 -9999 -9999 -9999 -9999 -9999 -9999 -9999 -9999 -9999 -9999 -9999 -9999 -9999 -9999 -9999 -9999 -9999 -9999 -9999 -9999 -9999 -9999 -9999 -9999 -9999 -9999 -9999 -9999 -9999 -9999 -9999 -9999 -9999 -9999 -9999 37.506937 37.3831 37.237553 37.185764 37.183924 37.182085 37.180245 37.178406 37.174481 37.170037 37.165592 37.161148 37.156703 37.1515 37.145766 37.140032 37.134298 37.128563 37.13218 37.151291 37.170402 37.189512 37.208623 37.228924 37.255282 37.28164
-9999 -9999 -9999 -9999 -9999 -9999 -9999 -9999 -9999 -9999 -9999 -9999 -9999 -9999 -9999 -9999 -9999 -9999 -9999 -9999 -9999 -9999 -9999 -9999 -9999 -9999 -9999 -9999 -9999 -9999 -9999 -9999 -9999 -9999 -9999 -9999 -9999 -9999 -9999 -9999 37.391492 37.268552 37.183924 37.182085 37.180245 37.178406 37.174481 37.170037 37.165592 37.161148 37.156703 37.1515 37.145766 37.140032 37.134298 37.128563 37.13218 37.151291 37.170402 37.189512 37.208623 37.228924 37.255282 37.28164 37.307998
-9999 -9999 -9999 -9999 -9999 -9999 -9999 -9999 -9999 -9999 -9999 -9999 -9999 -9999 -9999 -9999 -9999 -9999 -9999 -9999 -9999 -9999 -9999 -9999 -9999 -9999 -9999 -9999 -9999 -9999 -9999 -9999 -9999 -9999 -9999 -9999 -9999 -9999 -9999 -9999 -9999 37.29955 37.182085 37.180245 37.178406 37.174481 37.170037 37.165592 37.161148 37.156703 37.1515 37.145766 37.140032 37.134298 37.128563 37.13218 37.151291 37.170402 37.189512 37.208623 37.228924 37.255282 37.28164 37.307998 37.334356
-9999 -9999 -9999 -9999 -9999 -9999 -9999 -9999 -9999 -9999 -9999 -9999 -9999 -9999 -9999 -9999 -9999 -9999 -9999 -9999 -9999 -9999 -9999 -9999 -9999 -9999 -9999 -9999 -9999 -9999 -9999 -9999 -9999 -9999 -9999 -9999 -9999 -9999 -9999 -9999 -9999 -9999 37.207608 37.178406 37.174481 37.170037 37.165592 37.161148 37.156703 37.1515 37.145766 37.140032 37.134298 37.128563 37.13218 37.151291 37.170402 37.189512 37.208623 37.228924 37.255282 37.28164 37.307998 37.334356 37.360714
-9999 -9999 -9999 -9999 -9999 -9999 -9999 -9999 -9999 -9999 -9999 -9999 -9999 -9999 -9999 -9999 -9999 -9999 -9999 -9999 -9999 -9999 -9999 -9999 -9999 -9999 -9999 -9999 -9999 -9999 -9999 -9999 -9999 -9999 -9999 -9999 -9999 -9999 -9999 -9999 -9999 -9999 -9999 37.174481 37.170037 37.165592 37.161148 37.156703 37.1515 37.145766 37.140032 37.134298 37.128563 37.13218 37.151291 37.170402 37.189512 37.208623 37.228924 37.255282 37.28164 37.307998 37.334356 37.360714 37.38048
