test/data/seminaire_final_coolparks/differents_cas/cas_3/Reference_scenario_cas3/2_Calculated_park_effects/Reference_weather/OUTPUT_T_45_0_23h.tif
NCOLS 137
NROWS 137
XLLCORNER 355585.11
YLLCORNER 6688994.6
CELLSIZE 11.935661
NODATA_VALUE -9999
[rows 58 to 86 of 137, columns 0 to 64 of 137]
-9999 -9999 -9999 -9999 -9999 -9999 -9999 -9999 -9999 -9999 -9999 -9999 -9999 -9999 -9999 -9999 -9999 -9999 -9999 -9999 -9999 -9999 -9999 -9999 25.669228 25.66587 25.662512 25.659154 25.655796 25.655073 25.657015 25.658957 25.660899 25.662841 25.662082 25.654552 25.647023 25.639494 25.631964 25.624906 25.623819 25.622732 25.621645 25.620558 25.619472 25.620325 25.621491 25.622658 25.623824 25.624991 25.580346 25.47815 25.379492 25.285797 25.201963 25.19517 25.176699 25.146466 25.117964 25.068861 25.032072 25.034677 25.037282 25.041238 25.055789
-9999 -9999 -9999 -9999 -9999 -9999 -9999 -9999 -9999 -9999 -9999 -9999 -9999 -9999 -9999 -9999 -9999 -9999 -9999 -9999 -9999 -9999 -9999 25.669228 25.66587 25.662512 25.659154 25.655796 25.655073 25.657015 25.658957 25.660899 25.662841 25.662082 25.654552 25.647023 25.639494 25.631964 25.624906 25.623819 25.622732 25.621645 25.620558 25.619472 25.620325 25.621491 25.622658 25.623824 25.624991 25.580346 25.510916 25.413641 25.307032 25.208374 25.11622 25.066682 25.053834 25.01509 24.983923 24.94359 24.9353 24.940328 24.946859 24.952621 24.96259
-9999 -9999 -9999 -9999 -9999 -9999 -9999 -9999 -9999 -9999 -9999 -9999 -9999 -9999 -9999 -9999 -9999 -9999 -9999 -9999 -9999 -9999 25.669228 25.66587 25.662512 25.659154 25.655796 25.655073 25.657015 25.658957 25.660899 25.662841 25.662082 25.654552 25.647023 25.639494 25.631964 25.624906 25.623819 25.622732 25.621645 25.620558 25.619472 25.620325 25.621491 25.622658 25.623824 25.624991 25.590813 25.526121 25.441486 25.356213 25.242523 25.142419 25.058652 24.974884 24.925346 24.894144 24.858787 24.848567 24.838482 24.840087 24.845115 24.852649 24.938496
-9999 -9999 -9999 -9999 -9999 -9999 -9999 -9999 -9999 -9999 -9999 -9999 -9999 -9999 -9999 -9999 -9999 -9999 -9999 -9999 -9999 25.669228 25.66587 25.662512 25.659154 25.655796 25.655073 25.657015 25.658957 25.660899 25.662841 25.662082 25.654552 25.647023 25.639494 25.631964 25.624906 25.623819 25.622732 25.621645 25.620558 25.619472 25.620325 25.621491 25.622658 25.623824 25.624991 25.601279 25.537512 25.484211 25.387261 25.298784 25.181682 25.056805 24.953813 24.891822 24.82983 24.778506 24.761455 24.750631 24.74346 24.741383 24.746069 24.831249 24.916069
-9999 -9999 -9999 -9999 -9999 -9999 -9999 -9999 -9999 -9999 -9999 -9999 -9999 -9999 -9999 -9999 -9999 -9999 -9999 -9999 25.669228 25.66587 25.662512 25.659154 25.655796 25.655073 25.657015 25.658957 25.660899 25.662841 25.662082 25.654552 25.647023 25.639494 25.631964 25.624906 25.623819 25.622732 25.621645 25.620558 25.619472 25.620325 25.621491 25.622658 25.623824 25.624991 25.601279 25.564107 25.499741 25.43091 25.345961 25.242181 25.116441 24.99494 24.856939 24.753946 24.701561 24.682311 24.664123 24.649848 24.645523 24.643875 24.741927 24.831498 24.910419
-9999 -9999 -9999 -9999 -9999 -9999 -9999 -9999 -9999 -9999 -9999 -9999 -9999 -9999 -9999 -9999 -9999 -9999 -9999 -9999 25.66587 25.662512 25.659154 25.655796 25.655073 25.657015 25.658957 25.660899 25.662841 25.662082 25.654552 25.647023 25.639494 25.631964 25.624906 25.623819 25.622732 25.621645 25.620558 25.619472 25.620325 25.621491 25.622658 25.623824 25.624991 25.611745 25.579963 25.526935 25.47457 25.393139 25.298441 25.186641 25.060346 24.929699 24.796581 24.662966 24.604675 24.587178 24.567928 24.54974 24.546086 24.647265 24.737784 24.83284 24.910668
-9999 -9999 -9999 -9999 -9999 -9999 -9999 -9999 -9999 -9999 -9999 -9999 -9999 -9999 -9999 -9999 -9999 -9999 -9999 -9999 -9999 25.659154 25.655796 25.655073 25.657015 25.658957 25.660899 25.662841 25.662082 25.654552 25.647023 25.639494 25.631964 25.624906 25.623819 25.622732 25.621645 25.620558 25.619472 25.620325 25.621491 25.622658 25.623824 25.624991 25.622212 25.590702 25.56966 25.505619 25.4494 25.35894 25.252243 25.131101 25.012025 24.873604 24.742117 24.628832 24.531396 24.481598 24.465583 24.451027 24.551706 24.653784 24.741174 24.831694 24.912009
-9999 -9999 -9999 -9999 -9999 -9999 -9999 -9999 -9999 -9999 -9999 -9999 -9999 -9999 -9999 -9999 -9999 -9999 -9999 -9999 -9999 -9999 25.655073 25.657015 25.658957 25.660899 25.662841 25.662082 25.654552 25.647023 25.639494 25.631964 25.624906 25.623819 25.622732 25.621645 25.620558 25.619472 25.620325 25.621491 25.622658 25.623824 25.624991 25.622212 25.617298 25.58584 25.548617 25.496577 25.419439 25.313101 25.211002 25.084903 24.963704 24.832013 24.720637 24.594698 24.488206 24.408319 24.35998 24.459353 24.558725 24.659404 24.751924 24.835083 24.903522
-9999 -9999 -9999 -9999 -9999 -9999 -9999 -9999 -9999 -9999 -9999 -9999 -9999 -9999 -9999 -9999 -9999 -9999 -9999 -9999 -9999 -9999 -9999 25.658957 25.660899 25.662841 25.662082 25.654552 25.647023 25.639494 25.631964 25.624906 25.623819 25.622732 25.621645 25.620558 25.619472 25.620325 25.621491 25.622658 25.623824 25.624991 25.630617 25.630553 25.612384 25.592928 25.543755 25.475699 25.383301 25.276799 25.165163 25.046282 24.924424 24.813637 24.705162 24.573218 24.447278 24.366301 24.381742 24.475356 24.569932 24.666423 24.762674 24.833545 24.897409
-9999 -9999 -9999 -9999 -9999 -9999 -9999 -9999 -9999 -9999 -9999 -9999 -9999 -9999 -9999 -9999 -9999 -9999 -9999 -9999 -9999 -9999 -9999 -9999 25.662841 25.662082 25.654552 25.647023 25.639494 25.631964 25.624906 25.623819 25.622732 25.621645 25.620558 25.619472 25.620325 25.621491 25.622658 25.623824 25.624991 25.630617 25.638655 25.646693 25.620725 25.600015 25.536198 25.449294 25.347163 25.24788 25.128861 25.014523 24.916333 24.805165 24.686787 24.562495 24.426954 24.415812 24.428627 24.502334 24.595948 24.690524 24.762131 24.828946 24.896008
-9999 -9999 -9999 -9999 -9999 -9999 -9999 -9999 -9999 -9999 -9999 -9999 -9999 -9999 -9999 -9999 -9999 -9999 -9999 -9999 -9999 -9999 -9999 -9999 -9999 25.654552 25.647023 25.639494 25.631964 25.624906 25.623819 25.622732 25.621645 25.620558 25.619472 25.620325 25.621491 25.622658 25.623824 25.624991 25.630617 25.638655 25.646693 25.654731 25.638401 25.594833 25.509761 25.427064 25.320758 25.218627 25.106934 25.016543 24.908242 24.804727 24.678314 24.552928 24.507585 24.476707 24.478138 24.530167 24.622925 24.693572 24.759457 24.825343 24.892158
-9999 -9999 -9999 -9999 -9999 -9999 -9999 -9999 -9999 -9999 -9999 -9999 -9999 -9999 -9999 -9999 -9999 -9999 -9999 -9999 -9999 -9999 -9999 -9999 -9999 -9999 25.639494 25.631964 25.624906 25.623819 25.622732 25.621645 25.620558 25.619472 25.620325 25.621491 25.622658 25.623824 25.624991 25.630617 25.638655 25.646693 25.654731 25.662769 25.640012 25.575734 25.493253 25.400627 25.30154 25.199345 25.109128 25.021222 24.910262 24.801961 24.678851 24.629686 24.588217 24.54728 24.539033 24.558 24.634024 24.702574 24.764744 24.827636 24.890529
-9999 -9999 -9999 -9999 -9999 -9999 -9999 -9999 -9999 -9999 -9999 -9999 -9999 -9999 -9999 -9999 -9999 -9999 -9999 -9999 -9999 -9999 -9999 -9999 -9999 -9999 -9999 25.624906 25.623819 25.622732 25.621645 25.620558 25.619472 25.620325 25.621491 25.622658 25.623824 25.624991 25.630617 25.638655 25.646693 25.654731 25.662769 25.660369 25.634352 25.556634 25.483736 25.384119 25.289445 25.211824 25.12164 25.023416 24.920108 24.804774 24.75546 24.706095 24.664976 24.623507 24.609606 24.5926 24.640953 24.712303 24.773831 24.836001 24.901262
-9999 -9999 -9999 -9999 -9999 -9999 -9999 -9999 -9999 -9999 -9999 -9999 -9999 -9999 -9999 -9999 -9999 -9999 -9999 -9999 -9999 -9999 -9999 -9999 -9999 -9999 -9999 -9999 25.622732 25.621645 25.620558 25.619472 25.620325 25.621491 25.622658 25.623824 25.624991 25.630617 25.638655 25.646693 25.654731 25.662769 25.662675 25.64451 25.62865 25.550974 25.473256 25.381856 25.312449 25.224302 25.141771 25.035928 24.930748 24.877361 24.828115 24.782704 24.738592 24.700265 24.671421 24.652234 24.66866 24.719737 24.78356 24.850927 24.915979
-9999 -9999 -9999 -9999 -9999 -9999 -9999 -9999 -9999 -9999 -9999 -9999 -9999 -9999 -9999 -9999 -9999 -9999 -9999 -9999 -9999 -9999 -9999 -9999 -9999 -9999 -9999 -9999 -9999 25.620558 25.619472 25.620325 25.621491 25.622658 25.623824 25.624991 25.630617 25.638655 25.646693 25.654731 25.662769 25.662675 25.652095 25.634266 25.612791 25.554335 25.474267 25.404619 25.337282 25.247306 25.159159 25.056671 24.999299 24.949947 24.897708 24.855359 24.812208 24.773722 24.737523 24.711867 24.71403 24.747444 24.79913 24.87058 24.937259
-9999 -9999 -9999 -9999 -9999 -9999 -9999 -9999 -9999 -9999 -9999 -9999 -9999 -9999 -9999 -9999 -9999 -9999 -9999 -9999 -9999 -9999 -9999 -9999 -9999 -9999 -9999 -9999 -9999 -9999 25.620325 25.621491 25.622658 25.623824 25.624991 25.62295 25.638655 25.646693 25.654731 25.662769 25.662675 25.652095 25.641515 25.627615 25.602548 25.564367 25.507315 25.438115 25.360045 25.277721 25.182594 25.125235 25.067825 25.018498 24.969146 24.924952 24.883441 24.847139 24.808873 24.777969 24.7594 24.787709 24.822027 24.890233 24.959043
-9999 -9999 -9999 -9999 -9999 -9999 -9999 -9999 -9999 -9999 -9999 -9999 -9999 -9999 -9999 -9999 -9999 -9999 -9999 -9999 -9999 -9999 -9999 -9999 -9999 -9999 -9999 -9999 -9999 -9999 -9999 25.622658 25.623824 25.624991 25.62295 25.619173 25.633409 25.654731 25.662769 25.662675 25.652095 25.641515 25.630935 25.620355 25.600498 25.593231 25.540362 25.478815 25.393541 25.308568 25.247136 25.189682 25.136389 25.084069 25.037697 24.995383 24.95408 24.917825 24.88203 24.849319 24.813428 24.824404 24.849142 24.91313 24.980827
-9999 -9999 -9999 -9999 -9999 -9999 -9999 -9999 -9999 -9999 -9999 -9999 -9999 -9999 -9999 -9999 -9999 -9999 -9999 -9999 -9999 -9999 -9999 -9999 -9999 -9999 -9999 -9999 -9999 -9999 -9999 -9999 25.624991 25.62295 25.619173 25.615396 25.620841 25.649486 25.662675 25.652095 25.641515 25.630935 25.620355 25.61319 25.61432 25.609728 25.569226 25.516357 25.434492 25.369036 25.311677 25.251231 25.200836 25.14964 25.105102 25.063236 25.024719 24.986398 24.952716 24.915682 24.876303 24.86776 24.885837 24.938787 25.006213
-9999 -9999 -9999 -9999 -9999 -9999 -9999 -9999 -9999 -9999 -9999 -9999 -9999 -9999 -9999 -9999 -9999 -9999 -9999 -9999 -9999 -9999 -9999 -9999 -9999 -9999 -9999 -9999 -9999 -9999 -9999 -9999 -9999 25.619173 25.615396 25.611619 25.608273 25.633946 25.652095 25.641515 25.630935 25.620355 25.61319 25.617805 25.622421 25.623551 25.595414 25.545405 25.49501 25.429555 25.372021 25.314786 25.262385 25.214821 25.172964 25.129031 25.092572 25.05497 25.012178 24.968938 24.939178 24.91652 24.929193 24.966423 25.037129
-9999 -9999 -9999 -9999 -9999 -9999 -9999 -9999 -9999 -9999 -9999 -9999 -9999 -9999 -9999 -9999 -9999 -9999 -9999 -9999 -9999 -9999 -9999 -9999 -9999 -9999 -9999 -9999 -9999 -9999 -9999 -9999 -9999 -9999 25.611619 25.607843 25.604739 25.614574 25.636416 25.630935 25.620355 25.61319 25.617805 25.622421 25.627036 25.631652 25.621785 25.586111 25.545708 25.490074 25.429546 25.37513 25.326764 25.279905 25.237983 25.196745 25.158367 25.108674 25.065268 25.016104 24.992434 24.965281 24.986029 25.019595 25.068045
-9999 -9999 -9999 -9999 -9999 -9999 -9999 -9999 -9999 -9999 -9999 -9999 -9999 -9999 -9999 -9999 -9999 -9999 -9999 -9999 -9999 -9999 -9999 -9999 -9999 -9999 -9999 -9999 -9999 -9999 -9999 -9999 -9999 -9999 -9999 25.604739 25.602503 25.604752 25.617044 25.620355 25.61319 25.617805 25.622421 25.627036 25.631652 25.63624 25.638757 25.626818 25.590123 25.540771 25.487072 25.436483 25.388949 25.34499 25.301001 25.261764 25.210928 25.151979 25.108542 25.069194 25.038243 25.028201 25.056246 25.090375 25.121217
-9999 -9999 -9999 -9999 -9999 -9999 -9999 -9999 -9999 -9999 -9999 -9999 -9999 -9999 -9999 -9999 -9999 -9999 -9999 -9999 -9999 -9999 -9999 -9999 -9999 -9999 -9999 -9999 -9999 -9999 -9999 -9999 -9999 -9999 -9999 -9999 25.600267 25.599934 25.607223 25.61319 25.617805 25.622421 25.627036 25.631652 25.63624 25.638757 25.641273 25.643789 25.631851 25.585187 25.543858 25.498789 25.449189 25.407175 25.364018 25.307424 25.244219 25.195284 25.144566 25.112468 25.096323 25.106613 25.127802 25.160592 25.192448
-9999 -9999 -9999 -9999 -9999 -9999 -9999 -9999 -9999 -9999 -9999 -9999 -9999 -9999 -9999 -9999 -9999 -9999 -9999 -9999 -9999 -9999 -9999 -9999 -9999 -9999 -9999 -9999 -9999 -9999 -9999 -9999 -9999 -9999 -9999 -9999 -9999 25.595794 25.601053 25.603088 25.622421 25.627036 25.631652 25.63624 25.638757 25.641273 25.643789 25.646306 25.648822 25.637626 25.598296 25.556849 25.51146 25.467415 25.403919 25.340944 25.27221 25.228575 25.18059 25.161502 25.166889 25.185026 25.200394 25.232148 25.26127
-9999 -9999 -9999 -9999 -9999 -9999 -9999 -9999 -9999 -9999 -9999 -9999 -9999 -9999 -9999 -9999 -9999 -9999 -9999 -9999 -9999 -9999 -9999 -9999 -9999 -9999 -9999 -9999 -9999 -9999 -9999 -9999 -9999 -9999 -9999 -9999 -9999 -9999 25.590226 25.591507 25.612318 25.631652 25.63624 25.638757 25.641273 25.643789 25.646306 25.648822 25.655371 25.662925 25.652733 25.612194 25.56952 25.506173 25.427655 25.364253 25.30573 25.254814 25.22668 25.232092 25.234561 25.255591 25.273728 25.301183 25.312303
-9999 -9999 -9999 -9999 -9999 -9999 -9999 -9999 -9999 -9999 -9999 -9999 -9999 -9999 -9999 -9999 -9999 -9999 -9999 -9999 -9999 -9999 -9999 -9999 -9999 -9999 -9999 -9999 -9999 -9999 -9999 -9999 -9999 -9999 -9999 -9999 -9999 -9999 -9999 25.58068 25.594505 25.621685 25.638757 25.641273 25.643789 25.646306 25.648822 25.655371 25.662925 25.670479 25.678033 25.667538 25.599974 25.5195 25.45139 25.380707 25.329039 25.294803 25.289449 25.294678 25.305151 25.320362 25.341095 25.35212 25.36222
-9999 -9999 -9999 -9999 -9999 -9999 -9999 -9999 -9999 -9999 -9999 -9999 -9999 -9999 -9999 -9999 -9999 -9999 -9999 -9999 -9999 -9999 -9999 -9999 -9999 -9999 -9999 -9999 -9999 -9999 -9999 -9999 -9999 -9999 -9999 -9999 -9999 -9999 -9999 -9999 25.576829 25.614633 25.641273 25.643789 25.646306 25.648822 25.655371 25.662925 25.670479 25.678033 25.685587 25.679025 25.61302 25.528049 25.464716 25.397161 25.359981 25.349409 25.352218 25.351627 25.367737 25.381934 25.386398 25.397405 25.413158
-9999 -9999 -9999 -9999 -9999 -9999 -9999 -9999 -9999 -9999 -9999 -9999 -9999 -9999 -9999 -9999 -9999 -9999 -9999 -9999 -9999 -9999 -9999 -9999 -9999 -9999 -9999 -9999 -9999 -9999 -9999 -9999 -9999 -9999 -9999 -9999 -9999 -9999 -9999 -9999 -9999 25.607581 25.643789 25.646306 25.648822 25.655371 25.662925 25.670479 25.678033 25.685587 25.679025 25.662593 25.616777 25.541096 25.471386 25.42516 25.414928 25.401752 25.406824 25.409633 25.421846 25.42147 25.431701 25.438515 25.458442
-9999 -9999 -9999 -9999 -9999 -9999 -9999 -9999 -9999 -9999 -9999 -9999 -9999 -9999 -9999 -9999 -9999 -9999 -9999 -9999 -9999 -9999 -9999 -9999 -9999 -9999 -9999 -9999 -9999 -9999 -9999 -9999 -9999 -9999 -9999 -9999 -9999 -9999 -9999 -9999 -9999 -9999 25.638333 25.648822 25.655371 25.662925 25.670479 25.678033 25.685587 25.682886 25.669837 25.64616 25.614876 25.544853 25.493282 25.472285 25.461554 25.456699 25.45595 25.461759 25.461514 25.460343 25.471237 25.481468 25.499552
-9999 -9999 -9999 -9999 -9999 -9999 -9999 -9999 -9999 -9999 -9999 -9999 -9999 -9999 -9999 -9999 -9999 -9999 -9999 -9999 -9999 -9999 -9999 -9999 -9999 -9999 -9999 -9999 -9999 -9999 -9999 -9999 -9999 -9999 -9999 -9999 -9999 -9999 -9999 -9999 -9999 -9999 -9999 25.655371 25.662925 25.670479 25.678033 25.685587 25.682886 25.673014 25.663142 25.636971 25.612975 25.556896 25.527422 25.51941 25.502859 25.503326 25.502597 25.495792 25.495301 25.500011 25.506712 25.521004 25.523059
