test/data/seminaire_final_coolparks/differents_cas/cas_3/Reference_scenario_cas3/2_Calculated_park_effects/Reference_weather/OUTPUT_T_45_0_12h.tif
NCOLS 137
NROWS 137
XLLCORNER 355585.11
YLLCORNER 6688994.6
CELLSIZE 11.935661
NODATA_VALUE -9999
[rows 58 to 86 of 137, columns 65 to 129 of 137]
37.118351 37.183746 37.261217 37.315142 37.386989 37.424893 37.45461 37.454062 37.456056 37.460954 37.463274 37.510149 37.589804 37.66946 37.749115 37.828771 37.921007 38.034087 38.147168 38.260249 38.373329 38.46583 38.453644 38.441458 38.429273 38.417087 38.404901 38.276855 38.142994 38.009132 37.87527 37.741409 37.80715 37.94298 38.07881 38.21464 38.35047 -9999 -9999 -9999 -9999 -9999 -9999 -9999 -9999 -9999 -9999 -9999 -9999 -9999 -9999 -9999 -9999 -9999 -9999 -9999 -9999 -9999 -9999 -9999 -9999 -9999 -9999 -9999 -9999
37.170188 37.222025 37.28742 37.349268 37.39752 37.429139 37.458495 37.46354 37.462992 37.464985 37.511227 37.589804 37.66946 37.749115 37.828771 37.921007 38.034087 38.147168 38.260249 38.373329 38.46583 38.453644 38.441458 38.429273 38.417087 38.404901 38.276855 38.142994 38.009132 37.87527 37.741409 37.80715 37.94298 38.07881 38.21464 38.35047 38.297339 38.075307 -9999 -9999 -9999 -9999 -9999 -9999 -9999 -9999 -9999 -9999 -9999 -9999 -9999 -9999 -9999 -9999 -9999 -9999 -9999 -9999 -9999 -9999 -9999 -9999 -9999 -9999 -9999
37.222025 37.273862 37.325698 37.383395 37.411885 37.435451 37.462147 37.47615 37.472469 37.516168 37.593353 37.670538 37.749115 37.828771 37.921007 38.034087 38.147168 38.260249 38.373329 38.46583 38.453644 38.441458 38.429273 38.417087 38.404901 38.276855 38.142994 38.009132 37.87527 37.741409 37.80715 37.94298 38.07881 38.21464 38.35047 38.297339 38.075307 37.853275 37.631242 -9999 -9999 -9999 -9999 -9999 -9999 -9999 -9999 -9999 -9999 -9999 -9999 -9999 -9999 -9999 -9999 -9999 -9999 -9999 -9999 -9999 -9999 -9999 -9999 -9999 -9999
37.273862 37.325698 37.377535 37.406948 37.427755 37.445874 37.46846 37.488761 37.537154 37.610084 37.673176 37.751415 37.829654 37.921007 38.034087 38.147168 38.260249 38.373329 38.46583 38.453644 38.441458 38.429273 38.417087 38.404901 38.276855 38.142994 38.009132 37.87527 37.741409 37.80715 37.94298 38.07881 38.21464 38.35047 38.297339 38.075307 37.853275 37.631242 37.40921 37.261892 -9999 -9999 -9999 -9999 -9999 -9999 -9999 -9999 -9999 -9999 -9999 -9999 -9999 -9999 -9999 -9999 -9999 -9999 -9999 -9999 -9999 -9999 -9999 -9999 -9999
37.325698 37.377535 37.406948 37.430774 37.4546 37.475408 37.493526 37.564543 37.638256 37.722136 37.766561 37.829654 37.921007 38.034087 38.147168 38.260249 38.373329 38.46583 38.453644 38.441458 38.429273 38.417087 38.404901 38.276855 38.142994 38.009132 37.87527 37.741409 37.80715 37.94298 38.07881 38.21464 38.35047 38.297339 38.075307 37.853275 37.631242 37.40921 37.261892 37.276342 37.290792 -9999 -9999 -9999 -9999 -9999 -9999 -9999 -9999 -9999 -9999 -9999 -9999 -9999 -9999 -9999 -9999 -9999 -9999 -9999 -9999 -9999 -9999 -9999 -9999
37.377535 37.406948 37.430774 37.4546 37.478426 37.502253 37.575958 37.683967 37.754875 37.824167 37.878614 37.93023 38.034087 38.147168 38.260249 38.373329 38.46583 38.453644 38.441458 38.429273 38.417087 38.404901 38.276855 38.142994 38.009132 37.87527 37.741409 37.80715 37.94298 38.07881 38.21464 38.35047 38.297339 38.075307 37.853275 37.631242 37.40921 37.261892 37.276342 37.290792 37.305243 37.319693 -9999 -9999 -9999 -9999 -9999 -9999 -9999 -9999 -9999 -9999 -9999 -9999 -9999 -9999 -9999 -9999 -9999 -9999 -9999 -9999 -9999 -9999 -9999
37.406948 37.430774 37.4546 37.478426 37.502253 37.581537 37.696267 37.803391 37.889747 37.940787 37.997858 38.061389 38.150021 38.260249 38.373329 38.46583 38.453644 38.441458 38.429273 38.417087 38.404901 38.276855 38.142994 38.009132 37.87527 37.741409 37.80715 37.94298 38.07881 38.21464 38.35047 38.297339 38.075307 37.853275 37.631242 37.40921 37.261892 37.276342 37.290792 37.305243 37.319693 37.332565 37.331814 -9999 -9999 -9999 -9999 -9999 -9999 -9999 -9999 -9999 -9999 -9999 -9999 -9999 -9999 -9999 -9999 -9999 -9999 -9999 -9999 -9999 -9999
37.430774 37.4546 37.478426 37.502253 37.581537 37.699604 37.817572 37.9237 38.024619 38.077311 38.13274 38.192548 38.269472 38.376183 38.46583 38.453644 38.441458 38.429273 38.417087 38.404901 38.276855 38.142994 38.009132 37.87527 37.741409 37.80715 37.94298 38.07881 38.21464 38.35047 38.297339 38.075307 37.853275 37.631242 37.40921 37.261892 37.276342 37.290792 37.305243 37.319693 37.332565 37.331814 37.331062 37.330311 -9999 -9999 -9999 -9999 -9999 -9999 -9999 -9999 -9999 -9999 -9999 -9999 -9999 -9999 -9999 -9999 -9999 -9999 -9999 -9999 -9999
37.4546 37.478426 37.502253 37.581537 37.699604 37.817671 37.935738 38.045005 38.157357 38.220629 38.272001 38.32743 38.388922 38.474453 38.453644 38.441458 38.429273 38.417087 38.404901 38.276855 38.142994 38.009132 37.87527 37.741409 37.80715 37.94298 38.07881 38.21464 38.35047 38.297339 38.075307 37.853275 37.631242 37.40921 37.261892 37.276342 37.290792 37.305243 37.319693 37.332565 37.331814 37.331062 37.330311 37.32956 37.328808 -9999 -9999 -9999 -9999 -9999 -9999 -9999 -9999 -9999 -9999 -9999 -9999 -9999 -9999 -9999 -9999 -9999 -9999 -9999 -9999
37.478426 37.502253 37.581537 37.699604 37.817671 37.935738 38.053805 38.172533 38.295197 38.380597 38.433198 38.481976 38.507462 38.464985 38.442777 38.429273 38.417087 38.404901 38.276855 38.142994 38.009132 37.87527 37.741409 37.80715 37.94298 38.07881 38.21464 38.35047 38.297339 38.075307 37.853275 37.631242 37.40921 37.261892 37.276342 37.290792 37.305243 37.319693 37.332565 37.331814 37.331062 37.330311 37.32956 37.328808 37.351747 37.377562 -9999 -9999 -9999 -9999 -9999 -9999 -9999 -9999 -9999 -9999 -9999 -9999 -9999 -9999 -9999 -9999 -9999 -9999 -9999
37.502253 37.581537 37.699604 37.817671 37.935738 38.053805 38.176459 38.306711 38.433037 38.536271 38.593166 38.622475 38.52948 38.463266 38.433309 38.417087 38.404901 38.276855 38.142994 38.009132 37.87527 37.741409 37.80715 37.94298 38.07881 38.21464 38.35047 38.297339 38.075307 37.853275 37.631242 37.40921 37.261892 37.276342 37.290792 37.305243 37.319693 37.332565 37.331814 37.331062 37.330311 37.32956 37.328808 37.351747 37.377562 37.403376 37.42919 -9999 -9999 -9999 -9999 -9999 -9999 -9999 -9999 -9999 -9999 -9999 -9999 -9999 -9999 -9999 -9999 -9999 -9999
37.581537 37.699604 37.817671 37.935738 38.053805 38.176459 38.306711 38.436963 38.567215 38.691945 38.72782 38.652032 38.551499 38.470663 38.43159 38.404901 38.276855 38.142994 38.009132 37.87527 37.741409 37.80715 37.94298 38.07881 38.21464 38.35047 38.297339 38.075307 37.853275 37.631242 37.40921 37.261892 37.276342 37.290792 37.305243 37.319693 37.332565 37.331814 37.331062 37.330311 37.32956 37.328808 37.351747 37.377562 37.403376 37.42919 37.455005 37.458042 -9999 -9999 -9999 -9999 -9999 -9999 -9999 -9999 -9999 -9999 -9999 -9999 -9999 -9999 -9999 -9999 -9999
37.699604 37.817671 37.935738 38.053805 38.176459 38.306711 38.436963 38.567215 38.697467 38.802761 38.75555 38.684501 38.581055 38.480523 38.438988 38.276855 38.142994 38.009132 37.87527 37.741409 37.80715 37.94298 38.07881 38.21464 38.35047 38.297339 38.075307 37.853275 37.631242 37.40921 37.261892 37.276342 37.290792 37.305243 37.319693 37.332565 37.331814 37.331062 37.330311 37.32956 37.328808 37.351747 37.377562 37.403376 37.42919 37.455005 37.458042 37.450345 37.442647 -9999 -9999 -9999 -9999 -9999 -9999 -9999 -9999 -9999 -9999 -9999 -9999 -9999 -9999 -9999 -9999
37.817671 37.935738 38.053805 38.176459 38.306711 38.436963 38.567215 38.697467 38.802761 38.781102 38.759442 38.712231 38.619075 38.510079 38.321317 38.150898 38.009132 37.87527 37.741409 37.80715 37.94298 38.07881 38.21464 38.35047 38.297339 38.075307 37.853275 37.631242 37.40921 37.261892 37.276342 37.290792 37.305243 37.319693 37.332565 37.331814 37.331062 37.330311 37.32956 37.328808 37.351747 37.377562 37.403376 37.42919 37.455005 37.458042 37.450345 37.442647 37.434949 37.427252 -9999 -9999 -9999 -9999 -9999 -9999 -9999 -9999 -9999 -9999 -9999 -9999 -9999 -9999 -9999
37.935738 38.053805 38.176459 38.306711 38.436963 38.567215 38.697467 38.807321 38.813418 38.79503 38.752717 38.716123 38.657095 38.421797 38.203841 38.026949 37.87527 37.741409 37.80715 37.94298 38.07881 38.21464 38.35047 38.297339 38.075307 37.853275 37.631242 37.40921 37.261892 37.276342 37.290792 37.305243 37.319693 37.332565 37.331814 37.331062 37.330311 37.32956 37.328808 37.351747 37.377562 37.403376 37.42919 37.455005 37.458042 37.450345 37.442647 37.434949 37.427252 37.415468 37.399032 -9999 -9999 -9999 -9999 -9999 -9999 -9999 -9999 -9999 -9999 -9999 -9999 -9999 -9999
38.053805 38.176459 38.306711 38.436963 38.567215 38.697467 38.807321 38.813418 38.819514 38.82561 38.807222 38.76491 38.556699 38.327175 38.093634 37.909473 37.741409 37.80715 37.94298 38.07881 38.21464 38.35047 38.297339 38.075307 37.853275 37.631242 37.40921 37.261892 37.276342 37.290792 37.305243 37.319693 37.332565 37.331814 37.331062 37.330311 37.32956 37.328808 37.351747 37.377562 37.403376 37.42919 37.455005 37.458042 37.450345 37.442647 37.434949 37.427252 37.415468 37.399032 37.382596 37.36616 -9999 -9999 -9999 -9999 -9999 -9999 -9999 -9999 -9999 -9999 -9999 -9999 -9999
38.176459 38.306711 38.436963 38.567215 38.697467 38.807321 38.813418 38.819514 38.82561 38.831706 38.837802 38.65633 38.436977 38.220439 37.990916 37.799266 37.808877 37.94298 38.07881 38.21464 38.35047 38.297339 38.075307 37.853275 37.631242 37.40921 37.261892 37.276342 37.290792 37.305243 37.319693 37.332565 37.331814 37.331062 37.330311 37.32956 37.328808 37.351747 37.377562 37.403376 37.42919 37.455005 37.458042 37.450345 37.442647 37.434949 37.427252 37.415468 37.399032 37.382596 37.36616 37.349724 -9999 -9999 -9999 -9999 -9999 -9999 -9999 -9999 -9999 -9999 -9999 -9999 -9999
38.306711 38.436963 38.567215 38.697467 38.807321 38.813418 38.819514 38.82561 38.831706 38.837802 38.759055 38.627029 38.400394 38.153971 37.907549 37.88283 37.960483 38.07881 38.21464 38.35047 38.297339 38.075307 37.853275 37.631242 37.40921 37.261892 37.276342 37.290792 37.305243 37.319693 37.332565 37.331814 37.331062 37.330311 37.32956 37.328808 37.351747 37.377562 37.403376 37.42919 37.455005 37.458042 37.450345 37.442647 37.434949 37.427252 37.415468 37.399032 37.382596 37.36616 37.349724 -9999 -9999 -9999 -9999 -9999 -9999 -9999 -9999 -9999 -9999 -9999 -9999 -9999 -9999
38.390254 38.567215 38.697467 38.807321 38.813418 38.819514 38.82561 38.831706 38.837802 38.759055 38.676049 38.577478 38.371093 38.144457 38.077585 38.07376 38.112088 38.21464 38.35047 38.297339 38.075307 37.853275 37.631242 37.40921 37.261892 37.276342 37.290792 37.305243 37.319693 37.332565 37.331814 37.331062 37.330311 37.32956 37.328808 37.351747 37.377562 37.403376 37.42919 37.455005 37.458042 37.450345 37.442647 37.434949 37.427252 37.415468 37.399032 37.382596 37.36616 37.349724 -9999 -9999 -9999 -9999 -9999 -9999 -9999 -9999 -9999 -9999 -9999 -9999 -9999 -9999 -9999
38.434089 38.650759 38.807321 38.813418 38.819514 38.82561 38.831706 38.837802 38.759055 38.676049 38.593042 38.510036 38.321542 32.756306 31.928843 37.459709 38.303018 38.35047 38.297339 38.075307 37.853275 37.631242 37.40921 37.261892 37.276342 37.290792 37.305243 37.319693 37.332565 37.331814 37.331062 37.330311 37.32956 37.328808 37.351747 37.377562 37.403376 37.42919 37.455005 37.458042 37.450345 37.442647 37.434949 37.427252 37.415468 37.399032 37.382596 37.36616 37.349724 -9999 -9999 -9999 -9999 -9999 -9999 -9999 -9999 -9999 -9999 -9999 -9999 -9999 -9999 -9999 -9999
38.480623 38.641812 38.580897 38.819514 38.82561 38.831706 38.837802 38.759055 38.676049 38.593042 38.510036 38.42703 32.91314 25.466188 18.103681 17.281697 22.812563 32.093229 38.075307 37.853275 37.631242 37.40921 37.261892 37.276342 37.290792 37.305243 37.319693 37.332565 37.331814 37.331062 37.330311 37.32956 37.328808 37.351747 37.377562 37.403376 37.42919 37.455005 37.458042 37.450345 37.442647 37.434949 37.427252 37.415468 37.399032 37.382596 37.36616 37.349724 -9999 -9999 -9999 -9999 -9999 -9999 -9999 -9999 -9999 -9999 -9999 -9999 -9999 -9999 -9999 -9999 -9999
38.307905 38.36438 38.259782 38.593089 38.831706 38.837802 38.65332 38.676049 38.593042 38.510036 38.42703 35.156296 28.210763 18.17607 10.780107 3.4565341 6.3843505 19.016757 31.649164 37.631242 37.40921 37.261892 37.276342 37.290792 37.305243 37.319693 37.332565 37.331814 37.331062 37.330311 37.32956 37.328808 37.351747 37.377562 37.403376 37.42919 37.455005 37.458042 37.450345 37.442647 37.434949 37.427252 37.415468 37.399032 37.382596 37.36616 37.349724 -9999 -9999 -9999 -9999 -9999 -9999 -9999 -9999 -9999 -9999 -9999 -9999 -9999 -9999 -9999 -9999 -9999 -9999
37.891397 38.099462 37.98235 38.168989 38.605282 38.649915 38.45229 38.487307 38.510036 38.42703 35.156296 30.766218 26.036925 13.473693 3.4565341 3.7744654 10.922718 18.070971 25.219224 32.367476 37.261892 37.276342 37.290792 37.305243 37.319693 37.332565 37.331814 37.331062 37.330311 37.32956 37.328808 37.351747 37.377562 37.403376 37.42919 37.455005 37.458042 37.450345 37.442647 37.434949 37.427252 37.415468 37.399032 37.382596 37.36616 37.349724 -9999 -9999 -9999 -9999 -9999 -9999 -9999 -9999 -9999 -9999 -9999 -9999 -9999 -9999 -9999 -9999 -9999 -9999 -9999
37.474889 37.844699 37.717433 37.744888 37.987197 38.219769 38.254665 38.204396 38.321294 35.156296 30.766218 26.37614 21.986063 11.299855 4.8291643 10.922718 18.070971 25.219224 32.367476 37.261892 37.276342 37.290792 37.305243 37.319693 37.332565 37.331814 37.331062 37.330311 37.32956 37.328808 37.351747 37.377562 37.403376 37.42919 37.455005 37.458042 37.450345 37.442647 37.434949 37.427252 37.415468 37.399032 37.382596 37.36616 37.349724 -9999 -9999 -9999 -9999 -9999 -9999 -9999 -9999 -9999 -9999 -9999 -9999 -9999 -9999 -9999 -9999 -9999 -9999 -9999 -9999
37.307998 37.527605 37.462669 37.535795 37.570747 37.669004 37.824519 37.921484 38.038035 38.06075 34.418553 26.909264 19.399974 15.218559 14.193657 18.070971 25.219224 32.367476 37.261892 37.276342 37.290792 37.305243 37.319693 37.332565 37.331814 37.331062 37.330311 37.32956 37.328808 37.351747 37.377562 37.403376 37.42919 37.455005 37.458042 37.450345 37.442647 37.434949 37.427252 37.415468 37.399032 37.382596 37.36616 37.349724 -9999 -9999 -9999 -9999 -9999 -9999 -9999 -9999 -9999 -9999 -9999 -9999 -9999 -9999 -9999 -9999 -9999 -9999 -9999 -9999 -9999
37.334356 37.360714 37.408298 37.491482 37.501953 37.536516 37.634773 37.683915 37.754654 37.862655 37.66456 34.022363 28.819435 25.678035 23.55815 25.219224 32.367476 37.261892 37.276342 37.290792 37.305243 37.319693 37.332565 37.331814 37.331062 37.330311 37.32956 37.328808 37.351747 37.377562 37.403376 37.42919 37.455005 37.458042 37.450345 37.442647 37.434949 37.427252 37.415468 37.399032 37.382596 37.36616 37.349724 -9999 -9999 -9999 -9999 -9999 -9999 -9999 -9999 -9999 -9999 -9999 -9999 -9999 -9999 -9999 -9999 -9999 -9999 -9999 -9999 -9999 -9999
37.360714 37.38048 37.399916 37.447169 37.484838 37.467722 37.453171 37.485066 37.516962 37.587701 37.466465 37.361254 37.339066 37.159025 34.017626 32.367476 37.261892 37.276342 37.290792 37.305243 37.319693 37.332565 37.331814 37.331062 37.330311 37.32956 37.328808 37.351747 37.377562 37.403376 37.42919 37.455005 37.458042 37.450345 37.442647 37.434949 37.427252 37.415468 37.399032 37.382596 37.36616 37.349724 -9999 -9999 -9999 -9999 -9999 -9999 -9999 -9999 -9999 -9999 -9999 -9999 -9999 -9999 -9999 -9999 -9999 -9999 -9999 -9999 -9999 -9999 -9999
37.38048 37.399916 37.419352 37.438787 37.467722 37.450451 37.433125 37.415799 37.398473 37.381147 37.361254 37.339066 37.316879 37.294691 37.272504 37.261892 37.276342 37.290792 37.305243 37.319693 37.332565 37.331814 37.331062 37.330311 37.32956 37.328808 37.351747 37.377562 37.403376 37.42919 37.455005 37.458042 37.450345 37.442647 37.434949 37.427252 37.415468 37.399032 37.382596 37.36616 37.349724 -9999 -9999 -9999 -9999 -9999 -9999 -9999 -9999 -9999 -9999 -9999 -9999 -9999 -9999 -9999 -9999 -9999 -9999 -9999 -9999 -9999 -9999 -9999 -9999
37.399916 37.419352 37.438787 37.458223 37.450451 37.433125 37.415799 37.398473 37.381147 37.361254 37.339066 37.316879 37.294691 37.272504 37.261892 37.276342 37.290792 37.305243 37.319693 37.332565 37.331814 37.331062 37.330311 37.32956 37.328808 37.351747 37.377562 37.403376 37.42919 37.455005 37.458042 37.450345 37.442647 37.434949 37.427252 37.415468 37.399032 37.382596 37.36616 37.349724 -9999 -9999 -9999 -9999 -9999 -9999 -9999 -9999 -9999 -9999 -9999 -9999 -9999 -9999 -9999 -9999 -9999 -9999 -9999 -9999 -9999 -9999 -9999 -9999 -9999
