test/data/morpho4_32m/processor_outputs/default/OUTPUT_T_315_0_12h.tif
NCOLS 56
NROWS 56
XLLCORNER 354569.37
YLLCORNER 6687410.4
DX 19.84375
DY 19.84375
NODATA_VALUE -9999
[rows 0 to 37 of 56, columns 0 to 55 of 56]
-9999 -9999 -9999 -9999 -9999 -9999 -9999 -9999 -9999 -9999 -9999 -9999 -9999 -9999 -9999 -9999 -9999 -9999 -9999 -9999 -9999 -9999 -9999 -9999 -9999 -9999 -9999 -9999 26.147676 -9999 -9999 -9999 -9999 -9999 -9999 -9999 -9999 -9999 -9999 -9999 -9999 -9999 -9999 -9999 -9999 -9999 -9999 -9999 -9999 -9999 -9999 -9999 -9999 -9999 -9999 -9999
-9999 -9999 -9999 -9999 -9999 -9999 -9999 -9999 -9999 -9999 -9999 -9999 -9999 -9999 -9999 -9999 -9999 -9999 -9999 -9999 -9999 -9999 -9999 -9999 -9999 -9999 -9999 26.115151 26.131413 26.147676 -9999 -9999 -9999 -9999 -9999 -9999 -9999 -9999 -9999 -9999 -9999 -9999 -9999 -9999 -9999 -9999 -9999 -9999 -9999 -9999 -9999 -9999 -9999 -9999 -9999 -9999
-9999 -9999 -9999 -9999 -9999 -9999 -9999 -9999 -9999 -9999 -9999 -9999 -9999 -9999 -9999 -9999 -9999 -9999 -9999 -9999 -9999 -9999 -9999 -9999 -9999 -9999 26.091534 26.098888 26.115151 26.131413 26.147676 -9999 -9999 -9999 -9999 -9999 -9999 -9999 -9999 -9999 -9999 -9999 -9999 -9999 -9999 -9999 -9999 -9999 -9999 -9999 -9999 -9999 -9999 -9999 -9999 -9999
-9999 -9999 -9999 -9999 -9999 -9999 -9999 -9999 -9999 -9999 -9999 -9999 -9999 -9999 -9999 -9999 -9999 -9999 -9999 -9999 -9999 -9999 -9999 -9999 -9999 26.079213 26.085374 26.091534 26.098888 26.115151 26.131413 26.147676 -9999 -9999 -9999 -9999 -9999 -9999 -9999 -9999 -9999 -9999 -9999 -9999 -9999 -9999 -9999 -9999 -9999 -9999 -9999 -9999 -9999 -9999 -9999 -9999
-9999 -9999 -9999 -9999 -9999 -9999 -9999 -9999 -9999 -9999 -9999 -9999 -9999 -9999 -9999 -9999 -9999 -9999 -9999 -9999 -9999 -9999 -9999 -9999 26.079781 26.07612 26.079213 26.085374 26.091534 26.098888 26.115151 26.131413 26.147676 -9999 -9999 -9999 -9999 -9999 -9999 -9999 -9999 -9999 -9999 -9999 -9999 -9999 -9999 -9999 -9999 -9999 -9999 -9999 -9999 -9999 -9999 -9999
-9999 -9999 -9999 -9999 -9999 -9999 -9999 -9999 -9999 -9999 -9999 -9999 -9999 -9999 -9999 -9999 -9999 -9999 -9999 -9999 -9999 -9999 -9999 26.087102 26.083441 26.079781 26.07612 26.079213 26.085374 26.091534 26.098888 26.115151 26.131413 26.147676 -9999 -9999 -9999 -9999 -9999 -9999 -9999 -9999 -9999 -9999 -9999 -9999 -9999 -9999 -9999 -9999 -9999 -9999 -9999 -9999 -9999 -9999
-9999 -9999 -9999 -9999 -9999 -9999 -9999 -9999 -9999 -9999 -9999 -9999 -9999 -9999 -9999 -9999 -9999 -9999 -9999 -9999 -9999 -9999 26.112001 26.098254 26.087102 26.083441 26.079781 26.07612 26.079213 26.085374 26.091534 26.098888 26.115151 26.131413 26.147676 -9999 -9999 -9999 -9999 -9999 -9999 -9999 -9999 -9999 -9999 -9999 -9999 -9999 -9999 -9999 -9999 -9999 -9999 -9999 -9999 -9999
-9999 -9999 -9999 -9999 -9999 -9999 -9999 -9999 -9999 -9999 -9999 -9999 -9999 -9999 -9999 -9999 -9999 -9999 -9999 -9999 -9999 26.135187 26.125747 26.112001 26.098254 26.087102 26.083441 26.079781 26.07612 26.079213 26.085374 26.091534 26.098888 26.115151 26.131413 26.147676 -9999 -9999 -9999 -9999 -9999 -9999 -9999 -9999 -9999 -9999 -9999 -9999 -9999 -9999 -9999 -9999 -9999 -9999 -9999 -9999
-9999 -9999 -9999 -9999 -9999 -9999 -9999 -9999 -9999 -9999 -9999 -9999 -9999 -9999 -9999 -9999 -9999 -9999 -9999 -9999 26.112957 26.124072 26.135187 26.125747 26.112001 26.098254 26.087102 26.083441 26.079781 26.07612 26.079213 26.085374 26.091534 26.098888 26.115151 26.131413 26.147676 -9999 -9999 -9999 -9999 -9999 -9999 -9999 -9999 -9999 -9999 -9999 -9999 -9999 -9999 -9999 -9999 -9999 -9999 -9999
-9999 -9999 -9999 -9999 -9999 -9999 -9999 -9999 -9999 -9999 -9999 -9999 -9999 -9999 -9999 -9999 -9999 -9999 -9999 26.092863 26.101842 26.112957 26.124072 26.135187 26.125747 26.112001 26.098254 26.087102 26.083441 26.079781 26.07612 26.079213 26.085374 26.091534 26.098888 26.115151 26.131413 26.147676 -9999 -9999 -9999 -9999 -9999 -9999 -9999 -9999 -9999 -9999 -9999 -9999 -9999 -9999 -9999 -9999 -9999 -9999
-9999 -9999 -9999 -9999 -9999 -9999 -9999 -9999 -9999 -9999 -9999 -9999 -9999 -9999 -9999 -9999 -9999 -9999 26.077707 26.085285 26.092863 26.101842 26.112957 26.124072 26.135187 26.125747 26.112001 26.098254 26.087102 26.083441 26.079781 26.07612 26.079213 26.085374 26.091534 26.098888 26.115151 26.131413 26.147676 -9999 -9999 -9999 -9999 -9999 -9999 -9999 -9999 -9999 -9999 -9999 -9999 -9999 -9999 -9999 -9999 -9999
-9999 -9999 -9999 -9999 -9999 -9999 -9999 -9999 -9999 -9999 -9999 -9999 -9999 -9999 -9999 -9999 -9999 26.070388 26.070388 26.077707 26.085285 26.092863 26.101842 26.112957 26.124072 26.135187 26.125747 26.112001 26.098254 26.087102 26.083441 26.079781 26.07612 26.079213 26.085374 26.091534 26.098888 26.115151 26.131413 26.147676 -9999 -9999 -9999 -9999 -9999 -9999 -9999 -9999 -9999 -9999 -9999 -9999 -9999 -9999 -9999 -9999
-9999 -9999 -9999 -9999 -9999 -9999 -9999 -9999 -9999 -9999 -9999 -9999 -9999 -9999 -9999 -9999 26.070388 26.070388 26.070388 26.070388 26.077707 26.085285 26.092863 26.101842 26.112957 26.124072 26.135187 26.125747 26.112001 26.098254 26.087102 26.083441 26.079781 26.07612 26.079213 26.085374 26.091534 26.098888 26.115151 26.131413 26.147676 -9999 -9999 -9999 -9999 -9999 -9999 -9999 -9999 -9999 -9999 -9999 -9999 -9999 -9999 -9999
-9999 -9999 -9999 -9999 -9999 -9999 -9999 -9999 -9999 -9999 -9999 -9999 -9999 -9999 -9999 26.081486 26.073908 26.070388 26.070388 26.070388 26.070388 26.077707 26.085285 26.092863 26.101842 26.112957 26.124072 26.135187 26.125747 26.112001 26.098254 26.087102 26.083441 26.079781 26.07612 26.079213 26.085374 26.091534 26.098888 26.115151 26.131413 26.147676 -9999 -9999 -9999 -9999 -9999 -9999 -9999 -9999 -9999 -9999 -9999 -9999 -9999 -9999
-9999 -9999 -9999 -9999 -9999 -9999 -9999 -9999 -9999 -9999 -9999 -9999 -9999 -9999 26.096642 26.089064 26.081486 26.073908 26.070388 26.070388 26.070388 26.070388 26.077707 26.085285 26.092863 26.101842 26.112957 26.124072 26.135187 26.125747 26.112001 26.098254 26.087102 26.083441 26.079781 26.07612 26.079213 26.085374 26.091534 26.098888 26.115151 26.131413 26.147676 -9999 -9999 -9999 -9999 -9999 -9999 -9999 -9999 -9999 -9999 -9999 -9999 -9999
-9999 -9999 -9999 -9999 -9999 -9999 -9999 -9999 -9999 -9999 -9999 -9999 -9999 26.1185 26.107385 26.096642 26.089064 26.081486 26.073908 26.070388 26.070388 26.070388 26.070388 26.077707 26.085285 26.092863 26.101842 26.112957 26.124072 26.135187 26.125747 26.112001 26.098254 26.087102 26.083441 26.079781 26.07612 26.079213 26.085374 26.091534 26.098888 26.115151 26.131413 26.147676 -9999 -9999 -9999 -9999 -9999 -9999 -9999 -9999 -9999 -9999 -9999 -9999
-9999 -9999 -9999 -9999 -9999 -9999 -9999 -9999 -9999 -9999 -9999 -9999 26.132638 26.129615 26.1185 26.107385 26.096642 26.089064 26.081486 26.073908 26.070388 26.070388 26.070388 26.070388 26.077707 26.085285 26.092863 26.101842 26.112957 26.124072 26.135187 26.125747 26.112001 26.098254 26.087102 26.083441 26.079781 26.07612 26.079213 26.085374 26.091534 26.098888 26.115151 26.131413 26.147676 -9999 -9999 -9999 -9999 -9999 -9999 -9999 -9999 -9999 -9999 -9999
-9999 -9999 -9999 -9999 -9999 -9999 -9999 -9999 -9999 -9999 -9999 26.105146 26.118892 26.132638 26.129615 26.1185 26.107385 26.096642 26.089064 26.081486 26.073908 26.070388 26.070388 26.070388 26.070388 26.077707 26.085285 26.063216 26.101842 26.112957 26.124072 26.109427 26.125747 26.112001 26.098254 26.087102 26.083441 26.079781 26.07612 26.079213 26.085374 26.091534 26.098888 26.115151 26.131413 26.147676 -9999 -9999 -9999 -9999 -9999 -9999 -9999 -9999 -9999 -9999
-9999 -9999 -9999 -9999 -9999 -9999 -9999 -9999 -9999 -9999 26.085277 26.091399 26.105146 26.118892 26.132638 26.129615 26.1185 26.107385 26.096642 26.089064 26.081486 26.073908 26.070388 26.070388 26.070388 26.070388 26.04806 25.98548 26.045029 26.101842 26.061465 25.949604 26.109427 26.125747 26.112001 26.098254 26.087102 26.083441 26.079781 26.07612 26.079213 26.085374 26.091534 26.098888 26.115151 26.131413 26.147676 -9999 -9999 -9999 -9999 -9999 -9999 -9999 -9999 -9999
-9999 -9999 -9999 -9999 -9999 -9999 -9999 -9999 -9999 26.077955 26.081616 26.085277 26.091399 26.105146 26.118892 26.132638 26.129615 26.1185 26.107385 26.096642 26.089064 26.081486 26.073908 26.070388 26.070388 26.040741 25.970583 25.907743 25.958213 25.978276 25.918682 25.798129 25.949604 26.042101 26.04602 26.056504 26.066988 26.087102 26.083441 26.079781 26.07612 26.079213 26.085374 26.091534 26.098888 26.115151 26.131413 26.147676 -9999 -9999 -9999 -9999 -9999 -9999 -9999 -9999
-9999 -9999 -9999 -9999 -9999 -9999 -9999 -9999 26.082285 26.076125 26.077955 26.081616 26.085277 26.091399 26.105146 26.118892 26.132638 26.129615 26.1185 26.107385 26.096642 26.089064 26.081486 26.073908 26.040741 25.970583 25.900424 25.830266 25.804645 25.72077 25.703595 25.655346 25.722457 25.695045 25.667634 25.671553 25.796886 26.077778 26.087102 26.083441 26.079781 26.07612 26.079213 26.085374 26.091534 26.098888 26.115151 26.131413 26.147676 -9999 -9999 -9999 -9999 -9999 -9999 -9999
-9999 -9999 -9999 -9999 -9999 -9999 -9999 26.094607 26.088446 26.082285 26.076125 26.077955 26.081616 26.085277 26.091399 26.105146 26.118892 26.132638 26.129615 26.1185 26.107385 26.096642 26.089064 26.051839 25.974103 25.900424 25.830266 25.720791 25.550101 25.463263 25.441039 25.487605 25.434344 25.398569 25.362793 25.388805 25.761994 26.063958 26.077778 26.087102 26.083441 26.079781 26.07612 26.079213 26.085374 26.091534 26.098888 26.115151 26.131413 26.147676 -9999 -9999 -9999 -9999 -9999 -9999
-9999 -9999 -9999 -9999 -9999 -9999 26.123261 26.106998 26.094607 26.088446 26.082285 26.076125 26.077955 26.081616 26.085277 26.091399 26.105146 26.118892 26.132638 26.129615 26.1185 26.107385 26.088323 26.001507 25.914692 25.833786 25.720791 25.550101 25.37941 25.208719 25.225828 25.356716 25.281908 25.189144 25.193591 25.280909 25.714455 26.050137 26.063958 26.077778 26.087102 26.083441 26.079781 26.07612 26.079213 26.085374 26.091534 26.098888 26.115151 26.131413 26.147676 -9999 -9999 -9999 -9999 -9999
-9999 -9999 -9999 -9999 -9999 26.154093 26.139523 26.123261 26.106998 26.094607 26.088446 26.082285 26.076125 26.077955 26.081616 26.085277 26.091399 26.105146 26.118892 26.132638 26.129615 26.1185 26.107385 26.088323 26.001507 25.869672 25.619591 25.37941 25.208719 25.099405 25.099405 25.225828 25.166886 25.076931 25.106767 25.193591 25.606559 25.999053 26.058993 26.069655 26.080317 26.087102 26.083441 26.079781 26.07612 26.079213 26.085374 26.091534 26.098888 26.115151 26.131413 26.147676 -9999 -9999 -9999 -9999
-9999 -9999 -9999 -9999 26.114945 26.134519 26.154093 26.139523 26.123261 26.106998 26.094607 26.088446 26.082285 26.076125 26.077955 26.081616 26.085277 26.091399 26.105146 26.118892 26.132638 26.129615 26.1185 26.107385 26.043303 25.84137 25.598481 25.27821 25.099405 25.099405 25.099405 25.099405 25.092086 25.084508 25.076931 25.106767 25.45761 25.75274 26.04787 26.107809 26.112001 26.098254 26.087102 26.083441 26.079781 26.07612 26.079213 26.085374 26.091534 26.098888 26.115151 26.131413 26.147676 -9999 -9999 -9999
-9999 -9999 -9999 -9999 26.095371 26.114945 26.134519 26.154093 26.139523 26.123261 26.106998 26.094607 26.088446 26.082285 26.076125 26.077955 26.081616 26.085277 26.091399 26.105146 26.118892 26.132638 26.129615 26.1185 26.063613 25.813069 25.577372 25.318477 25.168896 25.099405 25.099405 25.099405 25.099405 25.092086 25.084508 25.082042 25.40453 25.670204 25.935879 26.135187 26.125747 26.112001 26.098254 26.087102 26.083441 26.079781 26.07612 26.079213 26.085374 26.091534 26.098888 26.115151 26.131413 26.147676 -9999 -9999
-9999 -9999 -9999 -9999 -9999 26.095371 26.114945 26.134519 26.154093 26.139523 26.123261 26.106998 26.094607 26.088446 26.082285 26.076125 26.077955 26.081616 26.085277 26.091399 26.105146 26.118892 26.132638 26.129615 26.089626 25.833379 25.588091 25.454376 25.318477 25.168896 25.099405 25.099405 25.099405 25.099405 25.097197 25.106852 25.495632 25.90856 26.108025 26.123937 26.135187 26.125747 26.112001 26.098254 26.087102 26.083441 26.079781 26.07612 26.079213 26.085374 26.091534 26.098888 26.115151 26.131413 -9999 -9999
-9999 -9999 -9999 -9999 -9999 -9999 26.095371 26.114945 26.134519 26.154093 26.139523 26.123261 26.106998 26.094607 26.088446 26.082285 26.076125 26.077955 26.081616 26.085277 26.091399 26.105146 26.118892 26.132638 26.115638 25.856701 25.592971 25.342891 25.209176 25.115684 25.104569 25.099405 25.099405 25.104516 25.121749 25.131662 25.490059 25.992134 26.096619 26.112531 26.124072 26.135187 26.125747 26.112001 26.098254 26.087102 26.083441 26.079781 26.07612 26.079213 26.085374 26.091534 26.098888 -9999 -9999 -9999
-9999 -9999 -9999 -9999 -9999 -9999 -9999 26.095371 26.114945 26.134519 26.154093 26.139523 26.123261 26.106998 26.094607 26.088446 26.082285 26.076125 26.077955 26.081616 26.085277 26.091399 26.105146 26.118892 26.071264 25.846489 25.588981 25.331474 25.137914 25.126799 25.115684 25.104569 25.104516 25.121749 25.138982 25.156214 25.476957 25.958162 26.088883 26.101124 26.112957 26.124072 26.135187 26.125747 26.112001 26.098254 26.087102 26.083441 26.079781 26.07612 26.079213 26.085374 -9999 -9999 -9999 -9999
-9999 -9999 -9999 -9999 -9999 -9999 -9999 -9999 26.095371 26.114945 26.134519 26.154093 26.139523 26.123261 26.106998 26.094607 26.088446 26.082285 26.076125 26.077955 26.081616 26.085277 26.091399 26.043771 25.886835 25.729899 25.505123 25.349087 25.356895 25.137914 25.126799 25.122596 25.134787 25.149256 25.165703 25.23525 25.452008 25.92419 26.083558 26.092863 26.101842 26.112957 26.124072 26.135187 26.125747 26.112001 26.098254 26.087102 26.083441 26.079781 26.07612 -9999 -9999 -9999 -9999 -9999
-9999 -9999 -9999 -9999 -9999 -9999 -9999 -9999 -9999 26.095371 26.114945 26.134519 26.154093 26.139523 26.123261 26.106998 26.094607 26.088446 26.082285 26.076125 26.077955 26.081616 26.085277 26.044345 25.86532 25.686295 25.50727 25.574515 25.600259 25.356895 25.182341 25.167259 25.169207 25.181398 25.248968 25.465726 25.682484 25.899241 26.077707 26.085285 26.092863 26.101842 26.112957 26.124072 26.135187 26.125747 26.112001 26.098254 26.087102 26.083441 -9999 -9999 -9999 -9999 -9999 -9999
-9999 -9999 -9999 -9999 -9999 -9999 -9999 -9999 -9999 -9999 26.095371 26.114945 26.134519 26.154093 26.139523 26.123261 26.106998 26.094607 26.088446 26.082285 26.076125 26.077955 26.081616 26.085277 26.044345 25.86532 25.686295 25.779003 25.843624 25.669674 25.660356 25.650433 25.635351 25.559199 25.472095 25.686118 25.903662 26.070388 26.070388 26.077707 26.085285 26.092863 26.101842 26.112957 26.124072 26.135187 26.125747 26.112001 26.098254 -9999 -9999 -9999 -9999 -9999 -9999 -9999
-9999 -9999 -9999 -9999 -9999 -9999 -9999 -9999 -9999 -9999 -9999 26.095371 26.114945 26.134519 26.154093 26.139523 26.123261 26.106998 26.094607 26.088446 26.082285 26.076125 26.077955 26.081616 26.085277 26.044345 25.86532 25.940091 26.024615 26.039083 26.055901 26.072719 26.057454 25.811998 25.697216 25.907182 26.070388 26.070388 26.070388 26.070388 26.077707 26.085285 26.092863 26.101842 26.112957 26.124072 26.135187 26.125747 -9999 -9999 -9999 -9999 -9999 -9999 -9999 -9999
-9999 -9999 -9999 -9999 -9999 -9999 -9999 -9999 -9999 -9999 -9999 -9999 26.095371 26.114945 26.134519 26.154093 26.139523 26.123261 26.106998 26.094607 26.088446 26.082285 26.076125 26.077955 26.081616 26.085277 26.044345 26.069585 26.07918 26.088775 26.103242 26.111557 26.097229 26.064797 25.922337 26.081486 26.073908 26.070388 26.070388 26.070388 26.070388 26.077707 26.085285 26.092863 26.102974 26.113887 26.124799 -9999 -9999 -9999 -9999 -9999 -9999 -9999 -9999 -9999
-9999 -9999 -9999 -9999 -9999 -9999 -9999 -9999 -9999 -9999 -9999 -9999 -9999 26.095371 26.114945 26.134519 26.154093 26.139523 26.123261 26.106998 26.094607 26.088446 26.082285 26.076125 26.077955 26.081616 26.085277 26.091399 26.105146 26.118892 26.132638 26.126818 26.112015 26.104571 26.096642 26.089064 26.081486 26.073908 26.070388 26.070388 26.070388 26.070388 26.077707 26.085285 26.095194 26.106106 -9999 -9999 -9999 -9999 -9999 -9999 -9999 -9999 -9999 -9999
-9999 -9999 -9999 -9999 -9999 -9999 -9999 -9999 -9999 -9999 -9999 -9999 -9999 -9999 26.095371 26.114945 26.134519 26.154093 26.139523 26.123261 26.106998 26.094607 26.088446 26.082285 26.076125 26.077955 26.081616 26.085277 26.091399 26.105146 26.118892 26.132638 26.126818 26.1185 26.107385 26.096642 26.089064 26.081486 26.073908 26.070388 26.070388 26.070388 26.070388 26.077707 26.087414 -9999 -9999 -9999 -9999 -9999 -9999 -9999 -9999 -9999 -9999 -9999
-9999 -9999 -9999 -9999 -9999 -9999 -9999 -9999 -9999 -9999 -9999 -9999 -9999 -9999 -9999 26.095371 26.114945 26.134519 26.154093 26.139523 26.123261 26.106998 26.094607 26.088446 26.082285 26.076125 26.077955 26.081616 26.085277 26.091399 26.105146 26.118892 26.132638 26.129615 26.1185 26.107385 26.096642 26.089064 26.081486 26.073908 26.070388 26.070388 26.070388 26.070388 -9999 -9999 -9999 -9999 -9999 -9999 -9999 -9999 -9999 -9999 -9999 -9999
-9999 -9999 -9999 -9999 -9999 -9999 -9999 -9999 -9999 -9999 -9999 -9999 -9999 -9999 -9999 -9999 26.095371 26.114945 26.134519 26.154093 26.139523 26.123261 26.106998 26.094607 26.088446 26.082285 26.076125 26.077955 26.081616 26.085277 26.091399 26.105146 26.118892 26.132638 26.129615 26.1185 26.107385 26.096642 26.089064 26.082631 26.081762 26.080894 26.081828 -9999 -9999 -9999 -9999 -9999 -9999 -9999 -9999 -9999 -9999 -9999 -9999 -9999
