test/data/morpho4_32m/processor_outputs/default/OUTPUT_T_315_0_23h.tif
NCOLS 56
NROWS 56
XLLCORNER 354569.37
YLLCORNER 6687410.4
DX 19.84375
DY 19.84375
NODATA_VALUE -9999
[rows 0 to 38 of 56, columns 0 to 55 of 56]
-9999 -9999 -9999 -9999 -9999 -9999 -9999 -9999 -9999 -9999 -9999 -9999 -9999 -9999 -9999 -9999 -9999 -9999 -9999 -9999 -9999 -9999 -9999 -9999 -9999 -9999 -9999 -9999 16.813222 -9999 -9999 -9999 -9999 -9999 -9999 -9999 -9999 -9999 -9999 -9999 -9999 -9999 -9999 -9999 -9999 -9999 -9999 -9999 -9999 -9999 -9999 -9999 -9999 -9999 -9999 -9999
-9999 -9999 -9999 -9999 -9999 -9999 -9999 -9999 -9999 -9999 -9999 -9999 -9999 -9999 -9999 -9999 -9999 -9999 -9999 -9999 -9999 -9999 -9999 -9999 -9999 -9999 -9999 16.821212 16.817217 16.813222 -9999 -9999 -9999 -9999 -9999 -9999 -9999 -9999 -9999 -9999 -9999 -9999 -9999 -9999 -9999 -9999 -9999 -9999 -9999 -9999 -9999 -9999 -9999 -9999 -9999 -9999
-9999 -9999 -9999 -9999 -9999 -9999 -9999 -9999 -9999 -9999 -9999 -9999 -9999 -9999 -9999 -9999 -9999 -9999 -9999 -9999 -9999 -9999 -9999 -9999 -9999 -9999 16.827014 16.825207 16.821212 16.817217 16.813222 -9999 -9999 -9999 -9999 -9999 -9999 -9999 -9999 -9999 -9999 -9999 -9999 -9999 -9999 -9999 -9999 -9999 -9999 -9999 -9999 -9999 -9999 -9999 -9999 -9999
-9999 -9999 -9999 -9999 -9999 -9999 -9999 -9999 -9999 -9999 -9999 -9999 -9999 -9999 -9999 -9999 -9999 -9999 -9999 -9999 -9999 -9999 -9999 -9999 -9999 16.830041 16.828527 16.827014 16.825207 16.821212 16.817217 16.813222 -9999 -9999 -9999 -9999 -9999 -9999 -9999 -9999 -9999 -9999 -9999 -9999 -9999 -9999 -9999 -9999 -9999 -9999 -9999 -9999 -9999 -9999 -9999 -9999
-9999 -9999 -9999 -9999 -9999 -9999 -9999 -9999 -9999 -9999 -9999 -9999 -9999 -9999 -9999 -9999 -9999 -9999 -9999 -9999 -9999 -9999 -9999 -9999 16.829901 16.830801 16.830041 16.828527 16.827014 16.825207 16.821212 16.817217 16.813222 -9999 -9999 -9999 -9999 -9999 -9999 -9999 -9999 -9999 -9999 -9999 -9999 -9999 -9999 -9999 -9999 -9999 -9999 -9999 -9999 -9999 -9999 -9999
-9999 -9999 -9999 -9999 -9999 -9999 -9999 -9999 -9999 -9999 -9999 -9999 -9999 -9999 -9999 -9999 -9999 -9999 -9999 -9999 -9999 -9999 -9999 16.828103 16.829002 16.829901 16.830801 16.830041 16.828527 16.827014 16.825207 16.821212 16.817217 16.813222 -9999 -9999 -9999 -9999 -9999 -9999 -9999 -9999 -9999 -9999 -9999 -9999 -9999 -9999 -9999 -9999 -9999 -9999 -9999 -9999 -9999 -9999
-9999 -9999 -9999 -9999 -9999 -9999 -9999 -9999 -9999 -9999 -9999 -9999 -9999 -9999 -9999 -9999 -9999 -9999 -9999 -9999 -9999 -9999 16.821986 16.825363 16.828103 16.829002 16.829901 16.830801 16.830041 16.828527 16.827014 16.825207 16.821212 16.817217 16.813222 -9999 -9999 -9999 -9999 -9999 -9999 -9999 -9999 -9999 -9999 -9999 -9999 -9999 -9999 -9999 -9999 -9999 -9999 -9999 -9999 -9999
-9999 -9999 -9999 -9999 -9999 -9999 -9999 -9999 -9999 -9999 -9999 -9999 -9999 -9999 -9999 -9999 -9999 -9999 -9999 -9999 -9999 16.81629 16.818609 16.821986 16.825363 16.828103 16.829002 16.829901 16.830801 16.830041 16.828527 16.827014 16.825207 16.821212 16.817217 16.813222 -9999 -9999 -9999 -9999 -9999 -9999 -9999 -9999 -9999 -9999 -9999 -9999 -9999 -9999 -9999 -9999 -9999 -9999 -9999 -9999
-9999 -9999 -9999 -9999 -9999 -9999 -9999 -9999 -9999 -9999 -9999 -9999 -9999 -9999 -9999 -9999 -9999 -9999 -9999 -9999 16.821751 16.81902 16.81629 16.818609 16.821986 16.825363 16.828103 16.829002 16.829901 16.830801 16.830041 16.828527 16.827014 16.825207 16.821212 16.817217 16.813222 -9999 -9999 -9999 -9999 -9999 -9999 -9999 -9999 -9999 -9999 -9999 -9999 -9999 -9999 -9999 -9999 -9999 -9999 -9999
-9999 -9999 -9999 -9999 -9999 -9999 -9999 -9999 -9999 -9999 -9999 -9999 -9999 -9999 -9999 -9999 -9999 -9999 -9999 16.826687 16.824481 16.821751 16.81902 16.81629 16.818609 16.821986 16.825363 16.828103 16.829002 16.829901 16.830801 16.830041 16.828527 16.827014 16.825207 16.821212 16.817217 16.813222 -9999 -9999 -9999 -9999 -9999 -9999 -9999 -9999 -9999 -9999 -9999 -9999 -9999 -9999 -9999 -9999 -9999 -9999
-9999 -9999 -9999 -9999 -9999 -9999 -9999 -9999 -9999 -9999 -9999 -9999 -9999 -9999 -9999 -9999 -9999 -9999 16.830411 16.828549 16.826687 16.824481 16.821751 16.81902 16.81629 16.818609 16.821986 16.825363 16.828103 16.829002 16.829901 16.830801 16.830041 16.828527 16.827014 16.825207 16.821212 16.817217 16.813222 -9999 -9999 -9999 -9999 -9999 -9999 -9999 -9999 -9999 -9999 -9999 -9999 -9999 -9999 -9999 -9999 -9999
-9999 -9999 -9999 -9999 -9999 -9999 -9999 -9999 -9999 -9999 -9999 -9999 -9999 -9999 -9999 -9999 -9999 16.832209 16.832209 16.830411 16.828549 16.826687 16.824481 16.821751 16.81902 16.81629 16.818609 16.821986 16.825363 16.828103 16.829002 16.829901 16.830801 16.830041 16.828527 16.827014 16.825207 16.821212 16.817217 16.813222 -9999 -9999 -9999 -9999 -9999 -9999 -9999 -9999 -9999 -9999 -9999 -9999 -9999 -9999 -9999 -9999
-9999 -9999 -9999 -9999 -9999 -9999 -9999 -9999 -9999 -9999 -9999 -9999 -9999 -9999 -9999 -9999 16.832209 16.832209 16.832209 16.832209 16.830411 16.828549 16.826687 16.824481 16.821751 16.81902 16.81629 16.818609 16.821986 16.825363 16.828103 16.829002 16.829901 16.830801 16.830041 16.828527 16.827014 16.825207 16.821212 16.817217 16.813222 -9999 -9999 -9999 -9999 -9999 -9999 -9999 -9999 -9999 -9999 -9999 -9999 -9999 -9999 -9999
-9999 -9999 -9999 -9999 -9999 -9999 -9999 -9999 -9999 -9999 -9999 -9999 -9999 -9999 -9999 16.829482 16.831344 16.832209 16.832209 16.832209 16.832209 16.830411 16.828549 16.826687 16.824481 16.821751 16.81902 16.81629 16.818609 16.821986 16.825363 16.828103 16.829002 16.829901 16.830801 16.830041 16.828527 16.827014 16.825207 16.821212 16.817217 16.813222 -9999 -9999 -9999 -9999 -9999 -9999 -9999 -9999 -9999 -9999 -9999 -9999 -9999 -9999
-9999 -9999 -9999 -9999 -9999 -9999 -9999 -9999 -9999 -9999 -9999 -9999 -9999 -9999 16.825759 16.827621 16.829482 16.831344 16.832209 16.832209 16.832209 16.832209 16.830411 16.828549 16.826687 16.824481 16.821751 16.81902 16.81629 16.818609 16.821986 16.825363 16.828103 16.829002 16.829901 16.830801 16.830041 16.828527 16.827014 16.825207 16.821212 16.817217 16.813222 -9999 -9999 -9999 -9999 -9999 -9999 -9999 -9999 -9999 -9999 -9999 -9999 -9999
-9999 -9999 -9999 -9999 -9999 -9999 -9999 -9999 -9999 -9999 -9999 -9999 -9999 16.820389 16.82312 16.825759 16.827621 16.829482 16.831344 16.832209 16.832209 16.832209 16.832209 16.830411 16.828549 16.826687 16.824481 16.821751 16.81902 16.81629 16.818609 16.821986 16.825363 16.828103 16.829002 16.829901 16.830801 16.830041 16.828527 16.827014 16.825207 16.821212 16.817217 16.813222 -9999 -9999 -9999 -9999 -9999 -9999 -9999 -9999 -9999 -9999 -9999 -9999
-9999 -9999 -9999 -9999 -9999 -9999 -9999 -9999 -9999 -9999 -9999 -9999 16.816916 16.817659 16.820389 16.82312 16.825759 16.827621 16.829482 16.831344 16.832209 16.832209 16.832209 16.832209 16.830411 16.828549 16.826687 16.824481 16.821751 16.81902 16.81629 16.818609 16.821986 16.825363 16.828103 16.829002 16.829901 16.830801 16.830041 16.828527 16.827014 16.825207 16.821212 16.817217 16.813222 -9999 -9999 -9999 -9999 -9999 -9999 -9999 -9999 -9999 -9999 -9999
-9999 -9999 -9999 -9999 -9999 -9999 -9999 -9999 -9999 -9999 -9999 16.82367 16.820293 16.816916 16.817659 16.820389 16.82312 16.825759 16.827621 16.829482 16.831344 16.832209 16.832209 16.832209 16.832209 16.830411 16.828549 16.798531 16.824481 16.821751 16.81902 16.795973 16.818609 16.821986 16.825363 16.828103 16.829002 16.829901 16.830801 16.830041 16.828527 16.827014 16.825207 16.821212 16.817217 16.813222 -9999 -9999 -9999 -9999 -9999 -9999 -9999 -9999 -9999 -9999
-9999 -9999 -9999 -9999 -9999 -9999 -9999 -9999 -9999 -9999 16.828551 16.827047 16.82367 16.820293 16.816916 16.817659 16.820389 16.82312 16.825759 16.827621 16.829482 16.831344 16.832209 16.832209 16.832209 16.832209 16.802254 16.733762 16.781259 16.824481 16.78114 16.681421 16.795973 16.818609 16.821986 16.825363 16.828103 16.829002 16.829901 16.830801 16.830041 16.828527 16.827014 16.825207 16.821212 16.817217 16.813222 -9999 -9999 -9999 -9999 -9999 -9999 -9999 -9999 -9999
-9999 -9999 -9999 -9999 -9999 -9999 -9999 -9999 -9999 16.83035 16.82945 16.828551 16.827047 16.82367 16.820293 16.816916 16.817659 16.820389 16.82312 16.825759 16.827621 16.829482 16.831344 16.832209 16.832209 16.804053 16.737422 16.668993 16.707867 16.697745 16.680026 16.573452 16.681421 16.745694 16.759069 16.780541 16.802013 16.828103 16.829002 16.829901 16.830801 16.830041 16.828527 16.827014 16.825207 16.821212 16.817217 16.813222 -9999 -9999 -9999 -9999 -9999 -9999 -9999 -9999
-9999 -9999 -9999 -9999 -9999 -9999 -9999 -9999 16.829286 16.8308 16.83035 16.82945 16.828551 16.827047 16.82367 16.820293 16.816916 16.817659 16.820389 16.82312 16.825759 16.827621 16.829482 16.831344 16.804053 16.737422 16.670791 16.60416 16.550961 16.410803 16.458163 16.472338 16.51659 16.491316 16.466043 16.479417 16.55907 16.739529 16.828103 16.829002 16.829901 16.830801 16.830041 16.828527 16.827014 16.825207 16.821212 16.817217 16.813222 -9999 -9999 -9999 -9999 -9999 -9999 -9999
-9999 -9999 -9999 -9999 -9999 -9999 -9999 16.826259 16.827773 16.829286 16.8308 16.83035 16.82945 16.828551 16.827047 16.82367 16.820293 16.816916 16.817659 16.820389 16.82312 16.825759 16.827621 16.801326 16.736557 16.670791 16.60416 16.480073 16.266523 16.123861 16.157023 16.232031 16.205103 16.187933 16.170763 16.196199 16.435282 16.620595 16.739529 16.828103 16.829002 16.829901 16.830801 16.830041 16.828527 16.827014 16.825207 16.821212 16.817217 16.813222 -9999 -9999 -9999 -9999 -9999 -9999
-9999 -9999 -9999 -9999 -9999 -9999 16.81922 16.823215 16.826259 16.827773 16.829286 16.8308 16.83035 16.82945 16.828551 16.827047 16.82367 16.820293 16.816916 16.817659 16.820389 16.82312 16.817858 16.744467 16.671075 16.603296 16.480073 16.266523 16.052973 15.839423 15.837441 15.8796 15.842379 15.800206 15.80119 15.839913 16.271219 16.501661 16.620595 16.739529 16.828103 16.829002 16.829901 16.830801 16.830041 16.828527 16.827014 16.825207 16.821212 16.817217 16.813222 -9999 -9999 -9999 -9999 -9999
-9999 -9999 -9999 -9999 -9999 16.811645 16.815224 16.81922 16.823215 16.826259 16.827773 16.829286 16.8308 16.83035 16.82945 16.828551 16.827047 16.82367 16.820293 16.816916 16.817659 16.820389 16.82312 16.817858 16.744467 16.628874 16.356046 16.052973 15.839423 15.646878 15.491742 15.527169 15.496071 15.466861 15.468797 15.50696 15.914932 16.349947 16.519807 16.632269 16.744731 16.828103 16.829002 16.829901 16.830801 16.830041 16.828527 16.827014 16.825207 16.821212 16.817217 16.813222 -9999 -9999 -9999 -9999
-9999 -9999 -9999 -9999 16.821263 16.816454 16.811645 16.815224 16.81922 16.823215 16.826259 16.827773 16.829286 16.8308 16.83035 16.82945 16.828551 16.827047 16.82367 16.820293 16.816916 16.817659 16.820389 16.82312 16.775657 16.594355 16.335199 15.928946 15.646878 15.491742 15.336606 15.18147 15.179141 15.210099 15.184733 15.174567 15.562355 16.006164 16.449973 16.619834 16.731991 16.82248 16.828103 16.829002 16.829901 16.830801 16.830041 16.828527 16.827014 16.825207 16.821212 16.817217 16.813222 -9999 -9999 -9999
-9999 -9999 -9999 -9999 16.826071 16.821263 16.816454 16.811645 16.815224 16.81922 16.823215 16.826259 16.827773 16.829286 16.8308 16.83035 16.82945 16.828551 16.827047 16.82367 16.820293 16.816916 16.817659 16.820389 16.782088 16.559837 16.314352 15.929104 15.581265 15.336606 15.18147 15.04019 14.927288 14.953337 14.932398 14.965794 15.477561 15.881892 16.286222 16.610059 16.718409 16.815222 16.82248 16.828103 16.829002 16.829901 16.830801 16.830041 16.828527 16.827014 16.825207 16.821212 16.817217 16.813222 -9999 -9999
-9999 -9999 -9999 -9999 -9999 16.826071 16.821263 16.816454 16.811645 16.815224 16.81922 16.823215 16.826259 16.827773 16.829286 16.8308 16.83035 16.82945 16.828551 16.827047 16.82367 16.820293 16.816916 16.817659 16.793322 16.566268 16.303107 15.961391 15.618832 15.270993 15.04019 14.927288 14.814386 14.701483 14.755355 14.967318 15.580284 16.187711 16.511789 16.613383 16.707792 16.807964 16.815222 16.82248 16.828103 16.829002 16.829901 16.830801 16.830041 16.828527 16.827014 16.825207 16.821212 16.817217 -9999 -9999
-9999 -9999 -9999 -9999 -9999 -9999 16.826071 16.821263 16.816454 16.811645 16.815224 16.81922 16.823215 16.826259 16.827773 16.829286 16.8308 16.83035 16.82945 16.828551 16.827047 16.82367 16.820293 16.816916 16.804557 16.543508 16.221916 15.89821 15.556494 15.232932 14.974036 14.814386 14.701483 14.653725 14.760468 14.968841 15.549671 16.239506 16.514872 16.616466 16.711324 16.794913 16.808994 16.815808 16.822621 16.828103 16.829002 16.829901 16.830801 16.830041 16.828527 16.827014 16.825207 -9999 -9999 -9999
-9999 -9999 -9999 -9999 -9999 -9999 -9999 16.826071 16.821263 16.816454 16.811645 16.815224 16.81922 16.823215 16.826259 16.827773 16.829286 16.8308 16.83035 16.82945 16.828551 16.827047 16.82367 16.820293 16.765175 16.495206 16.166036 15.836865 15.511468 15.225085 14.961761 14.748231 14.653725 14.760468 14.867212 14.973955 15.46813 16.016779 16.390281 16.619549 16.704244 16.753015 16.801785 16.815867 16.821986 16.825363 16.828103 16.829002 16.829901 16.830801 16.830041 16.828527 -9999 -9999 -9999 -9999
-9999 -9999 -9999 -9999 -9999 -9999 -9999 -9999 16.826071 16.821263 16.816454 16.811645 16.815224 16.81922 16.823215 16.826259 16.827773 16.829286 16.8308 16.83035 16.82945 16.828551 16.827047 16.771929 16.62466 16.477391 16.207422 15.863471 15.502519 15.217238 14.949486 14.774296 14.690036 14.714308 14.832747 14.990047 15.255079 15.794051 16.181869 16.520799 16.695756 16.739026 16.782296 16.81629 16.818609 16.821986 16.825363 16.828103 16.829002 16.829901 16.830801 -9999 -9999 -9999 -9999 -9999
-9999 -9999 -9999 -9999 -9999 -9999 -9999 -9999 -9999 16.826071 16.821263 16.816454 16.811645 16.815224 16.81922 16.823215 16.826259 16.827773 16.829286 16.8308 16.83035 16.82945 16.828551 16.787378 16.621488 16.455598 16.289707 15.859807 15.493441 15.208289 14.98873 14.894889 14.807031 14.722771 14.785903 15.050936 15.315968 15.581001 15.999298 16.423009 16.665133 16.787644 16.821638 16.819014 16.81629 16.818609 16.821986 16.825363 16.828103 16.829002 -9999 -9999 -9999 -9999 -9999 -9999
-9999 -9999 -9999 -9999 -9999 -9999 -9999 -9999 -9999 -9999 16.826071 16.821263 16.816454 16.811645 16.815224 16.81922 16.823215 16.826259 16.827773 16.829286 16.8308 16.83035 16.82945 16.828551 16.787378 16.621488 16.455598 15.919283 15.484364 15.269656 15.22202 15.169533 15.075692 15.009796 15.021808 15.167359 15.428063 15.680954 15.908211 16.325219 16.582487 16.771089 16.824362 16.821738 16.81902 16.81629 16.818609 16.821986 16.825363 -9999 -9999 -9999 -9999 -9999 -9999 -9999
-9999 -9999 -9999 -9999 -9999 -9999 -9999 -9999 -9999 -9999 -9999 16.826071 16.821263 16.816454 16.811645 16.815224 16.81922 16.823215 16.826259 16.827773 16.829286 16.8308 16.83035 16.82945 16.828551 16.787378 16.621488 16.109625 15.645767 15.536896 15.47987 15.422844 15.378281 15.389855 15.401791 15.414624 15.552362 15.779619 16.006876 16.234133 16.513909 16.758053 16.826596 16.824462 16.821751 16.81902 16.81629 16.818609 -9999 -9999 -9999 -9999 -9999 -9999 -9999 -9999
-9999 -9999 -9999 -9999 -9999 -9999 -9999 -9999 -9999 -9999 -9999 -9999 16.826071 16.821263 16.816454 16.811645 16.815224 16.81922 16.823215 16.826259 16.827773 16.829286 16.8308 16.83035 16.82945 16.828551 16.787378 16.404337 16.188013 15.971689 15.862818 15.804764 15.753202 15.769914 15.781773 15.794606 15.80744 15.932765 16.155693 16.362281 16.504356 16.745017 16.828508 16.826687 16.824203 16.821523 16.818842 -9999 -9999 -9999 -9999 -9999 -9999 -9999 -9999 -9999
-9999 -9999 -9999 -9999 -9999 -9999 -9999 -9999 -9999 -9999 -9999 -9999 -9999 16.826071 16.821263 16.816454 16.811645 16.815224 16.81922 16.823215 16.826259 16.827773 16.829286 16.8308 16.83035 16.82945 16.828551 16.780216 16.58498 16.389745 16.19451 16.183836 16.127521 16.144835 16.158842 16.174589 16.187422 16.200255 16.30924 16.451315 16.593389 16.735464 16.830411 16.828549 16.826115 16.823434 -9999 -9999 -9999 -9999 -9999 -9999 -9999 -9999 -9999 -9999
-9999 -9999 -9999 -9999 -9999 -9999 -9999 -9999 -9999 -9999 -9999 -9999 -9999 -9999 16.826071 16.821263 16.816454 16.811645 16.815224 16.81922 16.823215 16.826259 16.827773 16.829286 16.8308 16.83035 16.82945 16.828551 16.780216 16.58498 16.389745 16.496377 16.502007 16.513375 16.505952 16.500999 16.517111 16.498682 16.437957 16.577857 16.716893 16.832209 16.832209 16.830411 16.828026 -9999 -9999 -9999 -9999 -9999 -9999 -9999 -9999 -9999 -9999 -9999
-9999 -9999 -9999 -9999 -9999 -9999 -9999 -9999 -9999 -9999 -9999 -9999 -9999 -9999 -9999 16.826071 16.821263 16.816454 16.811645 16.815224 16.81922 16.823215 16.826259 16.827773 16.829286 16.8308 16.83035 16.82945 16.828551 16.780216 16.58498 16.671024 16.779906 16.787337 16.800657 16.813977 16.808617 16.653827 16.575131 16.716028 16.832209 16.832209 16.832209 16.832209 -9999 -9999 -9999 -9999 -9999 -9999 -9999 -9999 -9999 -9999 -9999 -9999
-9999 -9999 -9999 -9999 -9999 -9999 -9999 -9999 -9999 -9999 -9999 -9999 -9999 -9999 -9999 -9999 16.826071 16.821263 16.816454 16.811645 16.815224 16.81922 16.823215 16.826259 16.827773 16.829286 16.8308 16.83035 16.82945 16.828551 16.780216 16.811031 16.806257 16.801484 16.808915 16.820055 16.82262 16.808971 16.712305 16.829201 16.829414 16.829628 16.829398 -9999 -9999 -9999 -9999 -9999 -9999 -9999 -9999 -9999 -9999 -9999 -9999 -9999
-9999 -9999 -9999 -9999 -9999 -9999 -9999 -9999 -9999 -9999 -9999 -9999 -9999 -9999 -9999 -9999 -9999 16.826071 16.821263 16.816454 16.811645 16.815224 16.81922 16.823215 16.826259 16.827773 16.829286 16.8308 16.83035 16.82945 16.828551 16.827047 16.82367 16.820293 16.816916 16.817524 16.820066 16.822973 16.825307 16.82485 16.82495 16.830463 -9999 -9999 -9999 -9999 -9999 -9999 -9999 -9999 -9999 -9999 -9999 -9999 -9999 -9999
