test/data/scenario_test/processor_outputs/meteo_test/OUTPUT_T_225_0_12h.tif
NCOLS 54
NROWS 54
XLLCORNER 354593.69
YLLCORNER 6687434.7
DX 19.678195
DY 19.678195
NODATA_VALUE -9999
[rows 0 to 38 of 54, columns 0 to 53 of 54]
-9999 -9999 -9999 -9999 -9999 -9999 -9999 -9999 -9999 -9999 -9999 -9999 -9999 -9999 -9999 -9999 -9999 -9999 -9999 -9999 -9999 -9999 -9999 -9999 -9999 22.291617 -9999 -9999 -9999 -9999 -9999 -9999 -9999 -9999 -9999 -9999 -9999 -9999 -9999 -9999 -9999 -9999 -9999 -9999 -9999 -9999 -9999 -9999 -9999 -9999 -9999 -9999 -9999 -9999
-9999 -9999 -9999 -9999 -9999 -9999 -9999 -9999 -9999 -9999 -9999 -9999 -9999 -9999 -9999 -9999 -9999 -9999 -9999 -9999 -9999 -9999 -9999 -9999 22.30173 22.30628 22.290915 -9999 -9999 -9999 -9999 -9999 -9999 -9999 -9999 -9999 -9999 -9999 -9999 -9999 -9999 -9999 -9999 -9999 -9999 -9999 -9999 -9999 -9999 -9999 -9999 -9999 -9999 -9999
-9999 -9999 -9999 -9999 -9999 -9999 -9999 -9999 -9999 -9999 -9999 -9999 -9999 -9999 -9999 -9999 -9999 -9999 -9999 -9999 -9999 -9999 -9999 22.30173 22.320197 22.324875 22.328888 22.290915 -9999 -9999 -9999 -9999 -9999 -9999 -9999 -9999 -9999 -9999 -9999 -9999 -9999 -9999 -9999 -9999 -9999 -9999 -9999 -9999 -9999 -9999 -9999 -9999 -9999 -9999
-9999 -9999 -9999 -9999 -9999 -9999 -9999 -9999 -9999 -9999 -9999 -9999 -9999 -9999 -9999 -9999 -9999 -9999 -9999 -9999 -9999 -9999 22.30173 22.320197 22.338664 22.34347 22.291146 22.339867 22.290915 -9999 -9999 -9999 -9999 -9999 -9999 -9999 -9999 -9999 -9999 -9999 -9999 -9999 -9999 -9999 -9999 -9999 -9999 -9999 -9999 -9999 -9999 -9999 -9999 -9999
-9999 -9999 -9999 -9999 -9999 -9999 -9999 -9999 -9999 -9999 -9999 -9999 -9999 -9999 -9999 -9999 -9999 -9999 -9999 -9999 -9999 22.30173 22.320197 22.338664 22.353764 22.335322 22.306587 22.366159 22.305617 22.290915 -9999 -9999 -9999 -9999 -9999 -9999 -9999 -9999 -9999 -9999 -9999 -9999 -9999 -9999 -9999 -9999 -9999 -9999 -9999 -9999 -9999 -9999 -9999 -9999
-9999 -9999 -9999 -9999 -9999 -9999 -9999 -9999 -9999 -9999 -9999 -9999 -9999 -9999 -9999 -9999 -9999 -9999 -9999 -9999 22.30173 22.320197 22.338664 22.353764 22.335322 22.316881 22.298439 22.328417 22.368142 22.297196 22.290915 -9999 -9999 -9999 -9999 -9999 -9999 -9999 -9999 -9999 -9999 -9999 -9999 -9999 -9999 -9999 -9999 -9999 -9999 -9999 -9999 -9999 -9999 -9999
-9999 -9999 -9999 -9999 -9999 -9999 -9999 -9999 -9999 -9999 -9999 -9999 -9999 -9999 -9999 -9999 -9999 -9999 -9999 22.30173 22.320197 22.338664 22.353764 22.335322 22.316881 22.298439 22.307503 22.345009 22.40343 22.389949 22.297196 22.290915 -9999 -9999 -9999 -9999 -9999 -9999 -9999 -9999 -9999 -9999 -9999 -9999 -9999 -9999 -9999 -9999 -9999 -9999 -9999 -9999 -9999 -9999
-9999 -9999 -9999 -9999 -9999 -9999 -9999 -9999 -9999 -9999 -9999 -9999 -9999 -9999 -9999 -9999 -9999 -9999 22.30173 22.320197 22.338664 22.353764 22.335322 22.316881 22.298439 22.307503 22.345009 22.382516 22.420022 22.40585 22.35676 22.297196 22.290915 -9999 -9999 -9999 -9999 -9999 -9999 -9999 -9999 -9999 -9999 -9999 -9999 -9999 -9999 -9999 -9999 -9999 -9999 -9999 -9999 -9999
-9999 -9999 -9999 -9999 -9999 -9999 -9999 -9999 -9999 -9999 -9999 -9999 -9999 -9999 -9999 -9999 -9999 22.30173 22.320197 22.338664 22.353764 22.335322 22.316881 22.298439 22.307503 22.345009 22.382516 22.420022 22.42007 22.415585 22.405713 22.303477 22.297196 22.290915 -9999 -9999 -9999 -9999 -9999 -9999 -9999 -9999 -9999 -9999 -9999 -9999 -9999 -9999 -9999 -9999 -9999 -9999 -9999 -9999
-9999 -9999 -9999 -9999 -9999 -9999 -9999 -9999 -9999 -9999 -9999 -9999 -9999 -9999 -9999 -9999 22.30173 22.320197 22.338664 22.353764 22.335322 22.316881 22.298439 22.307503 22.345009 22.382516 22.420022 22.42007 22.415585 22.411101 22.412946 22.440031 22.303477 22.297196 22.290915 -9999 -9999 -9999 -9999 -9999 -9999 -9999 -9999 -9999 -9999 -9999 -9999 -9999 -9999 -9999 -9999 -9999 -9999 -9999
-9999 -9999 -9999 -9999 -9999 -9999 -9999 -9999 -9999 -9999 -9999 -9999 -9999 -9999 -9999 22.30173 22.320197 22.338664 22.353764 22.335322 22.316881 22.298439 22.307503 22.345009 22.382516 22.420022 22.42007 22.415585 22.411101 22.412946 22.430105 22.447264 22.407903 22.303477 22.297196 22.290915 -9999 -9999 -9999 -9999 -9999 -9999 -9999 -9999 -9999 -9999 -9999 -9999 -9999 -9999 -9999 -9999 -9999 -9999
-9999 -9999 -9999 -9999 -9999 -9999 -9999 -9999 -9999 -9999 -9999 -9999 -9999 -9999 22.30173 22.320197 22.338664 22.353764 22.335322 22.316881 22.298439 22.307503 22.345009 22.382516 22.420022 22.42007 22.415585 22.411101 22.412946 22.430105 22.447264 22.464423 22.439243 22.32001 22.303477 22.297196 22.290915 -9999 -9999 -9999 -9999 -9999 -9999 -9999 -9999 -9999 -9999 -9999 -9999 -9999 -9999 -9999 -9999 -9999
-9999 -9999 -9999 -9999 -9999 -9999 -9999 -9999 -9999 -9999 -9999 -9999 -9999 22.30173 22.320197 22.338664 22.353764 22.335322 22.316881 22.298439 22.307503 22.345009 22.382516 22.420022 22.42007 22.415585 22.411101 22.412946 22.430105 22.447264 22.464423 22.439243 22.395297 22.35135 22.309758 22.303477 22.297196 22.290915 -9999 -9999 -9999 -9999 -9999 -9999 -9999 -9999 -9999 -9999 -9999 -9999 -9999 -9999 -9999 -9999
-9999 -9999 -9999 -9999 -9999 -9999 -9999 -9999 -9999 -9999 -9999 -9999 22.30173 22.320197 22.338664 22.353764 22.335322 22.316881 22.298439 22.307503 22.345009 22.382516 22.420022 22.42007 22.415585 22.411101 22.412946 22.430105 22.447264 22.464423 22.439243 22.395297 22.35135 22.311504 22.311504 22.309758 22.303477 22.297196 22.290915 -9999 -9999 -9999 -9999 -9999 -9999 -9999 -9999 -9999 -9999 -9999 -9999 -9999 -9999 -9999
-9999 -9999 -9999 -9999 -9999 -9999 -9999 -9999 -9999 -9999 -9999 22.30173 22.320197 22.338664 22.353764 22.335322 22.316881 22.298439 22.307503 22.345009 22.382516 22.420022 22.42007 22.415585 22.411101 22.412946 22.430105 22.447264 22.464423 22.439243 22.395297 22.35135 22.311504 22.311504 22.311504 22.311504 22.309758 22.303477 22.297196 22.290915 -9999 -9999 -9999 -9999 -9999 -9999 -9999 -9999 -9999 -9999 -9999 -9999 -9999 -9999
-9999 -9999 -9999 -9999 -9999 -9999 -9999 -9999 -9999 -9999 22.30173 22.320197 22.338664 22.353764 22.335322 22.316881 22.298439 22.307503 22.345009 22.382516 22.420022 22.430586 22.420004 22.411101 22.412946 22.430105 22.447264 22.464423 22.451683 22.405166 22.35135 22.311504 22.311504 22.311504 22.311504 22.333201 22.377147 22.345807 22.303477 22.297196 22.290915 -9999 -9999 -9999 -9999 -9999 -9999 -9999 -9999 -9999 -9999 -9999 -9999 -9999
-9999 -9999 -9999 -9999 -9999 -9999 -9999 -9999 -9999 22.30173 22.320197 22.338664 22.353764 22.335322 22.316881 22.298439 22.307503 22.345009 22.382516 22.420022 22.430586 22.437889 22.427348 22.444846 22.436429 22.453554 22.47068 22.451683 22.42569 22.379236 22.321687 22.311504 22.311504 22.311504 22.333201 22.377147 22.421094 22.46504 22.4337 22.303477 22.297196 22.290915 -9999 -9999 -9999 -9999 -9999 -9999 -9999 -9999 -9999 -9999 -9999 -9999
-9999 -9999 -9999 -9999 -9999 -9999 -9999 -9999 22.30173 22.320197 22.338664 22.353764 22.335322 22.316881 22.298439 22.307503 22.345009 22.382516 22.420022 22.470412 22.473121 22.445193 22.468505 22.567799 22.505171 22.489798 22.470425 22.434873 22.399698 22.357719 22.343063 22.32322 22.311504 22.333201 22.377147 22.421094 22.46504 22.45435 22.437191 22.429958 22.303477 22.297196 22.290915 -9999 -9999 -9999 -9999 -9999 -9999 -9999 -9999 -9999 -9999 -9999
-9999 -9999 -9999 -9999 -9999 -9999 -9999 22.30173 22.320197 22.338664 22.353764 22.335322 22.316881 22.298439 22.307503 22.345009 22.382516 22.420022 22.459127 22.522362 22.525226 22.518093 22.591458 22.690752 22.628417 22.595699 22.62253 22.586428 22.53829 22.379095 22.364438 22.344608 22.334394 22.377147 22.421094 22.46504 22.45435 22.437191 22.420032 22.409248 22.399513 22.382557 22.297196 22.290915 -9999 -9999 -9999 -9999 -9999 -9999 -9999 -9999 -9999 -9999
-9999 -9999 -9999 -9999 -9999 -9999 22.30173 22.320197 22.338664 22.353764 22.335322 22.316881 22.298439 22.307503 22.345009 22.382516 22.420022 22.42007 22.454446 22.563026 22.607695 22.674017 22.74034 22.813705 22.758217 22.72807 22.86044 22.875234 22.710122 22.545009 22.385814 22.377169 22.378415 22.421094 22.46504 22.45435 22.437191 22.420032 22.409248 22.413733 22.418218 22.408482 22.379876 22.297196 22.290915 -9999 -9999 -9999 -9999 -9999 -9999 -9999 -9999 -9999
-9999 -9999 -9999 -9999 -9999 22.30173 22.320197 22.338664 22.353764 22.335322 22.316881 22.298439 22.307503 22.345009 22.382516 22.420022 22.42007 22.415585 22.449766 22.557235 22.682038 22.763465 22.829943 22.875402 22.890922 22.86044 22.98046 22.98046 22.877032 22.711932 22.558005 22.421189 22.422435 22.46504 22.45435 22.437191 22.420032 22.409248 22.413733 22.418218 22.422702 22.398005 22.381413 22.370774 22.331414 22.290915 -9999 -9999 -9999 -9999 -9999 -9999 -9999 -9999
-9999 -9999 -9999 -9999 22.30173 22.320197 22.338664 22.353764 22.335322 22.316881 22.298439 22.307503 22.345009 22.382516 22.420022 22.42007 22.415585 22.411101 22.443975 22.548759 22.673498 22.814993 22.875402 22.911546 22.947689 22.98046 22.98046 22.98046 22.98046 22.888206 22.745739 22.603271 22.466455 22.45435 22.437191 22.420032 22.409248 22.413733 22.418218 22.422702 22.398005 22.360499 22.322993 22.306401 22.344142 22.333066 22.290915 -9999 -9999 -9999 -9999 -9999 -9999 -9999
-9999 -9999 -9999 22.30173 22.320197 22.338664 22.353764 22.335322 22.316881 22.298439 22.307503 22.345009 22.382516 22.420022 22.42007 22.415585 22.411101 22.412946 22.451125 22.540282 22.664957 22.837233 22.911546 22.947689 22.98046 22.98046 22.98046 22.98046 22.973493 22.842368 22.669888 22.527911 22.476718 22.437191 22.420032 22.409248 22.413733 22.418218 22.422702 22.398005 22.360499 22.322993 22.290823 22.309264 22.317412 22.298817 22.306871 22.290915 -9999 -9999 -9999 -9999 -9999 -9999
-9999 -9999 22.30173 22.320197 22.338664 22.353764 22.335322 22.316881 22.298439 22.307503 22.345009 22.382516 22.420022 22.42007 22.415585 22.411101 22.412946 22.430105 22.468176 22.547432 22.687198 22.873117 22.947689 22.98046 22.98046 22.98046 22.98046 22.973493 22.959381 22.828619 22.604982 22.517126 22.476764 22.436401 22.409248 22.413733 22.418218 22.422702 22.398005 22.360499 22.322993 22.290823 22.309264 22.327706 22.346148 22.346291 22.327824 22.309357 22.29089 -9999 -9999 -9999 -9999 -9999
-9999 22.30173 22.320197 22.338664 22.353764 22.335322 22.316881 22.298439 22.307503 22.345009 22.382516 22.420022 22.42007 22.415585 22.411101 22.412946 22.430105 22.447264 22.485228 22.574824 22.720587 22.909001 22.98046 22.98046 22.98046 22.98046 22.973493 22.959381 22.945269 22.81487 22.600989 22.490693 22.436401 22.409248 22.413733 22.418218 22.422702 22.398005 22.360499 22.322993 22.290823 22.309264 22.327706 22.346148 22.346291 22.327824 22.309357 22.29089 22.296317 -9999 -9999 -9999 -9999 -9999
-9999 22.320197 22.338664 22.353764 22.335322 22.316881 22.298439 22.307503 22.345009 22.382516 22.420022 22.42007 22.415585 22.411101 22.412946 22.430105 22.447264 22.464423 22.51071 22.606799 22.752396 22.932043 22.98046 22.98046 22.98046 22.959017 22.959381 22.945269 22.931156 22.810877 22.598152 22.487621 22.412232 22.413733 22.418218 22.422702 22.398005 22.360499 22.322993 22.290823 22.309264 22.327706 22.346148 22.346291 22.327824 22.309357 22.29089 22.296317 22.304512 -9999 -9999 -9999 -9999 -9999
-9999 -9999 22.353764 22.335322 22.316881 22.298439 22.307503 22.345009 22.382516 22.420022 22.42007 22.415585 22.411101 22.412946 22.430105 22.447264 22.464423 22.439243 22.466392 22.636865 22.773858 22.852951 22.932043 22.98046 22.937755 22.872267 22.930793 22.931156 22.833292 22.72551 22.595314 22.486813 22.416846 22.418218 22.422702 22.398005 22.360499 22.322993 22.290823 22.309264 22.327706 22.346148 22.346291 22.327824 22.309357 22.29089 22.296317 22.304512 22.312707 -9999 -9999 -9999 -9999 -9999
-9999 -9999 -9999 22.316881 22.298439 22.307503 22.345009 22.382516 22.420022 22.42007 22.415585 22.411101 22.412946 22.430105 22.447264 22.464423 22.439243 22.395297 22.422074 22.586662 22.694057 22.773858 22.852951 22.900901 22.851256 22.785517 22.844043 22.855995 22.772857 22.664925 22.55354 22.491427 22.42146 22.422702 22.398005 22.360499 22.322993 22.290823 22.309264 22.327706 22.346148 22.346291 22.327824 22.309357 22.29089 22.296317 22.304512 22.312707 -9999 -9999 -9999 -9999 -9999 -9999
-9999 -9999 -9999 -9999 22.307503 22.345009 22.382516 22.420022 22.42007 22.415585 22.411101 22.412946 22.430105 22.447264 22.464423 22.439243 22.395297 22.35135 22.371872 22.479267 22.586662 22.694057 22.742716 22.758731 22.730727 22.698767 22.705036 22.710772 22.727257 22.640667 22.521014 22.466715 22.426073 22.398005 22.360499 22.322993 22.290823 22.309264 22.327706 22.346148 22.346291 22.327824 22.309357 22.29089 22.296317 22.304512 22.312707 -9999 -9999 -9999 -9999 -9999 -9999 -9999
-9999 -9999 -9999 -9999 -9999 22.382516 22.420022 22.42007 22.415585 22.411101 22.412946 22.430105 22.447264 22.464423 22.439243 22.395297 22.35135 22.311504 22.311504 22.371871 22.479267 22.608359 22.602525 22.616561 22.588639 22.604226 22.559841 22.565549 22.602315 22.599459 22.488488 22.434038 22.398005 22.360499 22.322993 22.290823 22.309264 22.327706 22.346148 22.346291 22.327824 22.309357 22.29089 22.296317 22.304512 22.312707 -9999 -9999 -9999 -9999 -9999 -9999 -9999 -9999
-9999 -9999 -9999 -9999 -9999 -9999 22.42007 22.415585 22.411101 22.412946 22.430105 22.447264 22.464423 22.439243 22.395297 22.35135 22.311504 22.311504 22.311504 22.311504 22.393568 22.54491 22.539448 22.47637 22.508549 22.531669 22.459113 22.440607 22.525946 22.52337 22.447281 22.398005 22.360499 22.322993 22.290823 22.309264 22.327706 22.346148 22.346291 22.327824 22.309357 22.29089 22.296317 22.304512 22.312707 -9999 -9999 -9999 -9999 -9999 -9999 -9999 -9999 -9999
-9999 -9999 -9999 -9999 -9999 -9999 -9999 22.411101 22.412946 22.430105 22.447264 22.464423 22.439243 22.395297 22.35135 22.311504 22.311504 22.311504 22.311504 22.333201 22.377147 22.481461 22.47637 22.45435 22.437191 22.459113 22.409248 22.413733 22.449576 22.447281 22.398005 22.360499 22.322993 22.290823 22.309264 22.327706 22.346148 22.346291 22.327824 22.309357 22.29089 22.296317 22.304512 22.312707 -9999 -9999 -9999 -9999 -9999 -9999 -9999 -9999 -9999 -9999
-9999 -9999 -9999 -9999 -9999 -9999 -9999 -9999 22.430105 22.447264 22.464423 22.439243 22.395297 22.35135 22.311504 22.311504 22.311504 22.311504 22.333201 22.377147 22.421094 22.46504 22.45435 22.437191 22.420032 22.409248 22.413733 22.418218 22.422702 22.398005 22.360499 22.322993 22.290823 22.309264 22.327706 22.346148 22.346291 22.327824 22.309357 22.29089 22.296317 22.304512 22.312707 -9999 -9999 -9999 -9999 -9999 -9999 -9999 -9999 -9999 -9999 -9999
-9999 -9999 -9999 -9999 -9999 -9999 -9999 -9999 -9999 22.464423 22.439243 22.395297 22.35135 22.311504 22.311504 22.311504 22.311504 22.333201 22.377147 22.421094 22.46504 22.45435 22.437191 22.420032 22.409248 22.413733 22.418218 22.422702 22.398005 22.360499 22.322993 22.290823 22.309264 22.327706 22.346148 22.346291 22.327824 22.309357 22.29089 22.296317 22.304512 22.312707 -9999 -9999 -9999 -9999 -9999 -9999 -9999 -9999 -9999 -9999 -9999 -9999
-9999 -9999 -9999 -9999 -9999 -9999 -9999 -9999 -9999 -9999 22.395297 22.35135 22.311504 22.311504 22.311504 22.311504 22.333201 22.377147 22.421094 22.46504 22.45435 22.437191 22.420032 22.409248 22.413733 22.418218 22.422702 22.398005 22.360499 22.322993 22.290823 22.309264 22.327706 22.346148 22.346291 22.327824 22.309357 22.29089 22.296317 22.304512 22.312707 -9999 -9999 -9999 -9999 -9999 -9999 -9999 -9999 -9999 -9999 -9999 -9999 -9999
-9999 -9999 -9999 -9999 -9999 -9999 -9999 -9999 -9999 -9999 -9999 22.311504 22.311504 22.311504 22.311504 22.333201 22.377147 22.421094 22.46504 22.45435 22.437191 22.420032 22.409248 22.413733 22.418218 22.422702 22.398005 22.360499 22.322993 22.290823 22.309264 22.327706 22.346148 22.346291 22.327824 22.309357 22.29089 22.296317 22.304512 22.312707 -9999 -9999 -9999 -9999 -9999 -9999 -9999 -9999 -9999 -9999 -9999 -9999 -9999 -9999
-9999 -9999 -9999 -9999 -9999 -9999 -9999 -9999 -9999 -9999 -9999 -9999 22.311504 22.311504 22.333201 22.377147 22.421094 22.46504 22.45435 22.437191 22.420032 22.409248 22.413733 22.418218 22.422702 22.398005 22.360499 22.322993 22.290823 22.309264 22.327706 22.346148 22.346291 22.327824 22.309357 22.29089 22.296317 22.304512 22.312707 -9999 -9999 -9999 -9999 -9999 -9999 -9999 -9999 -9999 -9999 -9999 -9999 -9999 -9999 -9999
-9999 -9999 -9999 -9999 -9999 -9999 -9999 -9999 -9999 -9999 -9999 -9999 -9999 22.333201 22.377147 22.421094 22.46504 22.45435 22.437191 22.420032 22.409248 22.413733 22.418218 22.422702 22.398005 22.360499 22.322993 22.290823 22.309264 22.327706 22.346148 22.346291 22.327824 22.309357 22.29089 22.296317 22.304512 22.312707 -9999 -9999 -9999 -9999 -9999 -9999 -9999 -9999 -9999 -9999 -9999 -9999 -9999 -9999 -9999 -9999
-9999 -9999 -9999 -9999 -9999 -9999 -9999 -9999 -9999 -9999 -9999 -9999 -9999 -9999 22.421094 22.46504 22.45435 22.437191 22.420032 22.409248 22.413733 22.418218 22.422702 22.398005 22.360499 22.322993 22.290823 22.309264 22.327706 22.346148 22.346291 22.327824 22.309357 22.29089 22.296317 22.304512 22.312707 -9999 -9999 -9999 -9999 -9999 -9999 -9999 -9999 -9999 -9999 -9999 -9999 -9999 -9999 -9999 -9999 -9999
