test/data/seminaire_final_coolparks/differents_cas/cas_0/Reference_scenar_cas0/2_Calculated_park_effects/Reference_weather/OUTPUT_T_45_0_12h.tif
NCOLS 137
NROWS 137
XLLCORNER 355585.11
YLLCORNER 6688994.6
CELLSIZE 11.935661
NODATA_VALUE -9999
[rows 58 to 86 of 137, columns 0 to 64 of 137]
-9999 -9999 -9999 -9999 -9999 -9999 -9999 -9999 -9999 -9999 -9999 -9999 -9999 -9999 -9999 -9999 -9999 -9999 -9999 -9999 -9999 -9999 -9999 -9999 37.16942 37.156921 37.144422 37.131922 37.119423 37.154561 37.237861 37.321161 37.404461 37.487761 37.569696 37.648212 37.726727 37.805243 37.883758 37.948434 37.837598 37.726761 37.615925 37.505088 37.394252 37.384075 37.390149 37.396223 37.402297 37.408371 37.383529 37.43516 37.476728 37.504178 37.526847 37.578424 37.707521 37.837044 37.965185 38.14478 38.251712 38.107978 37.964245 37.818139 37.674182
-9999 -9999 -9999 -9999 -9999 -9999 -9999 -9999 -9999 -9999 -9999 -9999 -9999 -9999 -9999 -9999 -9999 -9999 -9999 -9999 -9999 -9999 -9999 37.16942 37.156921 37.144422 37.131922 37.119423 37.154561 37.237861 37.321161 37.404461 37.487761 37.569696 37.648212 37.726727 37.805243 37.883758 37.948434 37.837598 37.726761 37.615925 37.505088 37.394252 37.384075 37.390149 37.396223 37.402297 37.408371 37.383529 37.34196 37.379594 37.443776 37.485345 37.587026 37.739148 37.862266 38.012926 38.14478 38.251712 38.107978 37.964245 37.820511 37.676778 37.534902
-9999 -9999 -9999 -9999 -9999 -9999 -9999 -9999 -9999 -9999 -9999 -9999 -9999 -9999 -9999 -9999 -9999 -9999 -9999 -9999 -9999 -9999 37.16942 37.156921 37.144422 37.131922 37.119423 37.154561 37.237861 37.321161 37.404461 37.487761 37.569696 37.648212 37.726727 37.805243 37.883758 37.948434 37.837598 37.726761 37.615925 37.505088 37.394252 37.384075 37.390149 37.396223 37.402297 37.408371 37.375355 37.330086 37.300391 37.303888 37.388211 37.512505 37.691687 37.870868 38.022991 38.165629 38.251712 38.107978 37.964245 37.820511 37.676778 37.534902 37.538089
-9999 -9999 -9999 -9999 -9999 -9999 -9999 -9999 -9999 -9999 -9999 -9999 -9999 -9999 -9999 -9999 -9999 -9999 -9999 -9999 -9999 37.16942 37.156921 37.144422 37.131922 37.119423 37.154561 37.237861 37.321161 37.404461 37.487761 37.569696 37.648212 37.726727 37.805243 37.883758 37.948434 37.837598 37.726761 37.615925 37.505088 37.394252 37.384075 37.390149 37.396223 37.402297 37.408371 37.375355 37.32119 37.267025 37.246947 37.228182 37.350802 37.55947 37.830855 37.99414 38.157425 38.251712 38.107978 37.964245 37.820511 37.676778 37.534902 37.538089 37.541277
-9999 -9999 -9999 -9999 -9999 -9999 -9999 -9999 -9999 -9999 -9999 -9999 -9999 -9999 -9999 -9999 -9999 -9999 -9999 -9999 37.16942 37.156921 37.144422 37.131922 37.119423 37.154561 37.237861 37.321161 37.404461 37.487761 37.569696 37.648212 37.726727 37.805243 37.883758 37.948434 37.837598 37.726761 37.615925 37.505088 37.394252 37.384075 37.390149 37.396223 37.402297 37.408371 37.375355 37.32119 37.267025 37.212859 37.18341 37.217032 37.362768 37.534762 37.88604 38.157425 38.251712 38.107978 37.964245 37.820511 37.676778 37.534902 37.538089 37.541277 37.544464
-9999 -9999 -9999 -9999 -9999 -9999 -9999 -9999 -9999 -9999 -9999 -9999 -9999 -9999 -9999 -9999 -9999 -9999 -9999 -9999 37.156921 37.144422 37.131922 37.119423 37.154561 37.237861 37.321161 37.404461 37.487761 37.569696 37.648212 37.726727 37.805243 37.883758 37.948434 37.837598 37.726761 37.615925 37.505088 37.394252 37.384075 37.390149 37.396223 37.402297 37.408371 37.375355 37.32119 37.267025 37.212859 37.158694 37.173094 37.275333 37.395069 37.546728 37.844949 38.165989 38.107978 37.964245 37.820511 37.676778 37.534902 37.538089 37.541277 37.544464 37.547651
-9999 -9999 -9999 -9999 -9999 -9999 -9999 -9999 -9999 -9999 -9999 -9999 -9999 -9999 -9999 -9999 -9999 -9999 -9999 -9999 -9999 37.131922 37.119423 37.154561 37.237861 37.321161 37.404461 37.487761 37.569696 37.648212 37.726727 37.805243 37.883758 37.948434 37.837598 37.726761 37.615925 37.505088 37.394252 37.384075 37.390149 37.396223 37.402297 37.408371 37.375355 37.32119 37.267025 37.212859 37.158694 37.163253 37.243524 37.333635 37.444657 37.579029 37.757237 37.91745 37.947998 37.820511 37.676778 37.534902 37.538089 37.541277 37.544464 37.547651 37.550838
-9999 -9999 -9999 -9999 -9999 -9999 -9999 -9999 -9999 -9999 -9999 -9999 -9999 -9999 -9999 -9999 -9999 -9999 -9999 -9999 -9999 -9999 37.154561 37.237861 37.321161 37.404461 37.487761 37.569696 37.648212 37.726727 37.805243 37.883758 37.948434 37.837598 37.726761 37.615925 37.505088 37.394252 37.384075 37.390149 37.396223 37.402297 37.408371 37.375355 37.32119 37.267025 37.212859 37.158694 37.163253 37.243524 37.323794 37.404065 37.494246 37.59247 37.572963 37.668911 37.773549 37.660531 37.534902 37.538089 37.541277 37.544464 37.547651 37.550838 37.544991
-9999 -9999 -9999 -9999 -9999 -9999 -9999 -9999 -9999 -9999 -9999 -9999 -9999 -9999 -9999 -9999 -9999 -9999 -9999 -9999 -9999 -9999 -9999 37.321161 37.404461 37.487761 37.569696 37.648212 37.726727 37.805243 37.883758 37.948434 37.837598 37.726761 37.615925 37.505088 37.394252 37.384075 37.390149 37.396223 37.402297 37.408371 37.375355 37.32119 37.267025 37.212859 37.158694 37.163253 37.243524 37.323794 37.404065 37.484335 37.53109 37.481211 37.454736 37.484637 37.580585 37.488163 37.538089 37.541277 37.544464 37.547651 37.550838 37.544991 37.536893
-9999 -9999 -9999 -9999 -9999 -9999 -9999 -9999 -9999 -9999 -9999 -9999 -9999 -9999 -9999 -9999 -9999 -9999 -9999 -9999 -9999 -9999 -9999 -9999 37.487761 37.569696 37.648212 37.726727 37.805243 37.883758 37.948434 37.837598 37.726761 37.615925 37.505088 37.394252 37.384075 37.390149 37.396223 37.402297 37.408371 37.375355 37.32119 37.267025 37.212859 37.158694 37.163253 37.243524 37.323794 37.404065 37.484335 37.53109 37.462223 37.393356 37.343478 37.354996 37.397292 37.478245 37.52976 37.544464 37.547651 37.550838 37.544991 37.536893 37.528795
-9999 -9999 -9999 -9999 -9999 -9999 -9999 -9999 -9999 -9999 -9999 -9999 -9999 -9999 -9999 -9999 -9999 -9999 -9999 -9999 -9999 -9999 -9999 -9999 -9999 37.648212 37.726727 37.805243 37.883758 37.948434 37.837598 37.726761 37.615925 37.505088 37.394252 37.384075 37.390149 37.396223 37.402297 37.408371 37.375355 37.32119 37.267025 37.212859 37.158694 37.163253 37.243524 37.323794 37.404065 37.484335 37.53109 37.462223 37.393356 37.324489 37.255622 37.226337 37.345269 37.45066 37.519843 37.547651 37.550838 37.544991 37.536893 37.528795 37.520697
-9999 -9999 -9999 -9999 -9999 -9999 -9999 -9999 -9999 -9999 -9999 -9999 -9999 -9999 -9999 -9999 -9999 -9999 -9999 -9999 -9999 -9999 -9999 -9999 -9999 -9999 37.805243 37.883758 37.948434 37.837598 37.726761 37.615925 37.505088 37.394252 37.384075 37.390149 37.396223 37.402297 37.408371 37.375355 37.32119 37.267025 37.212859 37.158694 37.163253 37.243524 37.323794 37.404065 37.484335 37.53109 37.462223 37.393356 37.324489 37.255622 37.187603 37.187521 37.293245 37.408053 37.492257 37.550838 37.544991 37.536893 37.528795 37.520697 37.512598
-9999 -9999 -9999 -9999 -9999 -9999 -9999 -9999 -9999 -9999 -9999 -9999 -9999 -9999 -9999 -9999 -9999 -9999 -9999 -9999 -9999 -9999 -9999 -9999 -9999 -9999 -9999 37.948434 37.837598 37.726761 37.615925 37.505088 37.394252 37.384075 37.390149 37.396223 37.402297 37.408371 37.375355 37.32119 37.267025 37.212859 37.158694 37.163253 37.243524 37.323794 37.404065 37.484335 37.53109 37.462223 37.393356 37.324489 37.255622 37.187603 37.185764 37.183924 37.254429 37.360153 37.44965 37.53659 37.536893 37.528795 37.520697 37.512598 37.522893
-9999 -9999 -9999 -9999 -9999 -9999 -9999 -9999 -9999 -9999 -9999 -9999 -9999 -9999 -9999 -9999 -9999 -9999 -9999 -9999 -9999 -9999 -9999 -9999 -9999 -9999 -9999 -9999 37.726761 37.615925 37.505088 37.394252 37.384075 37.390149 37.396223 37.402297 37.408371 37.375355 37.32119 37.267025 37.212859 37.158694 37.163253 37.243524 37.323794 37.404065 37.484335 37.53109 37.462223 37.393356 37.324489 37.255622 37.187603 37.185764 37.183924 37.182085 37.226328 37.321337 37.409779 37.4974 37.524986 37.520697 37.512598 37.522893 37.546051
-9999 -9999 -9999 -9999 -9999 -9999 -9999 -9999 -9999 -9999 -9999 -9999 -9999 -9999 -9999 -9999 -9999 -9999 -9999 -9999 -9999 -9999 -9999 -9999 -9999 -9999 -9999 -9999 -9999 37.505088 37.394252 37.384075 37.390149 37.396223 37.402297 37.408371 37.375355 37.32119 37.267025 37.212859 37.158694 37.163253 37.243524 37.323794 37.404065 37.484335 37.53109 37.462223 37.393356 37.324489 37.255622 37.187603 37.185764 37.183924 37.182085 37.180245 37.198227 37.286434 37.372325 37.458211 37.509841 37.50879 37.522893 37.546051 37.569209
-9999 -9999 -9999 -9999 -9999 -9999 -9999 -9999 -9999 -9999 -9999 -9999 -9999 -9999 -9999 -9999 -9999 -9999 -9999 -9999 -9999 -9999 -9999 -9999 -9999 -9999 -9999 -9999 -9999 -9999 37.384075 37.390149 37.396223 37.402297 37.408371 37.392471 37.32119 37.267025 37.212859 37.158694 37.163253 37.243524 37.323794 37.404065 37.484335 37.53109 37.462223 37.393356 37.324489 37.255622 37.187603 37.185764 37.183924 37.182085 37.180245 37.178406 37.174481 37.249837 37.336279 37.420757 37.494697 37.514416 37.546051 37.569209 37.592366
-9999 -9999 -9999 -9999 -9999 -9999 -9999 -9999 -9999 -9999 -9999 -9999 -9999 -9999 -9999 -9999 -9999 -9999 -9999 -9999 -9999 -9999 -9999 -9999 -9999 -9999 -9999 -9999 -9999 -9999 -9999 37.396223 37.402297 37.408371 37.392471 37.364682 37.29668 37.212859 37.158694 37.163253 37.243524 37.323794 37.404065 37.484335 37.53109 37.462223 37.393356 37.324489 37.255622 37.187603 37.185764 37.183924 37.182085 37.180245 37.178406 37.174481 37.170037 37.219031 37.299751 37.384711 37.463314 37.534567 37.568812 37.592366 37.615524
-9999 -9999 -9999 -9999 -9999 -9999 -9999 -9999 -9999 -9999 -9999 -9999 -9999 -9999 -9999 -9999 -9999 -9999 -9999 -9999 -9999 -9999 -9999 -9999 -9999 -9999 -9999 -9999 -9999 -9999 -9999 -9999 37.408371 37.392471 37.364682 37.336893 37.288517 37.188349 37.163253 37.243524 37.323794 37.404065 37.484335 37.53109 37.462223 37.393356 37.324489 37.255622 37.187603 37.185764 37.183924 37.182085 37.180245 37.178406 37.174481 37.170037 37.165592 37.192709 37.268945 37.342791 37.417285 37.512856 37.588963 37.615524 37.669766
-9999 -9999 -9999 -9999 -9999 -9999 -9999 -9999 -9999 -9999 -9999 -9999 -9999 -9999 -9999 -9999 -9999 -9999 -9999 -9999 -9999 -9999 -9999 -9999 -9999 -9999 -9999 -9999 -9999 -9999 -9999 -9999 -9999 37.364682 37.336893 37.309105 37.280355 37.22739 37.243524 37.323794 37.404065 37.484335 37.53109 37.462223 37.393356 37.324489 37.255622 37.187603 37.185764 37.183924 37.182085 37.180245 37.178406 37.174481 37.170037 37.165592 37.161148 37.166386 37.224562 37.282196 37.371256 37.45718 37.567252 37.669766 37.775512
-9999 -9999 -9999 -9999 -9999 -9999 -9999 -9999 -9999 -9999 -9999 -9999 -9999 -9999 -9999 -9999 -9999 -9999 -9999 -9999 -9999 -9999 -9999 -9999 -9999 -9999 -9999 -9999 -9999 -9999 -9999 -9999 -9999 -9999 37.309105 37.281316 37.30166 37.327287 37.335178 37.404065 37.484335 37.53109 37.462223 37.393356 37.324489 37.255622 37.187603 37.185764 37.183924 37.182085 37.180245 37.178406 37.174481 37.170037 37.165592 37.161148 37.156703 37.1515 37.167549 37.213094 37.310661 37.401503 37.48995 37.598807 37.881258
-9999 -9999 -9999 -9999 -9999 -9999 -9999 -9999 -9999 -9999 -9999 -9999 -9999 -9999 -9999 -9999 -9999 -9999 -9999 -9999 -9999 -9999 -9999 -9999 -9999 -9999 -9999 -9999 -9999 -9999 -9999 -9999 -9999 -9999 -9999 37.30166 37.38406 37.429621 37.435075 37.484335 37.53109 37.462223 37.393356 37.324489 37.255622 37.187603 37.185764 37.183924 37.182085 37.180245 37.178406 37.174481 37.170037 37.165592 37.161148 37.156703 37.1515 37.145766 37.140032 37.156081 37.238791 37.340963 37.376818 37.429434 37.810299
-9999 -9999 -9999 -9999 -9999 -9999 -9999 -9999 -9999 -9999 -9999 -9999 -9999 -9999 -9999 -9999 -9999 -9999 -9999 -9999 -9999 -9999 -9999 -9999 -9999 -9999 -9999 -9999 -9999 -9999 -9999 -9999 -9999 -9999 -9999 -9999 37.466461 37.533232 37.537409 37.53109 37.462223 37.393356 37.324489 37.255622 37.187603 37.185764 37.183924 37.182085 37.180245 37.178406 37.174481 37.170037 37.165592 37.161148 37.156703 37.1515 37.145766 37.140032 37.134298 37.128563 37.168756 37.27397 37.310397 37.316302 37.595967
-9999 -9999 -9999 -9999 -9999 -9999 -9999 -9999 -9999 -9999 -9999 -9999 -9999 -9999 -9999 -9999 -9999 -9999 -9999 -9999 -9999 -9999 -9999 -9999 -9999 -9999 -9999 -9999 -9999 -9999 -9999 -9999 -9999 -9999 -9999 -9999 -9999 37.631261 37.616943 37.512731 37.393356 37.324489 37.255622 37.187603 37.185764 37.183924 37.182085 37.180245 37.178406 37.174481 37.170037 37.165592 37.161148 37.156703 37.1515 37.145766 37.140032 37.134298 37.128563 37.13218 37.151291 37.206977 37.280139 37.249881 37.368593
-9999 -9999 -9999 -9999 -9999 -9999 -9999 -9999 -9999 -9999 -9999 -9999 -9999 -9999 -9999 -9999 -9999 -9999 -9999 -9999 -9999 -9999 -9999 -9999 -9999 -9999 -9999 -9999 -9999 -9999 -9999 -9999 -9999 -9999 -9999 -9999 -9999 -9999 37.613419 37.510461 37.374997 37.255622 37.187603 37.185764 37.183924 37.182085 37.180245 37.178406 37.174481 37.170037 37.165592 37.161148 37.156703 37.1515 37.145766 37.140032 37.134298 37.128563 37.13218 37.151291 37.170402 37.189512 37.245199 37.228924 37.255282
-9999 -9999 -9999 -9999 -9999 -9999 -9999 -9999 -9999 -9999 -9999 -9999 -9999 -9999 -9999 -9999 -9999 -9999 -9999 -9999 -9999 -9999 -9999 -9999 -9999 -9999 -9999 -9999 -9999 -9999 -9999 -9999 -9999 -9999 -9999 -9999 -9999 -9999 -9999 37.506937 37.3831 37.237553 37.185764 37.183924 37.182085 37.180245 37.178406 37.174481 37.170037 37.165592 37.161148 37.156703 37.1515 37.145766 37.140032 37.134298 37.128563 37.13218 37.151291 37.170402 37.189512 37.208623 37.228924 37.255282 37.28164
-9999 -9999 -9999 -9999 -9999 -9999 -9999 -9999 -9999 -9999 -9999 -9999 -9999 -9999 -9999 -9999 -9999 -9999 -9999 -9999 -9999 -9999 -9999 -9999 -9999 -9999 -9999 -9999 -9999 -9999 -9999 -9999 -9999 -9999 -9999 -9999 -9999 -9999 -9999 -9999 37.391492 37.268552 37.183924 37.182085 37.180245 37.178406 37.174481 37.170037 37.165592 37.161148 37.156703 37.1515 37.145766 37.140032 37.134298 37.128563 37.13218 37.151291 37.170402 37.189512 37.208623 37.228924 37.255282 37.28164 37.307998
-9999 -9999 -9999 -9999 -9999 -9999 -9999 -9999 -9999 -9999 -9999 -9999 -9999 -9999 -9999 -9999 -9999 -9999 -9999 -9999 -9999 -9999 -9999 -9999 -9999 -9999 -9999 -9999 -9999 -9999 -9999 -9999 -9999 -9999 -9999 -9999 -9999 -9999 -9999 -9999 -9999 37.29955 37.182085 37.180245 37.178406 37.174481 37.170037 37.165592 37.161148 37.156703 37.1515 37.145766 37.140032 37.134298 37.128563 37.13218 37.151291 37.170402 37.189512 37.208623 37.228924 37.255282 37.28164 37.307998 37.334356
-9999 -9999 -9999 -9999 -9999 -9999 -9999 -9999 -9999 -9999 -9999 -9999 -9999 -9999 -9999 -9999 -9999 -9999 -9999 -9999 -9999 -9999 -9999 -9999 -9999 -9999 -9999 -9999 -9999 -9999 -9999 -9999 -9999 -9999 -9999 -9999 -9999 -9999 -9999 -9999 -9999 -9999 37.207608 37.178406 37.174481 37.170037 37.165592 37.161148 37.156703 37.1515 37.145766 37.140032 37.134298 37.128563 37.13218 37.151291 37.170402 37.189512 37.208623 37.228924 37.255282 37.28164 37.307998 37.334356 37.360714
-9999 -9999 -9999 -9999 -9999 -9999 -9999 -9999 -9999 -9999 -9999 -9999 -9999 -9999 -9999 -9999 -9999 -9999 -9999 -9999 -9999 -9999 -9999 -9999 -9999 -9999 -9999 -9999 -9999 -9999 -9999 -9999 -9999 -9999 -9999 -9999 -9999 -9999 -9999 -9999 -9999 -9999 -9999 37.174481 37.170037 37.165592 37.161148 37.156703 37.1515 37.145766 37.140032 37.134298 37.128563 37.13218 37.151291 37.170402 37.189512 37.208623 37.228924 37.255282 37.28164 37.307998 37.334356 37.360714 37.38048
