test/data/seminaire_final_coolparks/differents_cas/cas_0/Reference_scenar_cas0/2_Calculated_park_effects/Reference_weather/OUTPUT_T_45_0_12h.tif
NCOLS 137
NROWS 137
XLLCORNER 355585.11
YLLCORNER 6688994.6
CELLSIZE 11.935661
NODATA_VALUE -9999
[rows 58 to 86 of 137, columns 65 to 129 of 137]
37.534902 37.53264 37.525524 37.520279 37.509555 37.500778 37.482447 37.47573 37.471403 37.465799 37.463274 37.510149 37.589804 37.66946 37.749115 37.828771 37.921007 38.034087 38.147168 38.260249 38.373329 38.46583 38.453644 38.441458 38.429273 38.417087 38.404901 38.276855 38.142994 38.009132 37.87527 37.741409 37.80715 37.94298 38.07881 38.21464 38.35047 -9999 -9999 -9999 -9999 -9999 -9999 -9999 -9999 -9999 -9999 -9999 -9999 -9999 -9999 -9999 -9999 -9999 -9999 -9999 -9999 -9999 -9999 -9999 -9999 -9999 -9999 -9999 -9999
37.538089 37.541277 37.539014 37.53314 37.528346 37.512164 37.491174 37.478519 37.471802 37.467475 37.51118 37.589804 37.66946 37.749115 37.828771 37.921007 38.034087 38.147168 38.260249 38.373329 38.46583 38.453644 38.441458 38.429273 38.417087 38.404901 38.276855 38.142994 38.009132 37.87527 37.741409 37.80715 37.94298 38.07881 38.21464 38.35047 38.297339 38.075307 -9999 -9999 -9999 -9999 -9999 -9999 -9999 -9999 -9999 -9999 -9999 -9999 -9999 -9999 -9999 -9999 -9999 -9999 -9999 -9999 -9999 -9999 -9999 -9999 -9999 -9999 -9999
37.541277 37.544464 37.547651 37.546 37.533101 37.518182 37.499982 37.484255 37.474591 37.515904 37.593197 37.67049 37.749115 37.828771 37.921007 38.034087 38.147168 38.260249 38.373329 38.46583 38.453644 38.441458 38.429273 38.417087 38.404901 38.276855 38.142994 38.009132 37.87527 37.741409 37.80715 37.94298 38.07881 38.21464 38.35047 38.297339 38.075307 37.853275 37.631242 -9999 -9999 -9999 -9999 -9999 -9999 -9999 -9999 -9999 -9999 -9999 -9999 -9999 -9999 -9999 -9999 -9999 -9999 -9999 -9999 -9999 -9999 -9999 -9999 -9999 -9999
37.544464 37.547651 37.550838 37.544991 37.534075 37.520649 37.505999 37.489991 37.513234 37.579142 37.673013 37.751314 37.829615 37.921007 38.034087 38.147168 38.260249 38.373329 38.46583 38.453644 38.441458 38.429273 38.417087 38.404901 38.276855 38.142994 38.009132 37.87527 37.741409 37.80715 37.94298 38.07881 38.21464 38.35047 38.297339 38.075307 37.853275 37.631242 37.40921 37.261892 -9999 -9999 -9999 -9999 -9999 -9999 -9999 -9999 -9999 -9999 -9999 -9999 -9999 -9999 -9999 -9999 -9999 -9999 -9999 -9999 -9999 -9999 -9999 -9999 -9999
37.547651 37.550838 37.544991 37.536893 37.528795 37.517879 37.504453 37.51186 37.574889 37.622681 37.735744 37.829615 37.921007 38.034087 38.147168 38.260249 38.373329 38.46583 38.453644 38.441458 38.429273 38.417087 38.404901 38.276855 38.142994 38.009132 37.87527 37.741409 37.80715 37.94298 38.07881 38.21464 38.35047 38.297339 38.075307 37.853275 37.631242 37.40921 37.261892 37.276342 37.290792 -9999 -9999 -9999 -9999 -9999 -9999 -9999 -9999 -9999 -9999 -9999 -9999 -9999 -9999 -9999 -9999 -9999 -9999 -9999 -9999 -9999 -9999 -9999 -9999
37.550838 37.544991 37.536893 37.528795 37.520697 37.512598 37.522515 37.54449 37.614095 37.682799 37.779283 37.912509 38.034087 38.147168 38.260249 38.373329 38.46583 38.453644 38.441458 38.429273 38.417087 38.404901 38.276855 38.142994 38.009132 37.87527 37.741409 37.80715 37.94298 38.07881 38.21464 38.35047 38.297339 38.075307 37.853275 37.631242 37.40921 37.261892 37.276342 37.290792 37.305243 37.319693 -9999 -9999 -9999 -9999 -9999 -9999 -9999 -9999 -9999 -9999 -9999 -9999 -9999 -9999 -9999 -9999 -9999 -9999 -9999 -9999 -9999 -9999 -9999
37.544991 37.536893 37.528795 37.520697 37.512598 37.522893 37.54923 37.57712 37.626893 37.722005 37.842986 38.00962 38.146278 38.260249 38.373329 38.46583 38.453644 38.441458 38.429273 38.417087 38.404901 38.276855 38.142994 38.009132 37.87527 37.741409 37.80715 37.94298 38.07881 38.21464 38.35047 38.297339 38.075307 37.853275 37.631242 37.40921 37.261892 37.276342 37.290792 37.305243 37.319693 37.332565 37.331814 -9999 -9999 -9999 -9999 -9999 -9999 -9999 -9999 -9999 -9999 -9999 -9999 -9999 -9999 -9999 -9999 -9999 -9999 -9999 -9999 -9999 -9999
37.536893 37.528795 37.520697 37.512598 37.522893 37.546051 37.569303 37.603835 37.639692 37.76413 37.937159 38.106731 38.257372 38.372439 38.46583 38.453644 38.441458 38.429273 38.417087 38.404901 38.276855 38.142994 38.009132 37.87527 37.741409 37.80715 37.94298 38.07881 38.21464 38.35047 38.297339 38.075307 37.853275 37.631242 37.40921 37.261892 37.276342 37.290792 37.305243 37.319693 37.332565 37.331814 37.331062 37.330311 -9999 -9999 -9999 -9999 -9999 -9999 -9999 -9999 -9999 -9999 -9999 -9999 -9999 -9999 -9999 -9999 -9999 -9999 -9999 -9999 -9999
37.528795 37.520697 37.512598 37.522893 37.546051 37.569209 37.592366 37.623909 37.701444 37.861035 38.027874 38.200903 38.368465 38.46314 38.453644 38.441458 38.429273 38.417087 38.404901 38.276855 38.142994 38.009132 37.87527 37.741409 37.80715 37.94298 38.07881 38.21464 38.35047 38.297339 38.075307 37.853275 37.631242 37.40921 37.261892 37.276342 37.290792 37.305243 37.319693 37.332565 37.331814 37.331062 37.330311 37.32956 37.328808 -9999 -9999 -9999 -9999 -9999 -9999 -9999 -9999 -9999 -9999 -9999 -9999 -9999 -9999 -9999 -9999 -9999 -9999 -9999 -9999
37.520697 37.512598 37.522893 37.546051 37.569209 37.592366 37.615524 37.686985 37.835771 37.990701 38.152052 38.314934 38.453013 38.450106 38.441047 38.429273 38.417087 38.404901 38.276855 38.142994 38.009132 37.87527 37.741409 37.80715 37.94298 38.07881 38.21464 38.35047 38.297339 38.075307 37.853275 37.631242 37.40921 37.261892 37.276342 37.290792 37.305243 37.319693 37.332565 37.331814 37.331062 37.330311 37.32956 37.328808 37.351747 37.377562 -9999 -9999 -9999 -9999 -9999 -9999 -9999 -9999 -9999 -9999 -9999 -9999 -9999 -9999 -9999 -9999 -9999 -9999 -9999
37.512598 37.522893 37.546051 37.569209 37.592366 37.615524 37.683245 37.824801 37.970098 38.122088 38.281718 38.418265 38.430177 38.434478 38.428014 38.417087 38.404901 38.276855 38.142994 38.009132 37.87527 37.741409 37.80715 37.94298 38.07881 38.21464 38.35047 38.297339 38.075307 37.853275 37.631242 37.40921 37.261892 37.276342 37.290792 37.305243 37.319693 37.332565 37.331814 37.331062 37.330311 37.32956 37.328808 37.351747 37.377562 37.403376 37.42919 -9999 -9999 -9999 -9999 -9999 -9999 -9999 -9999 -9999 -9999 -9999 -9999 -9999 -9999 -9999 -9999 -9999 -9999
37.522893 37.546051 37.569209 37.592366 37.615524 37.683245 37.824801 37.966358 38.107915 38.253474 38.387423 38.392569 38.40734 38.415796 38.412385 38.404901 38.276855 38.142994 38.009132 37.87527 37.741409 37.80715 37.94298 38.07881 38.21464 38.35047 38.297339 38.075307 37.853275 37.631242 37.40921 37.261892 37.276342 37.290792 37.305243 37.319693 37.332565 37.331814 37.331062 37.330311 37.32956 37.328808 37.351747 37.377562 37.403376 37.42919 37.455005 37.458042 -9999 -9999 -9999 -9999 -9999 -9999 -9999 -9999 -9999 -9999 -9999 -9999 -9999 -9999 -9999 -9999 -9999
37.546051 37.569209 37.592366 37.615524 37.683245 37.824801 37.966358 38.107915 38.249471 38.365995 38.362492 38.365806 38.381643 38.396415 38.393703 38.276855 38.142994 38.009132 37.87527 37.741409 37.80715 37.94298 38.07881 38.21464 38.35047 38.297339 38.075307 37.853275 37.631242 37.40921 37.261892 37.276342 37.290792 37.305243 37.319693 37.332565 37.331814 37.331062 37.330311 37.32956 37.328808 37.351747 37.377562 37.403376 37.42919 37.455005 37.458042 37.450345 37.442647 -9999 -9999 -9999 -9999 -9999 -9999 -9999 -9999 -9999 -9999 -9999 -9999 -9999 -9999 -9999 -9999
37.569209 37.592366 37.615524 37.683245 37.824801 37.966358 38.107915 38.249471 38.365995 38.355186 38.344378 38.340875 38.352735 38.370718 38.262245 38.140396 38.009132 37.87527 37.741409 37.80715 37.94298 38.07881 38.21464 38.35047 38.297339 38.075307 37.853275 37.631242 37.40921 37.261892 37.276342 37.290792 37.305243 37.319693 37.332565 37.331814 37.331062 37.330311 37.32956 37.328808 37.351747 37.377562 37.403376 37.42919 37.455005 37.458042 37.450345 37.442647 37.434949 37.427252 -9999 -9999 -9999 -9999 -9999 -9999 -9999 -9999 -9999 -9999 -9999 -9999 -9999 -9999 -9999
37.592366 37.615524 37.683245 37.824801 37.966358 38.107915 38.249471 38.364596 38.34527 38.333457 38.328986 38.32276 38.323826 38.226851 38.120384 38.003277 37.87527 37.741409 37.80715 37.94298 38.07881 38.21464 38.35047 38.297339 38.075307 37.853275 37.631242 37.40921 37.261892 37.276342 37.290792 37.305243 37.319693 37.332565 37.331814 37.331062 37.330311 37.32956 37.328808 37.351747 37.377562 37.403376 37.42919 37.455005 37.458042 37.450345 37.442647 37.434949 37.427252 37.415468 37.399032 -9999 -9999 -9999 -9999 -9999 -9999 -9999 -9999 -9999 -9999 -9999 -9999 -9999 -9999
37.615524 37.683245 37.824801 37.966358 38.107915 38.249471 38.364596 38.34527 38.325944 38.306618 38.294805 38.290334 38.184106 38.077214 37.973197 37.861416 37.741409 37.80715 37.94298 38.07881 38.21464 38.35047 38.297339 38.075307 37.853275 37.631242 37.40921 37.261892 37.276342 37.290792 37.305243 37.319693 37.332565 37.331814 37.331062 37.330311 37.32956 37.328808 37.351747 37.377562 37.403376 37.42919 37.455005 37.458042 37.450345 37.442647 37.434949 37.427252 37.415468 37.399032 37.382596 37.36616 -9999 -9999 -9999 -9999 -9999 -9999 -9999 -9999 -9999 -9999 -9999 -9999 -9999
37.683245 37.824801 37.966358 38.107915 38.249471 38.364596 38.34527 38.325944 38.306618 38.287292 38.267966 38.152761 38.04306 37.931724 37.824833 37.714229 37.806323 37.94298 38.07881 38.21464 38.35047 38.297339 38.075307 37.853275 37.631242 37.40921 37.261892 37.276342 37.290792 37.305243 37.319693 37.332565 37.331814 37.331062 37.330311 37.32956 37.328808 37.351747 37.377562 37.403376 37.42919 37.455005 37.458042 37.450345 37.442647 37.434949 37.427252 37.415468 37.399032 37.382596 37.36616 37.349724 -9999 -9999 -9999 -9999 -9999 -9999 -9999 -9999 -9999 -9999 -9999 -9999 -9999
37.824801 37.966358 38.107915 38.249471 38.364596 38.34527 38.325944 38.306618 38.287292 38.267966 38.105084 37.957401 37.853685 37.759721 37.665757 37.770917 37.9346 38.07881 38.21464 38.35047 38.297339 38.075307 37.853275 37.631242 37.40921 37.261892 37.276342 37.290792 37.305243 37.319693 37.332565 37.331814 37.331062 37.330311 37.32956 37.328808 37.351747 37.377562 37.403376 37.42919 37.455005 37.458042 37.450345 37.442647 37.434949 37.427252 37.415468 37.399032 37.382596 37.36616 37.349724 -9999 -9999 -9999 -9999 -9999 -9999 -9999 -9999 -9999 -9999 -9999 -9999 -9999 -9999
37.9326 38.107915 38.249471 38.364596 38.34527 38.325944 38.306618 38.287292 38.267966 38.105084 37.934997 37.772023 37.658326 37.55461 37.679363 37.880917 38.062878 38.21464 38.35047 38.297339 38.075307 37.853275 37.631242 37.40921 37.261892 37.276342 37.290792 37.305243 37.319693 37.332565 37.331814 37.331062 37.330311 37.32956 37.328808 37.351747 37.377562 37.403376 37.42919 37.455005 37.458042 37.450345 37.442647 37.434949 37.427252 37.415468 37.399032 37.382596 37.36616 37.349724 -9999 -9999 -9999 -9999 -9999 -9999 -9999 -9999 -9999 -9999 -9999 -9999 -9999 -9999 -9999
38.011699 38.215713 38.364596 38.34527 38.325944 38.306618 38.287292 38.267966 38.105084 37.934997 37.764909 37.594821 37.472947 37.587958 37.789112 37.973891 38.172877 38.35047 38.297339 38.075307 37.853275 37.631242 37.40921 37.261892 37.276342 37.290792 37.305243 37.319693 37.332565 37.331814 37.331062 37.330311 37.32956 37.328808 37.351747 37.377562 37.403376 37.42919 37.455005 37.458042 37.450345 37.442647 37.434949 37.427252 37.415468 37.399032 37.382596 37.36616 37.349724 -9999 -9999 -9999 -9999 -9999 -9999 -9999 -9999 -9999 -9999 -9999 -9999 -9999 -9999 -9999 -9999
38.092749 38.249417 38.202702 38.325944 38.306618 38.287292 38.267966 38.105084 37.934997 37.764909 37.594821 37.424733 37.516275 37.711595 37.923904 38.12616 38.310939 38.289494 38.075307 37.853275 37.631242 37.40921 37.261892 37.276342 37.290792 37.305243 37.319693 37.332565 37.331814 37.331062 37.330311 37.32956 37.328808 37.351747 37.377562 37.403376 37.42919 37.455005 37.458042 37.450345 37.442647 37.434949 37.427252 37.415468 37.399032 37.382596 37.36616 37.349724 -9999 -9999 -9999 -9999 -9999 -9999 -9999 -9999 -9999 -9999 -9999 -9999 -9999 -9999 -9999 -9999 -9999
38.008747 38.052207 37.979913 38.16405 38.287292 38.267966 38.11437 37.934997 37.764909 37.594821 37.424733 37.449088 37.599072 37.835231 38.040809 38.260951 38.256984 38.051206 37.845429 37.631242 37.40921 37.261892 37.276342 37.290792 37.305243 37.319693 37.332565 37.331814 37.331062 37.330311 37.32956 37.328808 37.351747 37.377562 37.403376 37.42919 37.455005 37.458042 37.450345 37.442647 37.434949 37.427252 37.415468 37.399032 37.382596 37.36616 37.349724 -9999 -9999 -9999 -9999 -9999 -9999 -9999 -9999 -9999 -9999 -9999 -9999 -9999 -9999 -9999 -9999 -9999 -9999
37.715028 37.8679 37.782703 37.880953 38.125398 38.114669 37.954647 37.774195 37.594821 37.424733 37.449088 37.541719 37.641964 37.918028 38.157715 38.192182 38.040971 37.828259 37.615547 37.402835 37.261892 37.276342 37.290792 37.305243 37.319693 37.332565 37.331814 37.331062 37.330311 37.32956 37.328808 37.351747 37.377562 37.403376 37.42919 37.455005 37.458042 37.450345 37.442647 37.434949 37.427252 37.415468 37.399032 37.382596 37.36616 37.349724 -9999 -9999 -9999 -9999 -9999 -9999 -9999 -9999 -9999 -9999 -9999 -9999 -9999 -9999 -9999 -9999 -9999 -9999 -9999
37.421309 37.694061 37.598396 37.597856 37.70833 37.81208 37.794626 37.621663 37.434019 37.449088 37.541719 37.634351 37.726982 37.96092 38.091382 37.957447 37.82595 37.615547 37.402835 37.261892 37.276342 37.290792 37.305243 37.319693 37.332565 37.331814 37.331062 37.330311 37.32956 37.328808 37.351747 37.377562 37.403376 37.42919 37.455005 37.458042 37.450345 37.442647 37.434949 37.427252 37.415468 37.399032 37.382596 37.36616 37.349724 -9999 -9999 -9999 -9999 -9999 -9999 -9999 -9999 -9999 -9999 -9999 -9999 -9999 -9999 -9999 -9999 -9999 -9999 -9999 -9999
37.307998 37.474024 37.424557 37.47571 37.468435 37.455327 37.492036 37.469131 37.398848 37.378006 37.453852 37.616489 37.779126 37.858209 37.858526 37.748821 37.591216 37.402835 37.261892 37.276342 37.290792 37.305243 37.319693 37.332565 37.331814 37.331062 37.330311 37.32956 37.328808 37.351747 37.377562 37.403376 37.42919 37.455005 37.458042 37.450345 37.442647 37.434949 37.427252 37.415468 37.399032 37.382596 37.36616 37.349724 -9999 -9999 -9999 -9999 -9999 -9999 -9999 -9999 -9999 -9999 -9999 -9999 -9999 -9999 -9999 -9999 -9999 -9999 -9999 -9999 -9999
37.334356 37.360714 37.397536 37.456059 37.469998 37.462484 37.449377 37.429948 37.404888 37.376555 37.375105 37.450951 37.552961 37.600779 37.62567 37.565705 37.382589 37.261892 37.276342 37.290792 37.305243 37.319693 37.332565 37.331814 37.331062 37.330311 37.32956 37.328808 37.351747 37.377562 37.403376 37.42919 37.455005 37.458042 37.450345 37.442647 37.434949 37.427252 37.415468 37.399032 37.382596 37.36616 37.349724 -9999 -9999 -9999 -9999 -9999 -9999 -9999 -9999 -9999 -9999 -9999 -9999 -9999 -9999 -9999 -9999 -9999 -9999 -9999 -9999 -9999 -9999
37.360714 37.38048 37.399916 37.436407 37.467023 37.464047 37.450212 37.428563 37.406914 37.381854 37.373654 37.361254 37.339066 37.320422 37.36824 37.382589 37.261892 37.276342 37.290792 37.305243 37.319693 37.332565 37.331814 37.331062 37.330311 37.32956 37.328808 37.351747 37.377562 37.403376 37.42919 37.455005 37.458042 37.450345 37.442647 37.434949 37.427252 37.415468 37.399032 37.382596 37.36616 37.349724 -9999 -9999 -9999 -9999 -9999 -9999 -9999 -9999 -9999 -9999 -9999 -9999 -9999 -9999 -9999 -9999 -9999 -9999 -9999 -9999 -9999 -9999 -9999
37.38048 37.399916 37.419352 37.438787 37.464047 37.450451 37.433125 37.415799 37.398473 37.381147 37.361254 37.339066 37.316879 37.294691 37.272504 37.261892 37.276342 37.290792 37.305243 37.319693 37.332565 37.331814 37.331062 37.330311 37.32956 37.328808 37.351747 37.377562 37.403376 37.42919 37.455005 37.458042 37.450345 37.442647 37.434949 37.427252 37.415468 37.399032 37.382596 37.36616 37.349724 -9999 -9999 -9999 -9999 -9999 -9999 -9999 -9999 -9999 -9999 -9999 -9999 -9999 -9999 -9999 -9999 -9999 -9999 -9999 -9999 -9999 -9999 -9999 -9999
37.399916 37.419352 37.438787 37.458223 37.450451 37.433125 37.415799 37.398473 37.381147 37.361254 37.339066 37.316879 37.294691 37.272504 37.261892 37.276342 37.290792 37.305243 37.319693 37.332565 37.331814 37.331062 37.330311 37.32956 37.328808 37.351747 37.377562 37.403376 37.42919 37.455005 37.458042 37.450345 37.442647 37.434949 37.427252 37.415468 37.399032 37.382596 37.36616 37.349724 -9999 -9999 -9999 -9999 -9999 -9999 -9999 -9999 -9999 -9999 -9999 -9999 -9999 -9999 -9999 -9999 -9999 -9999 -9999 -9999 -9999 -9999 -9999 -9999 -9999
