test/data/morpho1_16m_newpark/processor_outputs/default/OUTPUT_T_225_0_12h.tif
NCOLS 56
NROWS 56
XLLCORNER 354569.37
YLLCORNER 6687410.4
CELLSIZE 19.84375
NODATA_VALUE -9999
[rows 0 to 37 of 56, columns 0 to 55 of 56]
-9999 -9999 -9999 -9999 -9999 -9999 -9999 -9999 -9999 -9999 -9999 -9999 -9999 -9999 -9999 -9999 -9999 -9999 -9999 -9999 -9999 -9999 -9999 -9999 -9999 -9999 -9999 -9999 -9999 -9999 -9999 -9999 -9999 -9999 -9999 -9999 -9999 -9999 -9999 -9999 -9999 -9999 -9999 -9999 -9999 -9999 -9999 -9999 -9999 -9999 -9999 -9999 -9999 -9999 -9999 -9999
-9999 -9999 -9999 -9999 -9999 -9999 -9999 -9999 -9999 -9999 -9999 -9999 -9999 -9999 -9999 -9999 -9999 -9999 -9999 -9999 -9999 -9999 -9999 -9999 -9999 -9999 -9999 -9999 -9999 -9999 -9999 -9999 -9999 -9999 -9999 -9999 -9999 -9999 -9999 -9999 -9999 -9999 -9999 -9999 -9999 -9999 -9999 -9999 -9999 -9999 -9999 -9999 -9999 -9999 -9999 -9999
-9999 -9999 -9999 -9999 -9999 -9999 -9999 -9999 -9999 -9999 -9999 -9999 -9999 -9999 -9999 -9999 -9999 -9999 -9999 -9999 -9999 -9999 -9999 -9999 -9999 22.921185 22.914156 -9999 -9999 -9999 -9999 -9999 -9999 -9999 -9999 -9999 -9999 -9999 -9999 -9999 -9999 -9999 -9999 -9999 -9999 -9999 -9999 -9999 -9999 -9999 -9999 -9999 -9999 -9999 -9999 -9999
-9999 -9999 -9999 -9999 -9999 -9999 -9999 -9999 -9999 -9999 -9999 -9999 -9999 -9999 -9999 -9999 -9999 -9999 -9999 -9999 -9999 -9999 -9999 -9999 22.921185 22.939807 22.928513 22.945143 -9999 -9999 -9999 -9999 -9999 -9999 -9999 -9999 -9999 -9999 -9999 -9999 -9999 -9999 -9999 -9999 -9999 -9999 -9999 -9999 -9999 -9999 -9999 -9999 -9999 -9999 -9999 -9999
-9999 -9999 -9999 -9999 -9999 -9999 -9999 -9999 -9999 -9999 -9999 -9999 -9999 -9999 -9999 -9999 -9999 -9999 -9999 -9999 -9999 -9999 -9999 22.921185 22.939807 22.958429 22.942871 22.956546 22.917589 -9999 -9999 -9999 -9999 -9999 -9999 -9999 -9999 -9999 -9999 -9999 -9999 -9999 -9999 -9999 -9999 -9999 -9999 -9999 -9999 -9999 -9999 -9999 -9999 -9999 -9999 -9999
-9999 -9999 -9999 -9999 -9999 -9999 -9999 -9999 -9999 -9999 -9999 -9999 -9999 -9999 -9999 -9999 -9999 -9999 -9999 -9999 -9999 -9999 22.921185 22.939807 22.958429 22.977051 22.957228 22.927414 22.968315 22.917589 -9999 -9999 -9999 -9999 -9999 -9999 -9999 -9999 -9999 -9999 -9999 -9999 -9999 -9999 -9999 -9999 -9999 -9999 -9999 -9999 -9999 -9999 -9999 -9999 -9999 -9999
-9999 -9999 -9999 -9999 -9999 -9999 -9999 -9999 -9999 -9999 -9999 -9999 -9999 -9999 -9999 -9999 -9999 -9999 -9999 -9999 -9999 22.921185 22.939807 22.958429 22.977051 22.96285 22.944254 22.920035 23.003057 22.986751 22.917589 -9999 -9999 -9999 -9999 -9999 -9999 -9999 -9999 -9999 -9999 -9999 -9999 -9999 -9999 -9999 -9999 -9999 -9999 -9999 -9999 -9999 -9999 -9999 -9999 -9999
-9999 -9999 -9999 -9999 -9999 -9999 -9999 -9999 -9999 -9999 -9999 -9999 -9999 -9999 -9999 -9999 -9999 -9999 -9999 -9999 22.921185 22.939807 22.958429 22.977051 22.96285 22.944254 22.925657 22.924681 22.973926 23.000271 22.923178 22.917589 -9999 -9999 -9999 -9999 -9999 -9999 -9999 -9999 -9999 -9999 -9999 -9999 -9999 -9999 -9999 -9999 -9999 -9999 -9999 -9999 -9999 -9999 -9999 -9999
-9999 -9999 -9999 -9999 -9999 -9999 -9999 -9999 -9999 -9999 -9999 -9999 -9999 -9999 -9999 -9999 -9999 -9999 -9999 22.921185 22.939807 22.958429 22.977051 22.96285 22.944254 22.925657 22.924681 22.962503 23.000325 23.041272 23.020017 22.923178 22.917589 -9999 -9999 -9999 -9999 -9999 -9999 -9999 -9999 -9999 -9999 -9999 -9999 -9999 -9999 -9999 -9999 -9999 -9999 -9999 -9999 -9999 -9999 -9999
-9999 -9999 -9999 -9999 -9999 -9999 -9999 -9999 -9999 -9999 -9999 -9999 -9999 -9999 -9999 -9999 -9999 -9999 22.921185 22.939807 22.958429 22.977051 22.96285 22.944254 22.925657 22.924681 22.962503 23.000325 23.038147 23.044516 23.032227 23.006189 22.923178 22.917589 -9999 -9999 -9999 -9999 -9999 -9999 -9999 -9999 -9999 -9999 -9999 -9999 -9999 -9999 -9999 -9999 -9999 -9999 -9999 -9999 -9999 -9999
-9999 -9999 -9999 -9999 -9999 -9999 -9999 -9999 -9999 -9999 -9999 -9999 -9999 -9999 -9999 -9999 -9999 22.921185 22.939807 22.958429 22.977051 22.96285 22.944254 22.925657 22.924681 22.962503 23.000325 23.038147 23.044516 23.039993 23.035471 23.040151 22.928767 22.923178 22.917589 -9999 -9999 -9999 -9999 -9999 -9999 -9999 -9999 -9999 -9999 -9999 -9999 -9999 -9999 -9999 -9999 -9999 -9999 -9999 -9999 -9999
-9999 -9999 -9999 -9999 -9999 -9999 -9999 -9999 -9999 -9999 -9999 -9999 -9999 -9999 -9999 -9999 22.921185 22.939807 22.958429 22.977051 22.96285 22.944254 22.925657 22.924681 22.962503 23.000325 23.038147 23.044516 23.039993 23.035471 23.034729 23.052033 23.074757 22.928767 22.923178 22.917589 -9999 -9999 -9999 -9999 -9999 -9999 -9999 -9999 -9999 -9999 -9999 -9999 -9999 -9999 -9999 -9999 -9999 -9999 -9999 -9999
-9999 -9999 -9999 -9999 -9999 -9999 -9999 -9999 -9999 -9999 -9999 -9999 -9999 -9999 -9999 22.921185 22.939807 22.958429 22.977051 22.96285 22.944254 22.925657 22.924681 22.962503 23.000325 23.038147 23.044516 23.039993 23.035471 23.034729 23.052033 23.069336 23.086639 23.025626 22.928767 22.923178 22.917589 -9999 -9999 -9999 -9999 -9999 -9999 -9999 -9999 -9999 -9999 -9999 -9999 -9999 -9999 -9999 -9999 -9999 -9999 -9999
-9999 -9999 -9999 -9999 -9999 -9999 -9999 -9999 -9999 -9999 -9999 -9999 -9999 -9999 22.921185 22.939807 22.958429 22.977051 22.96285 22.944254 22.925657 22.924681 22.962503 23.000325 23.038147 23.044516 23.039993 23.035471 23.034729 23.052033 23.069336 23.086639 23.066745 23.022429 22.936994 22.928767 22.923178 22.917589 -9999 -9999 -9999 -9999 -9999 -9999 -9999 -9999 -9999 -9999 -9999 -9999 -9999 -9999 -9999 -9999 -9999 -9999
-9999 -9999 -9999 -9999 -9999 -9999 -9999 -9999 -9999 -9999 -9999 -9999 -9999 22.921185 22.939807 22.958429 22.977051 22.96285 22.944254 22.925657 22.924681 22.962503 23.000325 23.038147 23.044516 23.039993 23.035471 23.034729 23.052033 23.069336 23.086639 23.066745 23.022429 22.978113 22.935309 22.934355 22.928767 22.923178 22.917589 -9999 -9999 -9999 -9999 -9999 -9999 -9999 -9999 -9999 -9999 -9999 -9999 -9999 -9999 -9999 -9999 -9999
-9999 -9999 -9999 -9999 -9999 -9999 -9999 -9999 -9999 -9999 -9999 -9999 22.921185 22.939807 22.958429 22.977051 22.96285 22.944254 22.925657 22.924681 22.962503 23.000325 23.038147 23.044516 23.039993 23.035471 23.034729 23.052033 23.069336 23.086639 23.066745 23.022429 22.978113 22.935309 22.935309 22.935309 22.934355 22.928767 22.923178 22.917589 -9999 -9999 -9999 -9999 -9999 -9999 -9999 -9999 -9999 -9999 -9999 -9999 -9999 -9999 -9999 -9999
-9999 -9999 -9999 -9999 -9999 -9999 -9999 -9999 -9999 -9999 -9999 22.921185 22.939807 22.958429 22.977051 22.96285 22.944254 22.925657 22.924681 22.962503 23.000325 23.038147 23.044516 23.039993 23.035471 23.034729 23.052033 23.069336 23.086639 23.066745 23.022429 22.978113 22.935309 22.935309 22.935309 22.935309 22.955896 22.959094 22.928767 22.923178 22.917589 -9999 -9999 -9999 -9999 -9999 -9999 -9999 -9999 -9999 -9999 -9999 -9999 -9999 -9999 -9999
-9999 -9999 -9999 -9999 -9999 -9999 -9999 -9999 -9999 -9999 22.921185 22.939807 22.958429 22.977051 22.96285 22.944254 22.925657 22.924681 22.962503 23.000325 23.038147 22.943347 23.038906 23.034299 23.033601 23.051555 23.069336 23.086639 22.962325 22.905051 22.978113 22.935309 22.935309 22.935309 22.935309 22.955896 23.000212 23.044528 23.047726 22.928767 22.923178 22.917589 -9999 -9999 -9999 -9999 -9999 -9999 -9999 -9999 -9999 -9999 -9999 -9999 -9999 -9999
-9999 -9999 -9999 -9999 -9999 -9999 -9999 -9999 -9999 22.921185 22.939807 22.958429 22.977051 22.96285 22.944254 22.925657 22.924681 22.962503 23.000325 23.038147 22.923965 22.79504 22.932833 23.0323 23.044205 23.034663 23.025121 22.962325 22.745035 22.707581 22.819265 22.935309 22.935309 22.935309 22.955896 23.000212 23.044528 23.088844 23.07801 23.066128 22.939657 22.923178 22.917589 -9999 -9999 -9999 -9999 -9999 -9999 -9999 -9999 -9999 -9999 -9999 -9999 -9999
-9999 -9999 -9999 -9999 -9999 -9999 -9999 -9999 22.921185 22.939807 22.958429 22.977051 22.96285 22.944254 22.925657 22.924681 22.962503 23.000325 23.038147 22.923965 22.757146 22.646734 22.746866 22.667258 22.60843 22.598888 22.750512 22.758641 22.527745 22.512957 22.705207 22.844461 22.935309 22.955896 23.000212 23.044528 23.088844 23.07801 23.060707 23.043404 23.031522 23.028288 22.923178 22.917589 -9999 -9999 -9999 -9999 -9999 -9999 -9999 -9999 -9999 -9999 -9999 -9999
-9999 -9999 -9999 -9999 -9999 -9999 -9999 22.921185 22.939807 22.958429 22.977051 22.96285 22.944254 22.925657 22.924681 22.962503 23.000325 23.038147 22.923965 22.757146 22.590327 22.460767 22.381158 22.319629 22.258533 22.324279 22.581712 22.559864 22.332809 22.398899 22.59115 22.725924 22.927244 23.000212 23.044528 23.088844 23.07801 23.060707 23.043404 23.033204 23.037726 23.034482 23.011388 22.923178 22.917589 -9999 -9999 -9999 -9999 -9999 -9999 -9999 -9999 -9999 -9999 -9999
-9999 -9999 -9999 -9999 -9999 -9999 22.921185 22.939807 22.958429 22.977051 22.96285 22.944254 22.925657 22.924681 22.962503 23.000325 23.038147 23.044516 22.988322 22.840099 22.682076 22.47728 22.319629 22.258533 22.261072 22.305388 22.412911 22.369837 22.390419 22.411002 22.477092 22.690169 22.9869 23.044528 23.088844 23.07801 23.060707 23.043404 23.033204 23.037726 23.042249 23.046771 23.030708 23.002526 22.991254 22.917589 -9999 -9999 -9999 -9999 -9999 -9999 -9999 -9999 -9999 -9999
-9999 -9999 -9999 -9999 -9999 22.921185 22.939807 22.958429 22.977051 22.96285 22.944254 22.925657 22.924681 22.962503 23.000325 23.038147 23.044516 23.039993 23.035471 22.969477 22.76468 22.554431 22.342197 22.261072 22.305388 22.349704 22.392507 22.397283 22.413386 22.429489 22.528375 22.749826 23.044528 23.088844 23.07801 23.060707 23.043404 23.033204 23.037726 23.042249 23.046771 23.019285 22.981464 22.955064 22.984196 22.970571 22.917589 -9999 -9999 -9999 -9999 -9999 -9999 -9999 -9999 -9999
-9999 -9999 -9999 -9999 22.921185 22.939807 22.958429 22.977051 22.96285 22.944254 22.925657 22.924681 22.962503 23.000325 23.038147 23.044516 23.039993 23.035471 23.009905 22.883903 22.726894 22.51466 22.346451 22.305388 22.349704 22.392507 22.392507 22.392507 22.397283 22.496169 22.690465 22.884761 23.088844 23.07801 23.060707 23.043404 23.033204 23.037726 23.042249 23.046771 23.019285 22.981464 22.943642 22.916334 22.929309 22.914951 22.937685 22.938615 -9999 -9999 -9999 -9999 -9999 -9999 -9999 -9999
-9999 -9999 -9999 22.921185 22.939807 22.958429 22.977051 22.96285 22.944254 22.925657 22.924681 22.962503 23.000325 23.038147 23.044516 23.039993 23.035471 23.009905 22.883903 22.765944 22.656363 22.518914 22.379608 22.349704 22.392507 22.392507 22.392507 22.392507 22.384469 22.42328 22.595175 22.767071 22.938967 23.060707 23.043404 23.033204 23.037726 23.042249 23.046771 23.019285 22.981464 22.943642 22.916334 22.934931 22.953528 22.966502 22.952145 22.937787 22.92343 -9999 -9999 -9999 -9999 -9999 -9999 -9999
-9999 -9999 22.921185 22.939807 22.958429 22.977051 22.96285 22.944254 22.925657 22.924681 22.962503 23.000325 23.038147 23.044516 23.039993 23.035471 23.034729 23.052033 23.019714 22.910133 22.753367 22.573693 22.412764 22.392507 22.392507 22.392507 22.392507 22.384469 22.367166 22.349862 22.388673 22.560569 22.732464 22.90436 23.033204 23.037726 23.042249 23.046771 23.019285 22.981464 22.943642 22.916334 22.934931 22.953528 22.972124 22.967765 22.949142 22.93052 22.913168 -9999 -9999 -9999 -9999 -9999 -9999 -9999
-9999 22.921185 22.939807 22.958429 22.977051 22.96285 22.944254 22.925657 22.924681 22.962503 23.000325 23.038147 23.044516 23.039993 23.035471 23.034729 23.052033 23.069336 23.086639 23.007137 22.819395 22.640612 22.469354 22.392507 22.392507 22.392507 22.384469 22.367166 22.349862 22.332559 22.422011 22.701458 22.897738 23.031861 23.037157 23.042249 23.046771 23.019285 22.981464 22.943642 22.916334 22.934931 22.953528 22.972124 22.967765 22.949142 22.93052 22.913168 22.921432 -9999 -9999 -9999 -9999 -9999 -9999 -9999
22.921185 22.939807 22.958429 22.977051 22.96285 22.944254 22.925657 22.924681 22.962503 23.000325 23.038147 23.044516 23.039993 23.035471 23.034729 23.052033 23.069336 23.086639 23.066745 23.00482 22.885423 22.709343 22.589349 22.469354 22.392507 22.384469 22.367166 22.349862 22.332559 22.385424 22.498508 22.813022 23.030367 23.035764 23.041161 23.046558 23.019285 22.981464 22.943642 22.916334 22.934931 22.953528 22.972124 22.967765 22.949142 22.93052 22.913168 22.921432 22.929696 -9999 -9999 -9999 -9999 -9999 -9999 -9999
-9999 22.958429 22.977051 22.96285 22.944254 22.925657 22.924681 22.962503 23.000325 23.038147 23.044516 23.039993 23.035471 23.034729 23.052033 23.069336 23.086639 23.066745 23.022429 22.958609 22.885182 22.829337 22.709343 22.589349 22.497626 22.478794 22.47265 22.466506 22.443365 22.446521 22.575005 22.871392 23.035764 23.041161 23.046558 23.019285 22.981464 22.943642 22.916334 22.934931 22.953528 22.972124 22.967765 22.949142 22.93052 22.913168 22.921432 22.929696 22.937959 -9999 -9999 -9999 -9999 -9999 -9999 -9999
-9999 -9999 22.96285 22.944254 22.925657 22.924681 22.962503 23.000325 23.038147 23.044516 23.039993 23.035471 23.034729 23.052033 23.069336 23.086639 23.066745 23.022429 22.978113 22.914474 22.899828 22.885182 22.829337 22.737615 22.678711 22.655831 22.638969 22.615827 22.590692 22.565557 22.633375 22.89219 23.041161 23.046558 23.019285 22.981464 22.943642 22.916334 22.934931 22.953528 22.972124 22.967765 22.949142 22.93052 22.913168 22.921432 22.929696 22.937959 -9999 -9999 -9999 -9999 -9999 -9999 -9999 -9999
-9999 -9999 -9999 22.925657 22.924681 22.962503 23.000325 23.038147 23.044516 23.039993 23.035471 23.034729 23.052033 23.069336 23.086639 23.066745 23.022429 22.978113 22.935309 22.92912 22.914474 22.899828 22.90577 22.918467 22.861766 22.838886 22.766981 22.822899 22.802106 22.794596 22.81462 22.912987 23.046558 23.019285 22.981464 22.943642 22.916334 22.934931 22.953528 22.972124 22.967765 22.949142 22.93052 22.913168 22.921432 22.929696 22.937959 -9999 -9999 -9999 -9999 -9999 -9999 -9999 -9999 -9999
-9999 -9999 -9999 -9999 22.962503 23.000325 23.038147 23.044516 23.039993 23.035471 23.034729 23.052033 23.069336 23.086639 23.066745 23.022429 22.978113 22.935309 22.935309 22.935309 22.92912 22.935062 22.965393 23.026251 23.044821 22.934775 22.86597 22.96496 23.033204 23.037726 23.042249 23.046771 23.019285 22.981464 22.943642 22.916334 22.934931 22.953528 22.972124 22.967765 22.949142 22.93052 22.913168 22.921432 22.929696 22.937959 -9999 -9999 -9999 -9999 -9999 -9999 -9999 -9999 -9999 -9999
-9999 -9999 -9999 -9999 -9999 23.038147 23.044516 23.039993 23.035471 23.034729 23.052033 23.069336 23.086639 23.066745 23.022429 22.978113 22.935309 22.935309 22.935309 22.935309 22.955896 22.994023 23.026251 23.087108 23.07801 23.020439 22.96496 23.033204 23.037726 23.042249 23.046771 23.019285 22.981464 22.943642 22.916334 22.934931 22.953528 22.972124 22.967765 22.949142 22.93052 22.913168 22.921432 22.929696 22.937959 -9999 -9999 -9999 -9999 -9999 -9999 -9999 -9999 -9999 -9999 -9999
-9999 -9999 -9999 -9999 -9999 -9999 23.039993 23.035471 23.034729 23.052033 23.069336 23.086639 23.066745 23.022429 22.978113 22.935309 22.935309 22.935309 22.935309 22.955896 23.000212 23.044528 23.087108 23.07801 23.060707 23.043404 23.033204 23.037726 23.042249 23.046771 23.019285 22.981464 22.943642 22.916334 22.934931 22.953528 22.972124 22.967765 22.949142 22.93052 22.913168 22.921432 22.929696 22.937959 -9999 -9999 -9999 -9999 -9999 -9999 -9999 -9999 -9999 -9999 -9999 -9999
-9999 -9999 -9999 -9999 -9999 -9999 -9999 23.034729 23.052033 23.069336 23.086639 23.066745 23.022429 22.978113 22.935309 22.935309 22.935309 22.935309 22.955896 23.000212 23.044528 23.088844 23.07801 23.060707 23.043404 23.033204 23.037726 23.042249 23.046771 23.019285 22.981464 22.943642 22.916334 22.934931 22.953528 22.972124 22.967765 22.949142 22.93052 22.913168 22.921432 22.929696 22.937959 -9999 -9999 -9999 -9999 -9999 -9999 -9999 -9999 -9999 -9999 -9999 -9999 -9999
-9999 -9999 -9999 -9999 -9999 -9999 -9999 -9999 23.069336 23.086639 23.066745 23.022429 22.978113 22.935309 22.935309 22.935309 22.935309 22.955896 23.000212 23.044528 23.088844 23.07801 23.060707 23.043404 23.033204 23.037726 23.042249 23.046771 23.019285 22.981464 22.943642 22.916334 22.934931 22.953528 22.972124 22.967765 22.949142 22.93052 22.913168 22.921432 22.929696 22.937959 -9999 -9999 -9999 -9999 -9999 -9999 -9999 -9999 -9999 -9999 -9999 -9999 -9999 -9999
-9999 -9999 -9999 -9999 -9999 -9999 -9999 -9999 -9999 23.066745 23.022429 22.978113 22.935309 22.935309 22.935309 22.935309 22.955896 23.000212 23.044528 23.088844 23.07801 23.060707 23.043404 23.033204 23.037726 23.042249 23.046771 23.019285 22.981464 22.943642 22.916334 22.934931 22.953528 22.972124 22.967765 22.949142 22.93052 22.913168 22.921432 22.929696 22.937959 -9999 -9999 -9999 -9999 -9999 -9999 -9999 -9999 -9999 -9999 -9999 -9999 -9999 -9999 -9999
-9999 -9999 -9999 -9999 -9999 -9999 -9999 -9999 -9999 -9999 22.978113 22.935309 22.935309 22.935309 22.935309 22.955896 23.000212 23.044528 23.088844 23.07801 23.060707 23.043404 23.033204 23.037726 23.042249 23.046771 23.019285 22.981464 22.943642 22.916334 22.934931 22.953528 22.972124 22.967765 22.949142 22.93052 22.913168 22.921432 22.929696 22.937959 -9999 -9999 -9999 -9999 -9999 -9999 -9999 -9999 -9999 -9999 -9999 -9999 -9999 -9999 -9999 -9999
