test/data/morpho1_16m_newpark/processor_outputs/default/OUTPUT_T_225_0_23h.tif
NCOLS 56
NROWS 56
XLLCORNER 354569.37
YLLCORNER 6687410.4
CELLSIZE 19.84375
NODATA_VALUE -9999
[rows 0 to 37 of 56, columns 0 to 55 of 56]
-9999 -9999 -9999 -9999 -9999 -9999 -9999 -9999 -9999 -9999 -9999 -9999 -9999 -9999 -9999 -9999 -9999 -9999 -9999 -9999 -9999 -9999 -9999 -9999 -9999 -9999 -9999 -9999 -9999 -9999 -9999 -9999 -9999 -9999 -9999 -9999 -9999 -9999 -9999 -9999 -9999 -9999 -9999 -9999 -9999 -9999 -9999 -9999 -9999 -9999 -9999 -9999 -9999 -9999 -9999 -9999
-9999 -9999 -9999 -9999 -9999 -9999 -9999 -9999 -9999 -9999 -9999 -9999 -9999 -9999 -9999 -9999 -9999 -9999 -9999 -9999 -9999 -9999 -9999 -9999 -9999 -9999 -9999 -9999 -9999 -9999 -9999 -9999 -9999 -9999 -9999 -9999 -9999 -9999 -9999 -9999 -9999 -9999 -9999 -9999 -9999 -9999 -9999 -9999 -9999 -9999 -9999 -9999 -9999 -9999 -9999 -9999
-9999 -9999 -9999 -9999 -9999 -9999 -9999 -9999 -9999 -9999 -9999 -9999 -9999 -9999 -9999 -9999 -9999 -9999 -9999 -9999 -9999 -9999 -9999 -9999 -9999 18.237139 18.237386 -9999 -9999 -9999 -9999 -9999 -9999 -9999 -9999 -9999 -9999 -9999 -9999 -9999 -9999 -9999 -9999 -9999 -9999 -9999 -9999 -9999 -9999 -9999 -9999 -9999 -9999 -9999 -9999 -9999
-9999 -9999 -9999 -9999 -9999 -9999 -9999 -9999 -9999 -9999 -9999 -9999 -9999 -9999 -9999 -9999 -9999 -9999 -9999 -9999 -9999 -9999 -9999 -9999 18.237139 18.237992 18.238138 18.238436 -9999 -9999 -9999 -9999 -9999 -9999 -9999 -9999 -9999 -9999 -9999 -9999 -9999 -9999 -9999 -9999 -9999 -9999 -9999 -9999 -9999 -9999 -9999 -9999 -9999 -9999 -9999 -9999
-9999 -9999 -9999 -9999 -9999 -9999 -9999 -9999 -9999 -9999 -9999 -9999 -9999 -9999 -9999 -9999 -9999 -9999 -9999 -9999 -9999 -9999 -9999 18.237139 18.237992 18.238845 18.238891 18.238423 18.236348 -9999 -9999 -9999 -9999 -9999 -9999 -9999 -9999 -9999 -9999 -9999 -9999 -9999 -9999 -9999 -9999 -9999 -9999 -9999 -9999 -9999 -9999 -9999 -9999 -9999 -9999 -9999
-9999 -9999 -9999 -9999 -9999 -9999 -9999 -9999 -9999 -9999 -9999 -9999 -9999 -9999 -9999 -9999 -9999 -9999 -9999 -9999 -9999 -9999 18.237139 18.237992 18.238845 18.239699 18.239644 18.238951 18.239625 18.236348 -9999 -9999 -9999 -9999 -9999 -9999 -9999 -9999 -9999 -9999 -9999 -9999 -9999 -9999 -9999 -9999 -9999 -9999 -9999 -9999 -9999 -9999 -9999 -9999 -9999 -9999
-9999 -9999 -9999 -9999 -9999 -9999 -9999 -9999 -9999 -9999 -9999 -9999 -9999 -9999 -9999 -9999 -9999 -9999 -9999 -9999 -9999 18.237139 18.237992 18.238845 18.239699 18.239776 18.23975 18.239591 18.239481 18.240326 18.236348 -9999 -9999 -9999 -9999 -9999 -9999 -9999 -9999 -9999 -9999 -9999 -9999 -9999 -9999 -9999 -9999 -9999 -9999 -9999 -9999 -9999 -9999 -9999 -9999 -9999
-9999 -9999 -9999 -9999 -9999 -9999 -9999 -9999 -9999 -9999 -9999 -9999 -9999 -9999 -9999 -9999 -9999 -9999 -9999 -9999 18.237139 18.237992 18.238845 18.239699 18.239776 18.23975 18.239724 18.239789 18.240009 18.240836 18.235877 18.236348 -9999 -9999 -9999 -9999 -9999 -9999 -9999 -9999 -9999 -9999 -9999 -9999 -9999 -9999 -9999 -9999 -9999 -9999 -9999 -9999 -9999 -9999 -9999 -9999
-9999 -9999 -9999 -9999 -9999 -9999 -9999 -9999 -9999 -9999 -9999 -9999 -9999 -9999 -9999 -9999 -9999 -9999 -9999 18.237139 18.237992 18.238845 18.239699 18.239776 18.23975 18.239724 18.239789 18.240054 18.240319 18.240626 18.242331 18.235877 18.236348 -9999 -9999 -9999 -9999 -9999 -9999 -9999 -9999 -9999 -9999 -9999 -9999 -9999 -9999 -9999 -9999 -9999 -9999 -9999 -9999 -9999 -9999 -9999
-9999 -9999 -9999 -9999 -9999 -9999 -9999 -9999 -9999 -9999 -9999 -9999 -9999 -9999 -9999 -9999 -9999 -9999 18.237139 18.237992 18.238845 18.239699 18.239776 18.23975 18.239724 18.239789 18.240054 18.240319 18.240584 18.24118 18.242047 18.240824 18.235877 18.236348 -9999 -9999 -9999 -9999 -9999 -9999 -9999 -9999 -9999 -9999 -9999 -9999 -9999 -9999 -9999 -9999 -9999 -9999 -9999 -9999 -9999 -9999
-9999 -9999 -9999 -9999 -9999 -9999 -9999 -9999 -9999 -9999 -9999 -9999 -9999 -9999 -9999 -9999 -9999 18.237139 18.237992 18.238845 18.239699 18.239776 18.23975 18.239724 18.239789 18.240054 18.240319 18.240584 18.24118 18.24189 18.242601 18.243512 18.235405 18.235877 18.236348 -9999 -9999 -9999 -9999 -9999 -9999 -9999 -9999 -9999 -9999 -9999 -9999 -9999 -9999 -9999 -9999 -9999 -9999 -9999 -9999 -9999
-9999 -9999 -9999 -9999 -9999 -9999 -9999 -9999 -9999 -9999 -9999 -9999 -9999 -9999 -9999 -9999 18.237139 18.237992 18.238845 18.239699 18.239776 18.23975 18.239724 18.239789 18.240054 18.240319 18.240584 18.24118 18.24189 18.242601 18.243321 18.244088 18.245046 18.235405 18.235877 18.236348 -9999 -9999 -9999 -9999 -9999 -9999 -9999 -9999 -9999 -9999 -9999 -9999 -9999 -9999 -9999 -9999 -9999 -9999 -9999 -9999
-9999 -9999 -9999 -9999 -9999 -9999 -9999 -9999 -9999 -9999 -9999 -9999 -9999 -9999 -9999 18.237139 18.237992 18.238845 18.239699 18.239776 18.23975 18.239724 18.239789 18.240054 18.240319 18.240584 18.24118 18.24189 18.242601 18.243321 18.243143 18.242915 18.242688 18.241322 18.235405 18.235877 18.236348 -9999 -9999 -9999 -9999 -9999 -9999 -9999 -9999 -9999 -9999 -9999 -9999 -9999 -9999 -9999 -9999 -9999 -9999 -9999
-9999 -9999 -9999 -9999 -9999 -9999 -9999 -9999 -9999 -9999 -9999 -9999 -9999 -9999 18.237139 18.237992 18.238845 18.239699 18.239776 18.23975 18.239724 18.239789 18.240054 18.240319 18.240584 18.206687 18.221277 18.22045 18.220453 18.224424 18.227546 18.227319 18.16485 18.15533 18.235119 18.235405 18.235877 18.236348 -9999 -9999 -9999 -9999 -9999 -9999 -9999 -9999 -9999 -9999 -9999 -9999 -9999 -9999 -9999 -9999 -9999 -9999
-9999 -9999 -9999 -9999 -9999 -9999 -9999 -9999 -9999 -9999 -9999 -9999 -9999 18.237139 18.237992 18.238845 18.239699 18.239776 18.23975 18.239724 18.239789 18.240054 18.240319 18.240584 18.204367 18.161978 18.181267 18.196688 18.198829 18.200211 18.201592 18.149481 18.046149 18.048994 18.148349 18.234934 18.235405 18.235877 18.236348 -9999 -9999 -9999 -9999 -9999 -9999 -9999 -9999 -9999 -9999 -9999 -9999 -9999 -9999 -9999 -9999 -9999
-9999 -9999 -9999 -9999 -9999 -9999 -9999 -9999 -9999 -9999 -9999 -9999 18.237139 18.237992 18.238845 18.239699 18.239776 18.23975 18.239724 18.239789 18.240054 18.240319 18.240584 18.204367 18.155516 18.117268 18.133474 18.134967 18.136433 18.137815 18.039449 17.951612 17.927448 17.941881 18.019244 18.129631 18.234019 18.235405 18.235877 18.236348 -9999 -9999 -9999 -9999 -9999 -9999 -9999 -9999 -9999 -9999 -9999 -9999 -9999 -9999 -9999 -9999
-9999 -9999 -9999 -9999 -9999 -9999 -9999 -9999 -9999 -9999 -9999 18.237139 18.237992 18.238845 18.239699 18.239776 18.23975 18.239724 18.239789 18.240054 18.240319 18.240584 18.204367 18.155516 18.106666 18.069476 18.070975 18.072481 18.073988 17.975672 17.81182 17.73369 17.732484 17.812776 17.890138 18.003437 18.180712 18.235341 18.235405 18.235877 18.236348 -9999 -9999 -9999 -9999 -9999 -9999 -9999 -9999 -9999 -9999 -9999 -9999 -9999 -9999 -9999
-9999 -9999 -9999 -9999 -9999 -9999 -9999 -9999 -9999 -9999 18.237139 18.237992 18.238845 18.239699 18.239776 18.23975 18.239724 18.239789 18.240054 18.240319 18.240584 18.160641 18.102022 18.049031 18.005499 18.007116 18.008704 18.010211 17.860748 17.690549 17.58419 17.518674 17.599708 17.680741 17.761033 17.92925 18.166466 18.216958 18.242471 18.235045 18.235877 18.236348 -9999 -9999 -9999 -9999 -9999 -9999 -9999 -9999 -9999 -9999 -9999 -9999 -9999 -9999
-9999 -9999 -9999 -9999 -9999 -9999 -9999 -9999 -9999 18.237139 18.237992 18.238845 18.239699 18.239776 18.23975 18.239724 18.239789 18.240054 18.240319 18.240584 18.157389 18.051651 17.990659 17.9415 17.936705 17.909174 17.881643 17.796971 17.548394 17.387903 17.303055 17.363969 17.441965 17.519962 17.674083 17.915004 18.152219 18.190346 18.245239 18.244663 18.235109 18.235877 18.236348 -9999 -9999 -9999 -9999 -9999 -9999 -9999 -9999 -9999 -9999 -9999 -9999 -9999
-9999 -9999 -9999 -9999 -9999 -9999 -9999 -9999 18.237139 18.237992 18.238845 18.239699 18.239776 18.23975 18.239724 18.239789 18.240054 18.240319 18.240584 18.157389 18.045293 17.94266 17.847062 17.586292 17.394699 17.367168 17.46259 17.448738 17.23604 17.089244 17.117266 17.181217 17.259213 17.413335 17.655194 17.897053 18.129992 18.190361 18.244472 18.243705 18.243129 18.242238 18.235877 18.236348 -9999 -9999 -9999 -9999 -9999 -9999 -9999 -9999 -9999 -9999 -9999 -9999
-9999 -9999 -9999 -9999 -9999 -9999 -9999 18.237139 18.237992 18.238845 18.239699 18.239776 18.23975 18.239724 18.239789 18.240054 18.240319 18.240584 18.157389 18.045293 17.933197 17.799063 17.538293 17.294517 17.051148 16.948115 17.12426 17.087563 16.894685 16.903455 16.931476 16.998465 17.156161 17.399284 17.641583 17.883883 18.052777 18.193499 18.243705 18.242957 18.242246 18.241693 18.241949 18.235145 18.236348 -9999 -9999 -9999 -9999 -9999 -9999 -9999 -9999 -9999 -9999 -9999
-9999 -9999 -9999 -9999 -9999 -9999 18.237139 18.237992 18.238845 18.239699 18.239776 18.23975 18.239724 18.239789 18.240054 18.240319 18.240584 18.24118 18.205975 18.106805 17.984486 17.751691 17.515426 17.272057 17.0452 16.853184 16.78593 16.733266 16.735092 16.736917 16.745687 16.895412 17.144965 17.387647 17.629947 17.798841 17.959124 18.12259 18.242957 18.242246 18.241536 18.240826 18.240407 18.240482 18.240768 18.236348 -9999 -9999 -9999 -9999 -9999 -9999 -9999 -9999 -9999 -9999
-9999 -9999 -9999 -9999 -9999 18.237139 18.237992 18.238845 18.239699 18.239776 18.23975 18.239724 18.239789 18.240054 18.240319 18.240584 18.24118 18.24189 18.242601 18.184248 17.951453 17.722903 17.495898 17.266109 17.050092 16.86088 16.693765 16.634532 16.645397 16.656261 16.722492 16.884217 17.133711 17.376011 17.650748 17.873428 18.04513 18.173324 18.211344 18.241536 18.240826 18.240452 18.240187 18.239877 18.239349 18.23927 18.23617 -9999 -9999 -9999 -9999 -9999 -9999 -9999 -9999 -9999
-9999 -9999 -9999 -9999 18.237139 18.237992 18.238845 18.239699 18.239776 18.23975 18.239724 18.239789 18.240054 18.240319 18.240584 18.24118 18.24189 18.242601 18.228917 18.146538 18.012154 17.785149 17.524267 17.274368 17.054984 16.871343 16.782554 16.693765 16.634532 16.700763 16.830807 16.96085 17.122075 17.402122 17.678475 17.916693 18.101053 18.144085 18.187117 18.230148 18.240452 18.240187 18.239922 18.239711 18.239604 18.238852 18.238291 18.238059 -9999 -9999 -9999 -9999 -9999 -9999 -9999 -9999
-9999 -9999 -9999 18.237139 18.237992 18.238845 18.239699 18.239776 18.23975 18.239724 18.239789 18.240054 18.240319 18.240584 18.24118 18.24189 18.242601 18.228917 18.146538 18.068825 17.995973 17.813518 17.530396 17.28427 17.066845 16.960132 16.871343 16.782554 16.742736 16.763119 16.888781 17.014443 17.208631 17.43266 17.706203 17.953834 18.144085 18.187117 18.230148 18.240452 18.240187 18.239922 18.239711 18.239737 18.239763 18.239657 18.238904 18.238152 18.237399 -9999 -9999 -9999 -9999 -9999 -9999 -9999
-9999 -9999 18.237139 18.237992 18.238845 18.239699 18.239776 18.23975 18.239724 18.239789 18.240054 18.240319 18.240584 18.24118 18.24189 18.242601 18.243321 18.244088 18.216064 18.143212 18.039312 17.823978 17.536524 17.297774 17.182309 17.066845 16.960132 16.920314 16.936937 16.908493 16.925004 17.119192 17.321418 17.523644 17.743344 18.010485 18.187117 18.230148 18.240452 18.240187 18.239922 18.239711 18.239737 18.239763 18.239789 18.239273 18.23842 18.237567 18.236827 -9999 -9999 -9999 -9999 -9999 -9999 -9999
-9999 18.237139 18.237992 18.238845 18.239699 18.239776 18.23975 18.239724 18.239789 18.240054 18.240319 18.240584 18.24118 18.24189 18.242601 18.243321 18.244088 18.244855 18.245622 18.186551 18.062268 17.836869 17.55171 17.413239 17.297774 17.182309 17.115815 17.114515 17.129402 17.09989 17.104981 17.120391 17.314784 17.532854 17.799996 18.067137 18.230148 18.240452 18.240187 18.239922 18.239711 18.239737 18.239763 18.239789 18.239273 18.23842 18.237567 18.236827 18.238381 -9999 -9999 -9999 -9999 -9999 -9999 -9999
18.237139 18.237992 18.238845 18.239699 18.239776 18.23975 18.239724 18.239789 18.240054 18.240319 18.240584 18.24118 18.24189 18.242601 18.243321 18.244088 18.244855 18.245622 18.245554 18.191661 18.085223 17.854486 17.703098 17.55171 17.413239 17.346745 17.336692 17.326639 17.320799 17.337803 17.343335 17.283278 17.329836 17.610597 17.891359 18.17212 18.240452 18.240187 18.239922 18.239711 18.239737 18.239763 18.239789 18.239273 18.23842 18.237567 18.236827 18.238381 18.239934 -9999 -9999 -9999 -9999 -9999 -9999 -9999
-9999 18.238845 18.239699 18.239776 18.23975 18.239724 18.239789 18.240054 18.240319 18.240584 18.24118 18.24189 18.242601 18.243321 18.244088 18.244855 18.245622 18.245554 18.244937 18.18531 18.092062 18.005875 17.854486 17.703098 17.575246 17.605371 17.599092 17.592813 17.581672 17.581172 17.58169 17.52915 17.610597 17.891359 18.17212 18.240452 18.240187 18.239922 18.239711 18.239737 18.239763 18.239789 18.239273 18.23842 18.237567 18.236827 18.238381 18.239934 18.241488 -9999 -9999 -9999 -9999 -9999 -9999 -9999
-9999 -9999 18.239776 18.23975 18.239724 18.239789 18.240054 18.240319 18.240584 18.24118 18.24189 18.242601 18.243321 18.244088 18.244855 18.245622 18.245554 18.244937 18.24432 18.180687 18.136375 18.092062 18.005875 17.878023 17.77836 17.842954 17.882064 17.870923 17.859212 17.847501 17.827561 17.790602 17.891359 18.17212 18.240452 18.240187 18.239922 18.239711 18.239737 18.239763 18.239789 18.239273 18.23842 18.237567 18.236827 18.238381 18.239934 18.241488 -9999 -9999 -9999 -9999 -9999 -9999 -9999 -9999
-9999 -9999 -9999 18.239724 18.239789 18.240054 18.240319 18.240584 18.24118 18.24189 18.242601 18.243321 18.244088 18.244855 18.245622 18.245554 18.244937 18.24432 18.243725 18.225 18.180687 18.136375 18.092349 18.080075 17.990459 18.055053 18.022458 18.069025 18.051541 18.043728 18.055961 18.052055 18.17212 18.240452 18.240187 18.239922 18.239711 18.239737 18.239763 18.239789 18.239273 18.23842 18.237567 18.236827 18.238381 18.239934 18.241488 -9999 -9999 -9999 -9999 -9999 -9999 -9999 -9999 -9999
-9999 -9999 -9999 -9999 18.240054 18.240319 18.240584 18.24118 18.24189 18.242601 18.243321 18.244088 18.244855 18.245622 18.245554 18.244937 18.24432 18.243725 18.243725 18.243725 18.225 18.180974 18.13928 18.189943 18.202558 18.142644 18.104988 18.187518 18.242957 18.242246 18.241536 18.240826 18.240452 18.240187 18.239922 18.239711 18.239737 18.239763 18.239789 18.239273 18.23842 18.237567 18.236827 18.238381 18.239934 18.241488 -9999 -9999 -9999 -9999 -9999 -9999 -9999 -9999 -9999 -9999
-9999 -9999 -9999 -9999 -9999 18.240584 18.24118 18.24189 18.242601 18.243321 18.244088 18.244855 18.245622 18.245554 18.244937 18.24432 18.243725 18.243725 18.243725 18.243725 18.244011 18.225903 18.189943 18.240607 18.245239 18.215629 18.187518 18.242957 18.242246 18.241536 18.240826 18.240452 18.240187 18.239922 18.239711 18.239737 18.239763 18.239789 18.239273 18.23842 18.237567 18.236827 18.238381 18.239934 18.241488 -9999 -9999 -9999 -9999 -9999 -9999 -9999 -9999 -9999 -9999 -9999
-9999 -9999 -9999 -9999 -9999 -9999 18.24189 18.242601 18.243321 18.244088 18.244855 18.245622 18.245554 18.244937 18.24432 18.243725 18.243725 18.243725 18.243725 18.244011 18.244628 18.245244 18.240607 18.245239 18.244472 18.243705 18.242957 18.242246 18.241536 18.240826 18.240452 18.240187 18.239922 18.239711 18.239737 18.239763 18.239789 18.239273 18.23842 18.237567 18.236827 18.238381 18.239934 18.241488 -9999 -9999 -9999 -9999 -9999 -9999 -9999 -9999 -9999 -9999 -9999 -9999
-9999 -9999 -9999 -9999 -9999 -9999 -9999 18.243321 18.244088 18.244855 18.245622 18.245554 18.244937 18.24432 18.243725 18.243725 18.243725 18.243725 18.244011 18.244628 18.245244 18.245861 18.245239 18.244472 18.243705 18.242957 18.242246 18.241536 18.240826 18.240452 18.240187 18.239922 18.239711 18.239737 18.239763 18.239789 18.239273 18.23842 18.237567 18.236827 18.238381 18.239934 18.241488 -9999 -9999 -9999 -9999 -9999 -9999 -9999 -9999 -9999 -9999 -9999 -9999 -9999
-9999 -9999 -9999 -9999 -9999 -9999 -9999 -9999 18.244855 18.245622 18.245554 18.244937 18.24432 18.243725 18.243725 18.243725 18.243725 18.244011 18.244628 18.245244 18.245861 18.245239 18.244472 18.243705 18.242957 18.242246 18.241536 18.240826 18.240452 18.240187 18.239922 18.239711 18.239737 18.239763 18.239789 18.239273 18.23842 18.237567 18.236827 18.238381 18.239934 18.241488 -9999 -9999 -9999 -9999 -9999 -9999 -9999 -9999 -9999 -9999 -9999 -9999 -9999 -9999
-9999 -9999 -9999 -9999 -9999 -9999 -9999 -9999 -9999 18.245554 18.244937 18.24432 18.243725 18.243725 18.243725 18.243725 18.244011 18.244628 18.245244 18.245861 18.245239 18.244472 18.243705 18.242957 18.242246 18.241536 18.240826 18.240452 18.240187 18.239922 18.239711 18.239737 18.239763 18.239789 18.239273 18.23842 18.237567 18.236827 18.238381 18.239934 18.241488 -9999 -9999 -9999 -9999 -9999 -9999 -9999 -9999 -9999 -9999 -9999 -9999 -9999 -9999 -9999
-9999 -9999 -9999 -9999 -9999 -9999 -9999 -9999 -9999 -9999 18.24432 18.243725 18.243725 18.243725 18.243725 18.244011 18.244628 18.245244 18.245861 18.245239 18.244472 18.243705 18.242957 18.242246 18.241536 18.240826 18.240452 18.240187 18.239922 18.239711 18.239737 18.239763 18.239789 18.239273 18.23842 18.237567 18.236827 18.238381 18.239934 18.241488 -9999 -9999 -9999 -9999 -9999 -9999 -9999 -9999 -9999 -9999 -9999 -9999 -9999 -9999 -9999 -9999
