test/data/morpho1_16m_newpark/processor_outputs/default/OUTPUT_T_315_0_12h.tif
NCOLS 56
NROWS 56
XLLCORNER 354569.37
YLLCORNER 6687410.4
CELLSIZE 19.84375
NODATA_VALUE -9999
[rows 0 to 38 of 56, columns 0 to 55 of 56]
-9999 -9999 -9999 -9999 -9999 -9999 -9999 -9999 -9999 -9999 -9999 -9999 -9999 -9999 -9999 -9999 -9999 -9999 -9999 -9999 -9999 -9999 -9999 -9999 -9999 -9999 -9999 -9999 26.413214 -9999 -9999 -9999 -9999 -9999 -9999 -9999 -9999 -9999 -9999 -9999 -9999 -9999 -9999 -9999 -9999 -9999 -9999 -9999 -9999 -9999 -9999 -9999 -9999 -9999 -9999 -9999
-9999 -9999 -9999 -9999 -9999 -9999 -9999 -9999 -9999 -9999 -9999 -9999 -9999 -9999 -9999 -9999 -9999 -9999 -9999 -9999 -9999 -9999 -9999 -9999 -9999 -9999 -9999 26.450458 26.431836 26.413214 -9999 -9999 -9999 -9999 -9999 -9999 -9999 -9999 -9999 -9999 -9999 -9999 -9999 -9999 -9999 -9999 -9999 -9999 -9999 -9999 -9999 -9999 -9999 -9999 -9999 -9999
-9999 -9999 -9999 -9999 -9999 -9999 -9999 -9999 -9999 -9999 -9999 -9999 -9999 -9999 -9999 -9999 -9999 -9999 -9999 -9999 -9999 -9999 -9999 -9999 -9999 -9999 26.454879 26.46908 26.450458 26.431836 26.413214 -9999 -9999 -9999 -9999 -9999 -9999 -9999 -9999 -9999 -9999 -9999 -9999 -9999 -9999 -9999 -9999 -9999 -9999 -9999 -9999 -9999 -9999 -9999 -9999 -9999
-9999 -9999 -9999 -9999 -9999 -9999 -9999 -9999 -9999 -9999 -9999 -9999 -9999 -9999 -9999 -9999 -9999 -9999 -9999 -9999 -9999 -9999 -9999 -9999 -9999 26.417686 26.436282 26.454879 26.46908 26.450458 26.431836 26.413214 -9999 -9999 -9999 -9999 -9999 -9999 -9999 -9999 -9999 -9999 -9999 -9999 -9999 -9999 -9999 -9999 -9999 -9999 -9999 -9999 -9999 -9999 -9999 -9999
-9999 -9999 -9999 -9999 -9999 -9999 -9999 -9999 -9999 -9999 -9999 -9999 -9999 -9999 -9999 -9999 -9999 -9999 -9999 -9999 -9999 -9999 -9999 -9999 26.454532 26.41671 26.417686 26.436282 26.454879 26.46908 26.450458 26.431836 26.413214 -9999 -9999 -9999 -9999 -9999 -9999 -9999 -9999 -9999 -9999 -9999 -9999 -9999 -9999 -9999 -9999 -9999 -9999 -9999 -9999 -9999 -9999 -9999
-9999 -9999 -9999 -9999 -9999 -9999 -9999 -9999 -9999 -9999 -9999 -9999 -9999 -9999 -9999 -9999 -9999 -9999 -9999 -9999 -9999 -9999 -9999 26.530175 26.492354 26.454532 26.41671 26.417686 26.436282 26.454879 26.46908 26.450458 26.431836 26.413214 -9999 -9999 -9999 -9999 -9999 -9999 -9999 -9999 -9999 -9999 -9999 -9999 -9999 -9999 -9999 -9999 -9999 -9999 -9999 -9999 -9999 -9999
-9999 -9999 -9999 -9999 -9999 -9999 -9999 -9999 -9999 -9999 -9999 -9999 -9999 -9999 -9999 -9999 -9999 -9999 -9999 -9999 -9999 -9999 26.532022 26.536545 26.530175 26.492354 26.454532 26.41671 26.417686 26.436282 26.454879 26.46908 26.450458 26.431836 26.413214 -9999 -9999 -9999 -9999 -9999 -9999 -9999 -9999 -9999 -9999 -9999 -9999 -9999 -9999 -9999 -9999 -9999 -9999 -9999 -9999 -9999
-9999 -9999 -9999 -9999 -9999 -9999 -9999 -9999 -9999 -9999 -9999 -9999 -9999 -9999 -9999 -9999 -9999 -9999 -9999 -9999 -9999 26.526758 26.5275 26.532022 26.536545 26.530175 26.492354 26.454532 26.41671 26.417686 26.436282 26.454879 26.46908 26.450458 26.431836 26.413214 -9999 -9999 -9999 -9999 -9999 -9999 -9999 -9999 -9999 -9999 -9999 -9999 -9999 -9999 -9999 -9999 -9999 -9999 -9999 -9999
-9999 -9999 -9999 -9999 -9999 -9999 -9999 -9999 -9999 -9999 -9999 -9999 -9999 -9999 -9999 -9999 -9999 -9999 -9999 -9999 26.561365 26.544062 26.526758 26.5275 26.532022 26.536545 26.530175 26.492354 26.454532 26.41671 26.417686 26.436282 26.454879 26.46908 26.450458 26.431836 26.413214 -9999 -9999 -9999 -9999 -9999 -9999 -9999 -9999 -9999 -9999 -9999 -9999 -9999 -9999 -9999 -9999 -9999 -9999 -9999
-9999 -9999 -9999 -9999 -9999 -9999 -9999 -9999 -9999 -9999 -9999 -9999 -9999 -9999 -9999 -9999 -9999 -9999 -9999 26.558773 26.578668 26.561365 26.544062 26.526758 26.5275 26.532022 26.536545 26.530175 26.492354 26.454532 26.41671 26.417686 26.436282 26.454879 26.46908 26.450458 26.431836 26.413214 -9999 -9999 -9999 -9999 -9999 -9999 -9999 -9999 -9999 -9999 -9999 -9999 -9999 -9999 -9999 -9999 -9999 -9999
-9999 -9999 -9999 -9999 -9999 -9999 -9999 -9999 -9999 -9999 -9999 -9999 -9999 -9999 -9999 -9999 -9999 -9999 26.470141 26.514457 26.558773 26.578668 26.561365 26.544062 26.526758 26.5275 26.532022 26.536545 26.530175 26.492354 26.454532 26.41671 26.417686 26.436282 26.454879 26.46908 26.450458 26.431836 26.413214 -9999 -9999 -9999 -9999 -9999 -9999 -9999 -9999 -9999 -9999 -9999 -9999 -9999 -9999 -9999 -9999 -9999
-9999 -9999 -9999 -9999 -9999 -9999 -9999 -9999 -9999 -9999 -9999 -9999 -9999 -9999 -9999 -9999 -9999 26.427338 26.427338 26.470141 26.514457 26.558773 26.578668 26.561365 26.544062 26.526758 26.5275 26.532022 26.536545 26.530175 26.492354 26.454532 26.41671 26.417686 26.436282 26.454879 26.46908 26.450458 26.431836 26.413214 -9999 -9999 -9999 -9999 -9999 -9999 -9999 -9999 -9999 -9999 -9999 -9999 -9999 -9999 -9999 -9999
-9999 -9999 -9999 -9999 -9999 -9999 -9999 -9999 -9999 -9999 -9999 -9999 -9999 -9999 -9999 -9999 26.427338 26.427338 26.427338 26.427338 26.470141 26.514457 26.558773 26.578668 26.561365 26.544062 26.526758 26.5275 26.532022 26.536545 26.530175 26.492354 26.454532 26.41671 26.417686 26.436282 26.454879 26.46908 26.450458 26.431836 26.413214 -9999 -9999 -9999 -9999 -9999 -9999 -9999 -9999 -9999 -9999 -9999 -9999 -9999 -9999 -9999
-9999 -9999 -9999 -9999 -9999 -9999 -9999 -9999 -9999 -9999 -9999 -9999 -9999 -9999 -9999 26.492241 26.447925 26.427338 26.427338 26.427338 26.427338 26.470141 26.514457 26.558773 26.578668 26.561365 26.544062 26.526758 26.5275 26.532022 26.536545 26.530175 26.492354 26.454532 26.41671 26.417686 26.436282 26.454879 26.46908 26.450458 26.431836 26.413214 -9999 -9999 -9999 -9999 -9999 -9999 -9999 -9999 -9999 -9999 -9999 -9999 -9999 -9999
-9999 -9999 -9999 -9999 -9999 -9999 -9999 -9999 -9999 -9999 -9999 -9999 -9999 -9999 26.580873 26.536557 26.492241 26.447925 26.427338 26.427338 26.427338 26.427338 26.470141 26.514457 26.558773 26.578668 26.561365 26.544062 26.526758 26.5275 26.532022 26.536545 26.530175 26.492354 26.454532 26.41671 26.417686 26.436282 26.454879 26.46908 26.450458 26.431836 26.413214 -9999 -9999 -9999 -9999 -9999 -9999 -9999 -9999 -9999 -9999 -9999 -9999 -9999
-9999 -9999 -9999 -9999 -9999 -9999 -9999 -9999 -9999 -9999 -9999 -9999 -9999 26.552736 26.570039 26.580873 26.536557 26.492241 26.447925 26.427338 26.427338 26.427338 26.427338 26.470141 26.514457 26.558773 26.578668 26.561365 26.544062 26.526758 26.5275 26.532022 26.536545 26.530175 26.492354 26.454532 26.41671 26.417686 26.436282 26.454879 26.46908 26.450458 26.431836 26.413214 -9999 -9999 -9999 -9999 -9999 -9999 -9999 -9999 -9999 -9999 -9999 -9999
-9999 -9999 -9999 -9999 -9999 -9999 -9999 -9999 -9999 -9999 -9999 -9999 26.525233 26.535433 26.552736 26.570039 26.580873 26.536557 26.492241 26.447925 26.427338 26.427338 26.427338 26.427338 26.470141 26.514457 26.558773 26.578668 26.561365 26.544062 26.526758 26.5275 26.532022 26.536545 26.530175 26.492354 26.454532 26.41671 26.417686 26.436282 26.454879 26.46908 26.450458 26.431836 26.413214 -9999 -9999 -9999 -9999 -9999 -9999 -9999 -9999 -9999 -9999 -9999
-9999 -9999 -9999 -9999 -9999 -9999 -9999 -9999 -9999 -9999 -9999 26.534277 26.529755 26.525233 26.535433 26.552736 26.570039 26.580873 26.536557 26.492241 26.447925 26.427338 26.427338 26.427338 26.427338 26.470141 26.514457 26.558773 26.578668 26.561365 26.544062 26.501699 26.5275 26.532022 26.536545 26.530175 26.492354 26.454532 26.41671 26.417686 26.436282 26.454879 26.46908 26.450458 26.431836 26.413214 -9999 -9999 -9999 -9999 -9999 -9999 -9999 -9999 -9999 -9999
-9999 -9999 -9999 -9999 -9999 -9999 -9999 -9999 -9999 -9999 26.511314 26.5388 26.534277 26.529755 26.525233 26.535433 26.552736 26.570039 26.580873 26.536557 26.492241 26.447925 26.427338 26.427338 26.427338 26.427338 26.470141 26.514457 26.558773 26.578668 26.511274 26.374344 26.501699 26.5275 26.479801 26.414712 26.530175 26.492354 26.454532 26.41671 26.417686 26.436282 26.454879 26.46908 26.450458 26.431836 26.413214 -9999 -9999 -9999 -9999 -9999 -9999 -9999 -9999 -9999
-9999 -9999 -9999 -9999 -9999 -9999 -9999 -9999 -9999 26.435671 26.473492 26.511314 26.5388 26.534277 26.529755 26.525233 26.535433 26.552736 26.570039 26.580873 26.536557 26.492241 26.447925 26.427338 26.427338 26.420815 26.405379 26.449586 26.495899 26.498159 26.400494 26.255108 26.374344 26.460871 26.33005 26.246167 26.414712 26.530175 26.492354 26.454532 26.41671 26.417686 26.436282 26.454879 26.46908 26.450458 26.431836 26.413214 -9999 -9999 -9999 -9999 -9999 -9999 -9999 -9999
-9999 -9999 -9999 -9999 -9999 -9999 -9999 -9999 26.42696 26.408363 26.435671 26.473492 26.511314 26.5388 26.534277 26.529755 26.525233 26.535433 26.552736 26.570039 26.580873 26.536557 26.492241 26.447925 26.420815 26.405379 26.389943 26.374508 26.374661 26.308326 26.241992 26.144328 26.215707 26.254057 26.170415 26.077622 26.246167 26.414712 26.530175 26.492354 26.454532 26.41671 26.417686 26.436282 26.454879 26.46908 26.450458 26.431836 26.413214 -9999 -9999 -9999 -9999 -9999 -9999 -9999
-9999 -9999 -9999 -9999 -9999 -9999 -9999 26.464153 26.445556 26.42696 26.408363 26.435671 26.473492 26.511314 26.5388 26.534277 26.529755 26.525233 26.535433 26.552736 26.570039 26.580873 26.536557 26.492241 26.434066 26.389943 26.374508 26.317723 26.196557 26.127487 26.060258 26.005316 26.001356 26.041716 25.9636 25.94683 26.134863 26.284622 26.434381 26.530175 26.492354 26.454532 26.41671 26.417686 26.436282 26.454879 26.46908 26.450458 26.431836 26.413214 -9999 -9999 -9999 -9999 -9999 -9999
-9999 -9999 -9999 -9999 -9999 -9999 26.441171 26.459793 26.464153 26.445556 26.42696 26.408363 26.435671 26.473492 26.511314 26.5388 26.534277 26.529755 26.525233 26.535433 26.552736 26.570039 26.580873 26.536557 26.480379 26.403194 26.317723 26.196557 26.07539 25.954224 25.897442 25.864384 25.831326 25.827366 25.804433 25.866458 26.237164 26.425197 26.531919 26.536545 26.530175 26.492354 26.454532 26.41671 26.417686 26.436282 26.454879 26.46908 26.450458 26.431836 26.413214 -9999 -9999 -9999 -9999 -9999
-9999 -9999 -9999 -9999 -9999 26.405197 26.422549 26.441171 26.459793 26.464153 26.445556 26.42696 26.408363 26.435671 26.473492 26.511314 26.5388 26.534277 26.529755 26.525233 26.535433 26.552736 26.570039 26.580873 26.526693 26.408159 26.225243 26.07539 25.954224 25.876626 25.876626 25.833823 25.789507 25.745191 25.742846 25.804433 26.156791 26.526528 26.527389 26.532022 26.536545 26.530175 26.492354 26.454532 26.41671 26.417686 26.436282 26.454879 26.46908 26.450458 26.431836 26.413214 -9999 -9999 -9999 -9999
-9999 -9999 -9999 -9999 26.421724 26.413461 26.405197 26.422549 26.441171 26.459793 26.464153 26.445556 26.42696 26.408363 26.435671 26.473492 26.511314 26.5388 26.534277 26.529755 26.525233 26.535433 26.552736 26.570039 26.53629 26.351174 26.166059 25.98291 25.876626 25.876626 25.876626 25.876626 25.833823 25.789507 25.745191 25.742846 26.097154 26.537771 26.526651 26.5275 26.532022 26.536545 26.530175 26.492354 26.454532 26.41671 26.417686 26.436282 26.454879 26.46908 26.450458 26.431836 26.413214 -9999 -9999 -9999
-9999 -9999 -9999 -9999 26.429988 26.421724 26.413461 26.405197 26.422549 26.441171 26.459793 26.464153 26.445556 26.42696 26.408363 26.435671 26.473492 26.511314 26.5388 26.534277 26.529755 26.525233 26.535433 26.511999 26.425137 26.327959 26.142843 25.963901 25.868588 25.876626 25.876626 25.876626 25.876626 25.833823 25.789507 25.80898 26.086693 26.52731 26.544016 26.526758 26.5275 26.532022 26.536545 26.530175 26.492354 26.454532 26.41671 26.417686 26.436282 26.454879 26.46908 26.450458 26.431836 26.413214 -9999 -9999
-9999 -9999 -9999 -9999 -9999 26.429988 26.421724 26.413461 26.405197 26.422549 26.441171 26.459793 26.464153 26.445556 26.42696 26.408363 26.435671 26.473492 26.511314 26.5388 26.534277 26.529755 26.525233 26.456076 26.355733 26.25539 26.125801 25.957856 25.851285 25.868588 25.876626 25.876626 25.876626 25.876626 25.897612 26.068375 26.239137 26.51685 26.561365 26.544062 26.526758 26.5275 26.532022 26.536545 26.530175 26.492354 26.454532 26.41671 26.417686 26.436282 26.454879 26.46908 26.450458 26.431836 -9999 -9999
-9999 -9999 -9999 -9999 -9999 -9999 26.429988 26.421724 26.413461 26.405197 26.422549 26.441171 26.459793 26.464153 26.445556 26.42696 26.408363 26.435671 26.473492 26.511314 26.5388 26.534277 26.529755 26.525233 26.456076 26.312112 26.102425 25.951811 25.833981 25.851285 25.868588 25.876626 25.876626 25.882039 25.857291 26.049241 26.249899 26.454779 26.578668 26.561365 26.544062 26.526758 26.5275 26.532022 26.536545 26.530175 26.492354 26.454532 26.41671 26.417686 26.436282 26.454879 26.46908 -9999 -9999 -9999
-9999 -9999 -9999 -9999 -9999 -9999 -9999 26.429988 26.421724 26.413461 26.405197 26.422549 26.441171 26.459793 26.464153 26.445556 26.42696 26.408363 26.435671 26.473492 26.511314 26.5388 26.534277 26.529755 26.525233 26.291144 26.077017 25.928435 25.816678 25.833981 25.851285 25.868588 25.882039 25.900287 25.879962 25.825435 26.021607 26.238193 26.454779 26.578668 26.561365 26.544062 26.526758 26.5275 26.532022 26.536545 26.530175 26.492354 26.454532 26.41671 26.417686 26.436282 -9999 -9999 -9999 -9999
-9999 -9999 -9999 -9999 -9999 -9999 -9999 -9999 26.429988 26.421724 26.413461 26.405197 26.422549 26.441171 26.459793 26.464153 26.445556 26.42696 26.408363 26.435671 26.473492 26.511314 26.5388 26.534277 26.529755 26.283581 26.051608 25.931568 25.869982 25.816678 25.833981 25.907981 25.982973 25.918535 25.902633 25.892763 26.006694 26.200711 26.397557 26.558773 26.578668 26.561365 26.544062 26.526758 26.5275 26.532022 26.536545 26.530175 26.492354 26.454532 26.41671 -9999 -9999 -9999 -9999 -9999
-9999 -9999 -9999 -9999 -9999 -9999 -9999 -9999 -9999 26.429988 26.421724 26.413461 26.405197 26.422549 26.441171 26.459793 26.464153 26.445556 26.42696 26.408363 26.435671 26.473492 26.511314 26.5388 26.534277 26.303803 26.120537 26.061807 25.984531 25.907254 25.873374 26.081838 26.179208 26.01947 25.969962 26.083893 26.197824 26.311755 26.470141 26.514457 26.558773 26.578668 26.561365 26.544062 26.526758 26.5275 26.532022 26.536545 26.530175 26.492354 -9999 -9999 -9999 -9999 -9999 -9999
-9999 -9999 -9999 -9999 -9999 -9999 -9999 -9999 -9999 -9999 26.429988 26.421724 26.413461 26.405197 26.422549 26.441171 26.459793 26.464153 26.445556 26.42696 26.408363 26.435671 26.473492 26.511314 26.5388 26.403601 26.383309 26.363017 26.304287 26.191074 26.047232 26.255696 26.375442 26.242242 26.182609 26.218277 26.336631 26.427338 26.427338 26.470141 26.514457 26.558773 26.578668 26.561365 26.544062 26.526758 26.5275 26.532022 26.536545 -9999 -9999 -9999 -9999 -9999 -9999 -9999
-9999 -9999 -9999 -9999 -9999 -9999 -9999 -9999 -9999 -9999 -9999 26.429988 26.421724 26.413461 26.405197 26.422549 26.441171 26.459793 26.464153 26.445556 26.42696 26.408363 26.435671 26.473492 26.511314 26.53878 26.534178 26.529576 26.524974 26.389661 26.221089 26.429553 26.580873 26.536557 26.47895 26.419317 26.427338 26.427338 26.427338 26.427338 26.470141 26.514457 26.558773 26.578668 26.561365 26.544062 26.526758 26.5275 -9999 -9999 -9999 -9999 -9999 -9999 -9999 -9999
-9999 -9999 -9999 -9999 -9999 -9999 -9999 -9999 -9999 -9999 -9999 -9999 26.429988 26.421724 26.413461 26.405197 26.422549 26.441171 26.459793 26.464153 26.445556 26.42696 26.408363 26.435671 26.473492 26.511314 26.53878 26.534178 26.529576 26.52511 26.394947 26.552736 26.570039 26.580873 26.536557 26.492241 26.447925 26.427338 26.427338 26.427338 26.427338 26.470141 26.514457 26.558773 26.578668 26.561365 26.544062 -9999 -9999 -9999 -9999 -9999 -9999 -9999 -9999 -9999
-9999 -9999 -9999 -9999 -9999 -9999 -9999 -9999 -9999 -9999 -9999 -9999 -9999 26.429988 26.421724 26.413461 26.405197 26.422549 26.441171 26.459793 26.464153 26.445556 26.42696 26.408363 26.435671 26.473492 26.511314 26.53878 26.534178 26.529703 26.525233 26.535433 26.552736 26.570039 26.580873 26.536557 26.492241 26.447925 26.427338 26.427338 26.427338 26.427338 26.470141 26.514457 26.558773 26.578668 -9999 -9999 -9999 -9999 -9999 -9999 -9999 -9999 -9999 -9999
-9999 -9999 -9999 -9999 -9999 -9999 -9999 -9999 -9999 -9999 -9999 -9999 -9999 -9999 26.429988 26.421724 26.413461 26.405197 26.422549 26.441171 26.459793 26.464153 26.445556 26.42696 26.408363 26.435671 26.473492 26.511314 26.53878 26.534277 26.529755 26.525233 26.535433 26.552736 26.570039 26.580873 26.536557 26.492241 26.447925 26.427338 26.427338 26.434032 26.47327 26.512508 26.555255 -9999 -9999 -9999 -9999 -9999 -9999 -9999 -9999 -9999 -9999 -9999
-9999 -9999 -9999 -9999 -9999 -9999 -9999 -9999 -9999 -9999 -9999 -9999 -9999 -9999 -9999 26.429988 26.421724 26.413461 26.405197 26.422549 26.441171 26.459793 26.464153 26.445556 26.42696 26.408363 26.435671 26.473492 26.511314 26.5388 26.534277 26.529755 26.525233 26.535433 26.552736 26.570039 26.580873 26.536557 26.492241 26.447925 26.434032 26.49709 26.570488 26.579504 -9999 -9999 -9999 -9999 -9999 -9999 -9999 -9999 -9999 -9999 -9999 -9999
-9999 -9999 -9999 -9999 -9999 -9999 -9999 -9999 -9999 -9999 -9999 -9999 -9999 -9999 -9999 -9999 26.429988 26.421724 26.413461 26.405197 26.422549 26.441171 26.459793 26.464153 26.445556 26.42696 26.408363 26.435671 26.473492 26.511314 26.5388 26.534277 26.529755 26.525233 26.535433 26.552736 26.570039 26.580873 26.536557 26.512324 26.585505 26.577933 26.57036 -9999 -9999 -9999 -9999 -9999 -9999 -9999 -9999 -9999 -9999 -9999 -9999 -9999
-9999 -9999 -9999 -9999 -9999 -9999 -9999 -9999 -9999 -9999 -9999 -9999 -9999 -9999 -9999 -9999 -9999 26.429988 26.421724 26.413461 26.405197 26.422549 26.441171 26.459793 26.464153 26.445556 26.42696 26.408363 26.435671 26.473492 26.511314 26.5388 26.534277 26.529755 26.525233 26.535433 26.552736 26.570039 26.583934 26.576361 26.568788 26.561215 -9999 -9999 -9999 -9999 -9999 -9999 -9999 -9999 -9999 -9999 -9999 -9999 -9999 -9999
