test/data/morpho1_16m_newpark/processor_outputs/default/OUTPUT_T_315_0_23h.tif
NCOLS 56
NROWS 56
XLLCORNER 354569.37
YLLCORNER 6687410.4
CELLSIZE 19.84375
NODATA_VALUE -9999
[rows 0 to 38 of 56, columns 0 to 55 of 56]
-9999 -9999 -9999 -9999 -9999 -9999 -9999 -9999 -9999 -9999 -9999 -9999 -9999 -9999 -9999 -9999 -9999 -9999 -9999 -9999 -9999 -9999 -9999 -9999 -9999 -9999 -9999 -9999 16.866369 -9999 -9999 -9999 -9999 -9999 -9999 -9999 -9999 -9999 -9999 -9999 -9999 -9999 -9999 -9999 -9999 -9999 -9999 -9999 -9999 -9999 -9999 -9999 -9999 -9999 -9999 -9999
-9999 -9999 -9999 -9999 -9999 -9999 -9999 -9999 -9999 -9999 -9999 -9999 -9999 -9999 -9999 -9999 -9999 -9999 -9999 -9999 -9999 -9999 -9999 -9999 -9999 -9999 -9999 16.868076 16.867222 16.866369 -9999 -9999 -9999 -9999 -9999 -9999 -9999 -9999 -9999 -9999 -9999 -9999 -9999 -9999 -9999 -9999 -9999 -9999 -9999 -9999 -9999 -9999 -9999 -9999 -9999 -9999
-9999 -9999 -9999 -9999 -9999 -9999 -9999 -9999 -9999 -9999 -9999 -9999 -9999 -9999 -9999 -9999 -9999 -9999 -9999 -9999 -9999 -9999 -9999 -9999 -9999 -9999 16.869007 16.868929 16.868076 16.867222 16.866369 -9999 -9999 -9999 -9999 -9999 -9999 -9999 -9999 -9999 -9999 -9999 -9999 -9999 -9999 -9999 -9999 -9999 -9999 -9999 -9999 -9999 -9999 -9999 -9999 -9999
-9999 -9999 -9999 -9999 -9999 -9999 -9999 -9999 -9999 -9999 -9999 -9999 -9999 -9999 -9999 -9999 -9999 -9999 -9999 -9999 -9999 -9999 -9999 -9999 -9999 16.868954 16.868981 16.869007 16.868929 16.868076 16.867222 16.866369 -9999 -9999 -9999 -9999 -9999 -9999 -9999 -9999 -9999 -9999 -9999 -9999 -9999 -9999 -9999 -9999 -9999 -9999 -9999 -9999 -9999 -9999 -9999 -9999
-9999 -9999 -9999 -9999 -9999 -9999 -9999 -9999 -9999 -9999 -9999 -9999 -9999 -9999 -9999 -9999 -9999 -9999 -9999 -9999 -9999 -9999 -9999 -9999 16.869284 16.869019 16.868954 16.868981 16.869007 16.868929 16.868076 16.867222 16.866369 -9999 -9999 -9999 -9999 -9999 -9999 -9999 -9999 -9999 -9999 -9999 -9999 -9999 -9999 -9999 -9999 -9999 -9999 -9999 -9999 -9999 -9999 -9999
-9999 -9999 -9999 -9999 -9999 -9999 -9999 -9999 -9999 -9999 -9999 -9999 -9999 -9999 -9999 -9999 -9999 -9999 -9999 -9999 -9999 -9999 -9999 16.869814 16.869549 16.869284 16.869019 16.868954 16.868981 16.869007 16.868929 16.868076 16.867222 16.866369 -9999 -9999 -9999 -9999 -9999 -9999 -9999 -9999 -9999 -9999 -9999 -9999 -9999 -9999 -9999 -9999 -9999 -9999 -9999 -9999 -9999 -9999
-9999 -9999 -9999 -9999 -9999 -9999 -9999 -9999 -9999 -9999 -9999 -9999 -9999 -9999 -9999 -9999 -9999 -9999 -9999 -9999 -9999 -9999 16.871121 16.87041 16.869814 16.869549 16.869284 16.869019 16.868954 16.868981 16.869007 16.868929 16.868076 16.867222 16.866369 -9999 -9999 -9999 -9999 -9999 -9999 -9999 -9999 -9999 -9999 -9999 -9999 -9999 -9999 -9999 -9999 -9999 -9999 -9999 -9999 -9999
-9999 -9999 -9999 -9999 -9999 -9999 -9999 -9999 -9999 -9999 -9999 -9999 -9999 -9999 -9999 -9999 -9999 -9999 -9999 -9999 -9999 16.872551 16.871831 16.871121 16.87041 16.869814 16.869549 16.869284 16.869019 16.868954 16.868981 16.869007 16.868929 16.868076 16.867222 16.866369 -9999 -9999 -9999 -9999 -9999 -9999 -9999 -9999 -9999 -9999 -9999 -9999 -9999 -9999 -9999 -9999 -9999 -9999 -9999 -9999
-9999 -9999 -9999 -9999 -9999 -9999 -9999 -9999 -9999 -9999 -9999 -9999 -9999 -9999 -9999 -9999 -9999 -9999 -9999 -9999 16.874085 16.873318 16.872551 16.871831 16.871121 16.87041 16.869814 16.869549 16.869284 16.869019 16.868954 16.868981 16.869007 16.868929 16.868076 16.867222 16.866369 -9999 -9999 -9999 -9999 -9999 -9999 -9999 -9999 -9999 -9999 -9999 -9999 -9999 -9999 -9999 -9999 -9999 -9999 -9999
-9999 -9999 -9999 -9999 -9999 -9999 -9999 -9999 -9999 -9999 -9999 -9999 -9999 -9999 -9999 -9999 -9999 -9999 -9999 16.874784 16.874852 16.874085 16.873318 16.872551 16.871831 16.871121 16.87041 16.869814 16.869549 16.869284 16.869019 16.868954 16.868981 16.869007 16.868929 16.868076 16.867222 16.866369 -9999 -9999 -9999 -9999 -9999 -9999 -9999 -9999 -9999 -9999 -9999 -9999 -9999 -9999 -9999 -9999 -9999 -9999
-9999 -9999 -9999 -9999 -9999 -9999 -9999 -9999 -9999 -9999 -9999 -9999 -9999 -9999 -9999 -9999 -9999 -9999 16.873551 16.874167 16.874784 16.874852 16.874085 16.873318 16.872551 16.871831 16.871121 16.87041 16.869814 16.869549 16.869284 16.869019 16.868954 16.868981 16.869007 16.868929 16.868076 16.867222 16.866369 -9999 -9999 -9999 -9999 -9999 -9999 -9999 -9999 -9999 -9999 -9999 -9999 -9999 -9999 -9999 -9999 -9999
-9999 -9999 -9999 -9999 -9999 -9999 -9999 -9999 -9999 -9999 -9999 -9999 -9999 -9999 -9999 -9999 -9999 16.872955 16.872955 16.873551 16.874167 16.874784 16.874852 16.874085 16.873318 16.872551 16.871831 16.871121 16.87041 16.869814 16.869549 16.869284 16.869019 16.868954 16.868981 16.869007 16.868929 16.868076 16.867222 16.866369 -9999 -9999 -9999 -9999 -9999 -9999 -9999 -9999 -9999 -9999 -9999 -9999 -9999 -9999 -9999 -9999
-9999 -9999 -9999 -9999 -9999 -9999 -9999 -9999 -9999 -9999 -9999 -9999 -9999 -9999 -9999 -9999 16.872955 16.872955 16.872955 16.872955 16.873551 16.874167 16.874784 16.874852 16.874085 16.873318 16.872551 16.871831 16.871121 16.87041 16.869814 16.869549 16.869284 16.869019 16.868954 16.868981 16.869007 16.868929 16.868076 16.867222 16.866369 -9999 -9999 -9999 -9999 -9999 -9999 -9999 -9999 -9999 -9999 -9999 -9999 -9999 -9999 -9999
-9999 -9999 -9999 -9999 -9999 -9999 -9999 -9999 -9999 -9999 -9999 -9999 -9999 -9999 -9999 16.873858 16.873242 16.872955 16.872955 16.872955 16.872955 16.873551 16.874167 16.874784 16.874852 16.874085 16.873318 16.872551 16.871831 16.871121 16.87041 16.869814 16.869549 16.869284 16.869019 16.868954 16.868981 16.869007 16.868929 16.868076 16.867222 16.866369 -9999 -9999 -9999 -9999 -9999 -9999 -9999 -9999 -9999 -9999 -9999 -9999 -9999 -9999
-9999 -9999 -9999 -9999 -9999 -9999 -9999 -9999 -9999 -9999 -9999 -9999 -9999 -9999 16.875091 16.874475 16.873858 16.873242 16.872955 16.872955 16.872955 16.872955 16.873551 16.874167 16.874784 16.874852 16.874085 16.873318 16.872551 16.871831 16.871121 16.87041 16.869814 16.869549 16.869284 16.869019 16.868954 16.868981 16.869007 16.868929 16.868076 16.867222 16.866369 -9999 -9999 -9999 -9999 -9999 -9999 -9999 -9999 -9999 -9999 -9999 -9999 -9999
-9999 -9999 -9999 -9999 -9999 -9999 -9999 -9999 -9999 -9999 -9999 -9999 -9999 16.873703 16.87447 16.875091 16.874475 16.873858 16.873242 16.872955 16.872955 16.872955 16.872955 16.873551 16.874167 16.874784 16.874852 16.874085 16.873318 16.872551 16.871831 16.871121 16.87041 16.869814 16.869549 16.869284 16.869019 16.868954 16.868981 16.869007 16.868929 16.868076 16.867222 16.866369 -9999 -9999 -9999 -9999 -9999 -9999 -9999 -9999 -9999 -9999 -9999 -9999
-9999 -9999 -9999 -9999 -9999 -9999 -9999 -9999 -9999 -9999 -9999 -9999 16.872187 16.872936 16.873703 16.87447 16.875091 16.874475 16.873858 16.873242 16.872955 16.872955 16.872955 16.872955 16.873551 16.874167 16.874784 16.874852 16.874085 16.873318 16.872551 16.871831 16.871121 16.87041 16.869814 16.869549 16.869284 16.869019 16.868954 16.868981 16.869007 16.868929 16.868076 16.867222 16.866369 -9999 -9999 -9999 -9999 -9999 -9999 -9999 -9999 -9999 -9999 -9999
-9999 -9999 -9999 -9999 -9999 -9999 -9999 -9999 -9999 -9999 -9999 16.870766 16.871477 16.872187 16.872936 16.873703 16.87447 16.875091 16.874475 16.873858 16.873242 16.872955 16.872955 16.872955 16.872955 16.873551 16.874167 16.874784 16.874852 16.874085 16.873318 16.854726 16.871831 16.871121 16.87041 16.869814 16.869549 16.869284 16.869019 16.868954 16.868981 16.869007 16.868929 16.868076 16.867222 16.866369 -9999 -9999 -9999 -9999 -9999 -9999 -9999 -9999 -9999 -9999
-9999 -9999 -9999 -9999 -9999 -9999 -9999 -9999 -9999 -9999 16.869682 16.870056 16.870766 16.871477 16.872187 16.872936 16.873703 16.87447 16.875091 16.874475 16.873858 16.873242 16.872955 16.872955 16.872955 16.872955 16.873551 16.874167 16.874784 16.874852 16.838454 16.752591 16.854726 16.871831 16.82676 16.766915 16.869814 16.869549 16.869284 16.869019 16.868954 16.868981 16.869007 16.868929 16.868076 16.867222 16.866369 -9999 -9999 -9999 -9999 -9999 -9999 -9999 -9999 -9999
-9999 -9999 -9999 -9999 -9999 -9999 -9999 -9999 -9999 16.869152 16.869417 16.869682 16.870056 16.870766 16.871477 16.872187 16.872936 16.873703 16.87447 16.875091 16.874475 16.873858 16.873242 16.872955 16.872955 16.849606 16.794352 16.799969 16.807736 16.801481 16.748111 16.656233 16.752591 16.800564 16.704101 16.628291 16.766915 16.869814 16.869549 16.869284 16.869019 16.868954 16.868981 16.869007 16.868929 16.868076 16.867222 16.866369 -9999 -9999 -9999 -9999 -9999 -9999 -9999 -9999
-9999 -9999 -9999 -9999 -9999 -9999 -9999 -9999 16.868968 16.868941 16.869152 16.869417 16.869682 16.870056 16.870766 16.871477 16.872187 16.872936 16.873703 16.87447 16.875091 16.874475 16.873858 16.873242 16.849606 16.794352 16.739098 16.683844 16.675439 16.647349 16.61926 16.56589 16.588084 16.518486 16.553826 16.489667 16.628291 16.766915 16.869814 16.869549 16.869284 16.869019 16.868954 16.868981 16.869007 16.868929 16.868076 16.867222 16.866369 -9999 -9999 -9999 -9999 -9999 -9999 -9999
-9999 -9999 -9999 -9999 -9999 -9999 -9999 16.86902 16.868994 16.868968 16.868941 16.869152 16.869417 16.869682 16.870056 16.870766 16.871477 16.872187 16.872936 16.873703 16.87447 16.875091 16.874475 16.873858 16.82363 16.739098 16.683844 16.578609 16.395549 16.373665 16.357475 16.344736 16.312488 16.241161 16.271748 16.326865 16.501264 16.636082 16.7709 16.869814 16.869549 16.869284 16.869019 16.868954 16.868981 16.869007 16.868929 16.868076 16.867222 16.866369 -9999 -9999 -9999 -9999 -9999 -9999
-9999 -9999 -9999 -9999 -9999 -9999 16.86765 16.868504 16.86902 16.868994 16.868968 16.868941 16.869152 16.869417 16.869682 16.870056 16.870766 16.871477 16.872187 16.872936 16.873703 16.87447 16.875091 16.874475 16.831397 16.713122 16.578609 16.395549 16.212489 16.029429 16.010997 16.004405 15.997813 15.965565 15.988903 16.022377 16.385688 16.560088 16.697813 16.824487 16.869814 16.869549 16.869284 16.869019 16.868954 16.868981 16.869007 16.868929 16.868076 16.867222 16.866369 -9999 -9999 -9999 -9999 -9999
-9999 -9999 -9999 -9999 -9999 16.866057 16.866797 16.86765 16.868504 16.86902 16.868994 16.868968 16.868941 16.869152 16.869417 16.869682 16.870056 16.870766 16.871477 16.872187 16.872936 16.873703 16.87447 16.875091 16.839164 16.670907 16.424826 16.212489 16.029429 15.864507 15.731889 15.715892 15.704014 15.694405 15.704489 15.737493 16.0812 16.498821 16.631623 16.763371 16.824487 16.869814 16.869549 16.869284 16.869019 16.868954 16.868981 16.869007 16.868929 16.868076 16.867222 16.866369 -9999 -9999 -9999 -9999
-9999 -9999 -9999 -9999 16.869165 16.867611 16.866057 16.866797 16.86765 16.868504 16.86902 16.868994 16.868968 16.868941 16.869152 16.869417 16.869682 16.870056 16.870766 16.871477 16.872187 16.872936 16.873703 16.87447 16.82197 16.564007 16.306044 16.058707 15.864507 15.731889 15.599271 15.466653 15.452924 15.44796 15.442996 15.453079 15.857542 16.493385 16.577252 16.702255 16.763371 16.824487 16.869814 16.869549 16.869284 16.869019 16.868954 16.868981 16.869007 16.868929 16.868076 16.867222 16.866369 -9999 -9999 -9999
-9999 -9999 -9999 -9999 16.870718 16.869165 16.867611 16.866057 16.866797 16.86765 16.868504 16.86902 16.868994 16.868968 16.868941 16.869152 16.869417 16.869682 16.870056 16.870766 16.871477 16.872187 16.872936 16.838019 16.747543 16.639482 16.381519 16.093992 15.787911 15.599271 15.466653 15.345964 15.249705 15.237945 15.22917 15.338497 15.825586 16.461429 16.579296 16.655662 16.715248 16.771289 16.82733 16.869814 16.869549 16.869284 16.869019 16.868954 16.868981 16.869007 16.868929 16.868076 16.867222 16.866369 -9999 -9999
-9999 -9999 -9999 -9999 -9999 16.870718 16.869165 16.867611 16.866057 16.866797 16.86765 16.868504 16.86902 16.868994 16.868968 16.868941 16.869152 16.869417 16.869682 16.870056 16.870766 16.871477 16.872187 16.803423 16.701138 16.598854 16.427431 16.08725 15.775883 15.522675 15.345964 15.249705 15.153446 15.057187 15.163529 15.552957 15.942385 16.429473 16.581311 16.65759 16.734093 16.793679 16.844187 16.87041 16.869814 16.869549 16.869284 16.869019 16.868954 16.868981 16.869007 16.868929 16.868076 16.867222 -9999 -9999
-9999 -9999 -9999 -9999 -9999 -9999 16.870718 16.869165 16.867611 16.866057 16.866797 16.86765 16.868504 16.86902 16.868994 16.868968 16.868941 16.869152 16.869417 16.869682 16.870056 16.870766 16.871477 16.872187 16.803423 16.656729 16.41352 16.080508 15.763855 15.522576 15.305727 15.153446 15.057187 14.993194 15.10056 15.509358 15.926484 16.330671 16.583247 16.659526 16.736015 16.811604 16.842888 16.871121 16.87041 16.869814 16.869549 16.869284 16.869019 16.868954 16.868981 16.869007 16.868929 -9999 -9999 -9999
-9999 -9999 -9999 -9999 -9999 -9999 -9999 16.870718 16.869165 16.867611 16.866057 16.866797 16.86765 16.868504 16.86902 16.868994 16.868968 16.868941 16.869152 16.869417 16.869682 16.870056 16.870766 16.871477 16.872187 16.635512 16.398767 16.066596 15.757587 15.544549 15.330058 15.113209 14.993194 15.005727 15.103338 15.276388 15.672248 16.040567 16.408885 16.661461 16.737911 16.814312 16.842656 16.871831 16.871121 16.87041 16.869814 16.869549 16.869284 16.869019 16.868954 16.868981 -9999 -9999 -9999 -9999
-9999 -9999 -9999 -9999 -9999 -9999 -9999 -9999 16.870718 16.869165 16.867611 16.866057 16.866797 16.86765 16.868504 16.86902 16.868994 16.868968 16.868941 16.869152 16.869417 16.869682 16.870056 16.870766 16.871477 16.62617 16.384015 16.067512 15.783098 15.506178 15.293139 15.134505 15.070014 15.018261 15.106117 15.289116 15.499701 15.851845 16.20899 16.545967 16.739724 16.816125 16.847521 16.872551 16.871831 16.871121 16.87041 16.869814 16.869549 16.869284 16.869019 -9999 -9999 -9999 -9999 -9999
-9999 -9999 -9999 -9999 -9999 -9999 -9999 -9999 -9999 16.870718 16.869165 16.867611 16.866057 16.866797 16.86765 16.868504 16.86902 16.868994 16.868968 16.868941 16.869152 16.869417 16.869682 16.870056 16.870766 16.641442 16.36283 16.07357 15.795315 15.517059 15.309173 15.279568 15.220926 15.09508 15.118845 15.329429 15.540013 15.750597 16.082573 16.353377 16.624181 16.817938 16.851293 16.872074 16.872551 16.871831 16.871121 16.87041 16.869814 16.869549 -9999 -9999 -9999 -9999 -9999 -9999
-9999 -9999 -9999 -9999 -9999 -9999 -9999 -9999 -9999 -9999 16.870718 16.869165 16.867611 16.866057 16.866797 16.86765 16.868504 16.86902 16.868994 16.868968 16.868941 16.869152 16.869417 16.869682 16.870056 16.640379 16.328312 16.016245 15.726985 15.536877 15.536917 15.424632 15.371838 15.28254 15.294561 15.411171 15.618526 15.825881 16.003416 16.25945 16.519081 16.755404 16.850751 16.871531 16.873318 16.872551 16.871831 16.871121 16.87041 -9999 -9999 -9999 -9999 -9999 -9999 -9999
-9999 -9999 -9999 -9999 -9999 -9999 -9999 -9999 -9999 -9999 -9999 16.870718 16.869165 16.867611 16.866057 16.866797 16.86765 16.868504 16.86902 16.868994 16.868968 16.868941 16.869152 16.869417 16.869682 16.788235 16.453741 16.119248 15.784754 15.765755 15.774359 15.652376 15.558849 15.571267 15.583341 15.595362 15.711971 15.919326 16.100091 16.254313 16.487039 16.63134 16.775642 16.870989 16.874085 16.873318 16.872551 16.871831 -9999 -9999 -9999 -9999 -9999 -9999 -9999 -9999
-9999 -9999 -9999 -9999 -9999 -9999 -9999 -9999 -9999 -9999 -9999 -9999 16.870718 16.869165 16.867611 16.866057 16.866797 16.86765 16.868504 16.86902 16.868994 16.868968 16.868941 16.869152 16.869417 16.869682 16.788235 16.453741 16.119248 16.023787 16.011802 15.913572 15.881193 15.853518 15.865936 15.878354 15.892945 16.012772 16.196766 16.355933 16.505691 16.634993 16.764421 16.872515 16.874852 16.874085 16.873318 -9999 -9999 -9999 -9999 -9999 -9999 -9999 -9999 -9999
-9999 -9999 -9999 -9999 -9999 -9999 -9999 -9999 -9999 -9999 -9999 -9999 -9999 16.870718 16.869165 16.867611 16.866057 16.866797 16.86765 16.868504 16.86902 16.868994 16.868968 16.868941 16.869152 16.869417 16.869682 16.788235 16.453741 16.342244 16.271616 16.228833 16.199485 16.170137 16.148186 16.160604 16.174799 16.193746 16.298386 16.477078 16.630054 16.755795 16.863763 16.868139 16.872515 16.874852 -9999 -9999 -9999 -9999 -9999 -9999 -9999 -9999 -9999 -9999
-9999 -9999 -9999 -9999 -9999 -9999 -9999 -9999 -9999 -9999 -9999 -9999 -9999 -9999 16.870718 16.869165 16.867611 16.866057 16.866797 16.86765 16.868504 16.86902 16.868994 16.868968 16.868941 16.869152 16.869417 16.869682 16.788235 16.660702 16.590074 16.519446 16.476663 16.429807 16.347422 16.442855 16.456653 16.475502 16.493967 16.598222 16.754416 16.85938 16.863334 16.867287 16.871696 -9999 -9999 -9999 -9999 -9999 -9999 -9999 -9999 -9999 -9999 -9999
-9999 -9999 -9999 -9999 -9999 -9999 -9999 -9999 -9999 -9999 -9999 -9999 -9999 -9999 -9999 16.870718 16.869165 16.867611 16.866057 16.866797 16.86765 16.868504 16.86902 16.868994 16.868968 16.868941 16.869152 16.869417 16.869682 16.856557 16.801965 16.747373 16.692781 16.632035 16.536921 16.642091 16.729062 16.756874 16.775338 16.793803 16.858002 16.865048 16.873437 16.874833 -9999 -9999 -9999 -9999 -9999 -9999 -9999 -9999 -9999 -9999 -9999 -9999
-9999 -9999 -9999 -9999 -9999 -9999 -9999 -9999 -9999 -9999 -9999 -9999 -9999 -9999 -9999 -9999 16.870718 16.869165 16.867611 16.866057 16.866797 16.86765 16.868504 16.86902 16.868994 16.868968 16.868941 16.869152 16.869417 16.869682 16.856557 16.801965 16.747373 16.784152 16.729967 16.809495 16.805343 16.805086 16.838032 16.866789 16.875155 16.874749 16.874343 -9999 -9999 -9999 -9999 -9999 -9999 -9999 -9999 -9999 -9999 -9999 -9999 -9999
-9999 -9999 -9999 -9999 -9999 -9999 -9999 -9999 -9999 -9999 -9999 -9999 -9999 -9999 -9999 -9999 -9999 16.870718 16.869165 16.867611 16.866057 16.866797 16.86765 16.868504 16.86902 16.868994 16.868968 16.868941 16.869152 16.869417 16.869682 16.856557 16.801965 16.832407 16.872187 16.872936 16.873703 16.87447 16.875071 16.874665 16.874259 16.873853 -9999 -9999 -9999 -9999 -9999 -9999 -9999 -9999 -9999 -9999 -9999 -9999 -9999 -9999
