test/data/morpho1_16m/processor_outputs/default/OUTPUT_T_315_0_12h.tif
NCOLS 52
NROWS 52
XLLCORNER 354569.37
YLLCORNER 6687410.4
CELLSIZE 21.370192
NODATA_VALUE -9999
[rows 0 to 41 of 52, columns 0 to 51 of 52]
-9999 -9999 -9999 -9999 -9999 -9999 -9999 -9999 -9999 -9999 -9999 -9999 -9999 -9999 -9999 -9999 -9999 -9999 -9999 -9999 -9999 -9999 -9999 -9999 -9999 -9999 26.413214 -9999 -9999 -9999 -9999 -9999 -9999 -9999 -9999 -9999 -9999 -9999 -9999 -9999 -9999 -9999 -9999 -9999 -9999 -9999 -9999 -9999 -9999 -9999 -9999 -9999
-9999 -9999 -9999 -9999 -9999 -9999 -9999 -9999 -9999 -9999 -9999 -9999 -9999 -9999 -9999 -9999 -9999 -9999 -9999 -9999 -9999 -9999 -9999 -9999 -9999 26.453323 26.433268 26.413214 -9999 -9999 -9999 -9999 -9999 -9999 -9999 -9999 -9999 -9999 -9999 -9999 -9999 -9999 -9999 -9999 -9999 -9999 -9999 -9999 -9999 -9999 -9999 -9999
-9999 -9999 -9999 -9999 -9999 -9999 -9999 -9999 -9999 -9999 -9999 -9999 -9999 -9999 -9999 -9999 -9999 -9999 -9999 -9999 -9999 -9999 -9999 -9999 26.449157 26.469184 26.453323 26.433268 26.413214 -9999 -9999 -9999 -9999 -9999 -9999 -9999 -9999 -9999 -9999 -9999 -9999 -9999 -9999 -9999 -9999 -9999 -9999 -9999 -9999 -9999 -9999 -9999
-9999 -9999 -9999 -9999 -9999 -9999 -9999 -9999 -9999 -9999 -9999 -9999 -9999 -9999 -9999 -9999 -9999 -9999 -9999 -9999 -9999 -9999 -9999 26.409102 26.42913 26.449157 26.469184 26.453323 26.433268 26.413214 -9999 -9999 -9999 -9999 -9999 -9999 -9999 -9999 -9999 -9999 -9999 -9999 -9999 -9999 -9999 -9999 -9999 -9999 -9999 -9999 -9999 -9999
-9999 -9999 -9999 -9999 -9999 -9999 -9999 -9999 -9999 -9999 -9999 -9999 -9999 -9999 -9999 -9999 -9999 -9999 -9999 -9999 -9999 -9999 26.477807 26.437076 26.409102 26.42913 26.449157 26.469184 26.453323 26.433268 26.413214 -9999 -9999 -9999 -9999 -9999 -9999 -9999 -9999 -9999 -9999 -9999 -9999 -9999 -9999 -9999 -9999 -9999 -9999 -9999 -9999 -9999
-9999 -9999 -9999 -9999 -9999 -9999 -9999 -9999 -9999 -9999 -9999 -9999 -9999 -9999 -9999 -9999 -9999 -9999 -9999 -9999 -9999 26.537588 26.518538 26.477807 26.437076 26.409102 26.42913 26.449157 26.469184 26.453323 26.433268 26.413214 -9999 -9999 -9999 -9999 -9999 -9999 -9999 -9999 -9999 -9999 -9999 -9999 -9999 -9999 -9999 -9999 -9999 -9999 -9999 -9999
-9999 -9999 -9999 -9999 -9999 -9999 -9999 -9999 -9999 -9999 -9999 -9999 -9999 -9999 -9999 -9999 -9999 -9999 -9999 -9999 26.527848 26.532718 26.537588 26.518538 26.477807 26.437076 26.409102 26.42913 26.449157 26.469184 26.453323 26.433268 26.413214 -9999 -9999 -9999 -9999 -9999 -9999 -9999 -9999 -9999 -9999 -9999 -9999 -9999 -9999 -9999 -9999 -9999 -9999 -9999
-9999 -9999 -9999 -9999 -9999 -9999 -9999 -9999 -9999 -9999 -9999 -9999 -9999 -9999 -9999 -9999 -9999 -9999 -9999 26.545393 26.526758 26.527848 26.532718 26.537588 26.518538 26.477807 26.437076 26.409102 26.42913 26.449157 26.469184 26.453323 26.433268 26.413214 -9999 -9999 -9999 -9999 -9999 -9999 -9999 -9999 -9999 -9999 -9999 -9999 -9999 -9999 -9999 -9999 -9999 -9999
-9999 -9999 -9999 -9999 -9999 -9999 -9999 -9999 -9999 -9999 -9999 -9999 -9999 -9999 -9999 -9999 -9999 -9999 26.582661 26.564027 26.545393 26.526758 26.527848 26.532718 26.537588 26.518538 26.477807 26.437076 26.409102 26.42913 26.449157 26.469184 26.453323 26.433268 26.413214 -9999 -9999 -9999 -9999 -9999 -9999 -9999 -9999 -9999 -9999 -9999 -9999 -9999 -9999 -9999 -9999 -9999
-9999 -9999 -9999 -9999 -9999 -9999 -9999 -9999 -9999 -9999 -9999 -9999 -9999 -9999 -9999 -9999 -9999 26.497413 26.545138 26.582661 26.564027 26.545393 26.526758 26.527848 26.532718 26.537588 26.518538 26.477807 26.437076 26.409102 26.42913 26.449157 26.469184 26.453323 26.433268 26.413214 -9999 -9999 -9999 -9999 -9999 -9999 -9999 -9999 -9999 -9999 -9999 -9999 -9999 -9999 -9999 -9999
-9999 -9999 -9999 -9999 -9999 -9999 -9999 -9999 -9999 -9999 -9999 -9999 -9999 -9999 -9999 -9999 26.427338 26.449688 26.497413 26.545138 26.582661 26.564027 26.545393 26.526758 26.527848 26.532718 26.537588 26.518538 26.477807 26.437076 26.409102 26.42913 26.449157 26.469184 26.453323 26.433268 26.413214 -9999 -9999 -9999 -9999 -9999 -9999 -9999 -9999 -9999 -9999 -9999 -9999 -9999 -9999 -9999
-9999 -9999 -9999 -9999 -9999 -9999 -9999 -9999 -9999 -9999 -9999 -9999 -9999 -9999 -9999 26.427338 26.427338 26.427338 26.449688 26.497413 26.545138 26.582661 26.564027 26.545393 26.526758 26.527848 26.532718 26.537588 26.518538 26.477807 26.437076 26.409102 26.42913 26.449157 26.469184 26.453323 26.433268 26.413214 -9999 -9999 -9999 -9999 -9999 -9999 -9999 -9999 -9999 -9999 -9999 -9999 -9999 -9999
-9999 -9999 -9999 -9999 -9999 -9999 -9999 -9999 -9999 -9999 -9999 -9999 -9999 -9999 26.485423 26.437699 26.427338 26.427338 26.427338 26.449688 26.497413 26.545138 26.582661 26.564027 26.545393 26.526758 26.527848 26.532718 26.537588 26.518538 26.477807 26.437076 26.409102 26.42913 26.449157 26.469184 26.453323 26.433268 26.413214 -9999 -9999 -9999 -9999 -9999 -9999 -9999 -9999 -9999 -9999 -9999 -9999 -9999
-9999 -9999 -9999 -9999 -9999 -9999 -9999 -9999 -9999 -9999 -9999 -9999 -9999 26.580873 26.533148 26.485423 26.437699 26.427338 26.427338 26.427338 26.449688 26.497413 26.545138 26.582661 26.564027 26.545393 26.526758 26.527848 26.532718 26.537588 26.518538 26.477807 26.437076 26.409102 26.42913 26.449157 26.469184 26.453323 26.433268 26.413214 -9999 -9999 -9999 -9999 -9999 -9999 -9999 -9999 -9999 -9999 -9999 -9999
-9999 -9999 -9999 -9999 -9999 -9999 -9999 -9999 -9999 -9999 -9999 -9999 26.550074 26.568708 26.580873 26.533148 26.485423 26.437699 26.427338 26.427338 26.427338 26.449688 26.497413 26.545138 26.582661 26.564027 26.545393 26.526758 26.527848 26.532718 26.537588 26.518538 26.477807 26.437076 26.409102 26.42913 26.449157 26.469184 26.453323 26.433268 26.413214 -9999 -9999 -9999 -9999 -9999 -9999 -9999 -9999 -9999 -9999 -9999
-9999 -9999 -9999 -9999 -9999 -9999 -9999 -9999 -9999 -9999 -9999 26.526624 26.53144 26.550074 26.568708 26.580873 26.533148 26.485423 26.437699 26.427338 26.427338 26.427338 26.449688 26.497413 26.545138 26.582661 26.564027 26.545393 26.526758 26.527848 26.532718 26.537588 26.518538 26.477807 26.437076 26.409102 26.42913 26.449157 26.469184 26.453323 26.433268 26.413214 -9999 -9999 -9999 -9999 -9999 -9999 -9999 -9999 -9999 -9999
-9999 -9999 -9999 -9999 -9999 -9999 -9999 -9999 -9999 -9999 26.536365 26.531494 26.526624 26.53144 26.550074 26.568708 26.580873 26.533148 26.485423 26.437699 26.427338 26.427338 26.427338 26.449688 26.497413 26.545138 26.582661 26.564027 26.545393 26.494634 26.527848 26.532718 26.512522 26.518538 26.477807 26.437076 26.409102 26.42913 26.449157 26.469184 26.453323 26.433268 26.413214 -9999 -9999 -9999 -9999 -9999 -9999 -9999 -9999 -9999
-9999 -9999 -9999 -9999 -9999 -9999 -9999 -9999 -9999 26.488039 26.52877 26.536365 26.531494 26.526624 26.53144 26.550074 26.568708 26.580873 26.533148 26.485423 26.437699 26.427338 26.427338 26.427338 26.446537 26.497413 26.545138 26.582661 26.4114 26.313558 26.494634 26.502781 26.298082 26.425056 26.518538 26.477807 26.437076 26.409102 26.42913 26.449157 26.469184 26.453323 26.433268 26.413214 -9999 -9999 -9999 -9999 -9999 -9999 -9999 -9999
-9999 -9999 -9999 -9999 -9999 -9999 -9999 -9999 26.406577 26.447308 26.488039 26.52877 26.536365 26.531494 26.526624 26.53144 26.550074 26.568708 26.580873 26.533148 26.485423 26.437699 26.427338 26.402752 26.362228 26.365488 26.418457 26.353778 26.253207 26.132481 26.297765 26.274084 26.083642 26.183495 26.425056 26.518538 26.477807 26.437076 26.409102 26.42913 26.449157 26.469184 26.453323 26.433268 26.413214 -9999 -9999 -9999 -9999 -9999 -9999 -9999
-9999 -9999 -9999 -9999 -9999 -9999 -9999 26.444126 26.424098 26.406577 26.447308 26.488039 26.52877 26.536365 26.531494 26.526624 26.53144 26.550074 26.568708 26.580873 26.533148 26.485423 26.42305 26.362228 26.321704 26.281179 26.164453 26.082025 25.999597 25.935613 25.984658 25.971011 25.854945 25.941935 26.183495 26.425056 26.518538 26.477807 26.437076 26.409102 26.42913 26.449157 26.469184 26.453323 26.433268 26.413214 -9999 -9999 -9999 -9999 -9999 -9999
-9999 -9999 -9999 -9999 -9999 -9999 26.458361 26.464153 26.444126 26.424098 26.406577 26.447308 26.488039 26.52877 26.536365 26.531494 26.526624 26.53144 26.550074 26.568708 26.580873 26.533148 26.476019 26.342001 26.281179 26.11697 25.933149 25.796812 25.720578 25.68994 25.671551 25.667938 25.630687 25.974397 26.241146 26.455597 26.537588 26.518538 26.477807 26.437076 26.409102 26.42913 26.449157 26.469184 26.453323 26.433268 26.413214 -9999 -9999 -9999 -9999 -9999
-9999 -9999 -9999 -9999 -9999 26.418252 26.438306 26.458361 26.464153 26.444126 26.424098 26.406577 26.447308 26.488039 26.52877 26.536365 26.531494 26.526624 26.53144 26.550074 26.568708 26.580873 26.528988 26.39497 26.137267 25.933149 25.749328 25.587494 25.565144 25.517419 25.469694 25.44368 25.537183 25.853784 26.393362 26.527659 26.532715 26.537588 26.518538 26.477807 26.437076 26.409102 26.42913 26.449157 26.469184 26.453323 26.433268 26.413214 -9999 -9999 -9999 -9999
-9999 -9999 -9999 -9999 26.416639 26.40774 26.418252 26.438306 26.458361 26.464153 26.444126 26.424098 26.406577 26.447308 26.488039 26.52877 26.536365 26.531494 26.526624 26.53144 26.550074 26.568708 26.580873 26.324254 26.04694 25.769625 25.587494 25.587494 25.587494 25.565144 25.517419 25.469694 25.44368 25.733172 26.335609 26.526574 26.527833 26.532718 26.537588 26.518538 26.477807 26.437076 26.409102 26.42913 26.449157 26.469184 26.453323 26.433268 26.413214 -9999 -9999 -9999
-9999 -9999 -9999 -9999 26.425538 26.416639 26.40774 26.418252 26.438306 26.458361 26.464153 26.444126 26.424098 26.406577 26.447308 26.488039 26.52877 26.536365 26.531494 26.526624 26.53144 26.550074 26.438313 26.291341 26.009788 25.730512 25.583449 25.587494 25.587494 25.587494 25.565144 25.517419 25.469694 25.675418 26.314372 26.545296 26.526749 26.527848 26.532718 26.537588 26.518538 26.477807 26.437076 26.409102 26.42913 26.449157 26.469184 26.453323 26.433268 26.413214 -9999 -9999
-9999 -9999 -9999 -9999 -9999 26.425538 26.416639 26.40774 26.418252 26.438306 26.458361 26.464153 26.444126 26.424098 26.406577 26.447308 26.488039 26.52877 26.536365 26.531494 26.526624 26.461132 26.309146 26.15716 25.991479 25.728965 25.564814 25.583449 25.587494 25.587494 25.587494 25.565144 25.712786 25.973919 26.293135 26.564017 26.545393 26.526758 26.527848 26.532718 26.537588 26.518538 26.477807 26.437076 26.409102 26.42913 26.449157 26.469184 26.453323 26.433268 26.413214 -9999
-9999 -9999 -9999 -9999 -9999 -9999 26.425538 26.416639 26.40774 26.418252 26.438306 26.458361 26.464153 26.444126 26.424098 26.406577 26.447308 26.488039 26.52877 26.536365 26.531494 26.526624 26.461132 26.28716 25.956556 25.727417 25.54618 25.564814 25.583449 25.587494 25.587494 25.60518 25.720802 26.022809 26.324815 26.582661 26.564027 26.545393 26.526758 26.527848 26.532718 26.537588 26.518538 26.477807 26.437076 26.409102 26.42913 26.449157 26.469184 26.453323 -9999 -9999
-9999 -9999 -9999 -9999 -9999 -9999 -9999 26.425538 26.416639 26.40774 26.418252 26.438306 26.458361 26.464153 26.444126 26.424098 26.406577 26.447308 26.488039 26.52877 26.536365 26.531494 26.526624 26.255334 25.919536 25.692494 25.527546 25.54618 25.564814 25.583449 25.60636 25.636186 25.591221 25.706843 26.015054 26.32404 26.582661 26.564027 26.545393 26.526758 26.527848 26.532718 26.537588 26.518538 26.477807 26.437076 26.409102 26.42913 26.449157 -9999 -9999 -9999
-9999 -9999 -9999 -9999 -9999 -9999 -9999 -9999 26.425538 26.416639 26.40774 26.418252 26.438306 26.458361 26.464153 26.444126 26.424098 26.406577 26.447308 26.488039 26.52877 26.536365 26.531494 26.259067 25.887709 25.70362 25.610117 25.527546 25.54618 25.743888 25.694242 25.666012 25.62581 25.789117 26.020691 26.299741 26.545138 26.582661 26.564027 26.545393 26.526758 26.527848 26.532718 26.537588 26.518538 26.477807 26.437076 26.409102 -9999 -9999 -9999 -9999
-9999 -9999 -9999 -9999 -9999 -9999 -9999 -9999 -9999 26.425538 26.416639 26.40774 26.418252 26.438306 26.458361 26.464153 26.444126 26.424098 26.406577 26.447308 26.488039 26.52877 26.536365 26.287725 26.029658 25.96442 25.847143 25.729866 25.70662 26.008355 25.991485 25.753893 25.872078 26.062011 26.251767 26.449688 26.497413 26.545138 26.582661 26.564027 26.545393 26.526758 26.527848 26.532718 26.537588 26.518538 26.477807 -9999 -9999 -9999 -9999 -9999
-9999 -9999 -9999 -9999 -9999 -9999 -9999 -9999 -9999 -9999 26.425538 26.416639 26.40774 26.418252 26.438306 26.458361 26.464153 26.444126 26.424098 26.406577 26.447308 26.488039 26.52877 26.454598 26.425833 26.397069 26.331831 26.098419 25.971086 26.272821 26.288728 26.197551 26.124653 26.261117 26.427338 26.427338 26.449688 26.497413 26.545138 26.582661 26.564027 26.545393 26.526758 26.527848 26.532718 26.537588 -9999 -9999 -9999 -9999 -9999 -9999
-9999 -9999 -9999 -9999 -9999 -9999 -9999 -9999 -9999 -9999 -9999 26.425538 26.416639 26.40774 26.418252 26.438306 26.458361 26.464153 26.444126 26.424098 26.406577 26.447308 26.488039 26.52877 26.536277 26.531286 26.526295 26.399509 26.235553 26.537288 26.580873 26.533148 26.485423 26.437699 26.427338 26.427338 26.427338 26.449688 26.497413 26.545138 26.582661 26.564027 26.545393 26.526758 26.527848 -9999 -9999 -9999 -9999 -9999 -9999 -9999
-9999 -9999 -9999 -9999 -9999 -9999 -9999 -9999 -9999 -9999 -9999 -9999 26.425538 26.416639 26.40774 26.418252 26.438306 26.458361 26.464153 26.444126 26.424098 26.406577 26.447308 26.488039 26.52877 26.536277 26.531286 26.526506 26.500019 26.550074 26.568708 26.580873 26.533148 26.485423 26.437699 26.427338 26.427338 26.427338 26.449688 26.497413 26.545138 26.582661 26.564027 26.545393 -9999 -9999 -9999 -9999 -9999 -9999 -9999 -9999
-9999 -9999 -9999 -9999 -9999 -9999 -9999 -9999 -9999 -9999 -9999 -9999 -9999 26.425538 26.416639 26.40774 26.418252 26.438306 26.458361 26.464153 26.444126 26.424098 26.406577 26.447308 26.488039 26.52877 26.536277 26.531483 26.526624 26.53144 26.550074 26.568708 26.580873 26.533148 26.485423 26.437699 26.427338 26.427338 26.427338 26.45516 26.497416 26.545138 26.582661 -9999 -9999 -9999 -9999 -9999 -9999 -9999 -9999 -9999
-9999 -9999 -9999 -9999 -9999 -9999 -9999 -9999 -9999 -9999 -9999 -9999 -9999 -9999 26.425538 26.416639 26.40774 26.418252 26.438306 26.458361 26.464153 26.444126 26.424098 26.406577 26.447308 26.488039 26.52877 26.536365 26.531494 26.526624 26.53144 26.550074 26.568708 26.580873 26.533148 26.485423 26.437699 26.427338 26.45516 26.50476 26.583804 26.577548 -9999 -9999 -9999 -9999 -9999 -9999 -9999 -9999 -9999 -9999
-9999 -9999 -9999 -9999 -9999 -9999 -9999 -9999 -9999 -9999 -9999 -9999 -9999 -9999 -9999 26.425538 26.416639 26.40774 26.418252 26.438306 26.458361 26.464153 26.444126 26.424098 26.406577 26.447308 26.488039 26.52877 26.536365 26.531494 26.526624 26.53144 26.550074 26.568708 26.580873 26.533148 26.485423 26.521166 26.584011 26.575855 26.5677 -9999 -9999 -9999 -9999 -9999 -9999 -9999 -9999 -9999 -9999 -9999
-9999 -9999 -9999 -9999 -9999 -9999 -9999 -9999 -9999 -9999 -9999 -9999 -9999 -9999 -9999 -9999 26.425538 26.416639 26.40774 26.418252 26.438306 26.458361 26.464153 26.444126 26.424098 26.406577 26.447308 26.488039 26.52877 26.536365 26.531494 26.526624 26.53144 26.550074 26.568708 26.580873 26.582318 26.574163 26.566007 26.557852 -9999 -9999 -9999 -9999 -9999 -9999 -9999 -9999 -9999 -9999 -9999 -9999
-9999 -9999 -9999 -9999 -9999 -9999 -9999 -9999 -9999 -9999 -9999 -9999 -9999 -9999 -9999 -9999 -9999 26.425538 26.416639 26.40774 26.418252 26.438306 26.458361 26.464153 26.444126 26.424098 26.406577 26.447308 26.488039 26.52877 26.536365 26.531494 26.526624 26.53144 26.550074 26.57247 26.564315 26.55616 26.548004 -9999 -9999 -9999 -9999 -9999 -9999 -9999 -9999 -9999 -9999 -9999 -9999 -9999
-9999 -9999 -9999 -9999 -9999 -9999 -9999 -9999 -9999 -9999 -9999 -9999 -9999 -9999 -9999 -9999 -9999 -9999 26.425538 26.416639 26.40774 26.418252 26.438306 26.458361 26.464153 26.444126 26.424098 26.406577 26.447308 26.488039 26.52877 26.536365 26.531494 26.526624 26.554799 26.554467 26.546312 26.538156 -9999 -9999 -9999 -9999 -9999 -9999 -9999 -9999 -9999 -9999 -9999 -9999 -9999 -9999
-9999 -9999 -9999 -9999 -9999 -9999 -9999 -9999 -9999 -9999 -9999 -9999 -9999 -9999 -9999 -9999 -9999 -9999 -9999 26.425538 26.416639 26.40774 26.418252 26.438306 26.458361 26.464153 26.444126 26.424098 26.406577 26.447308 26.488039 26.52877 26.536365 26.51753 26.544619 26.536464 26.528308 -9999 -9999 -9999 -9999 -9999 -9999 -9999 -9999 -9999 -9999 -9999 -9999 -9999 -9999 -9999
-9999 -9999 -9999 -9999 -9999 -9999 -9999 -9999 -9999 -9999 -9999 -9999 -9999 -9999 -9999 -9999 -9999 -9999 -9999 -9999 26.425538 26.416639 26.40774 26.418252 26.438306 26.458361 26.464153 26.444126 26.424098 26.406577 26.447308 26.488039 26.523487 26.534374 26.526616 26.518461 -9999 -9999 -9999 -9999 -9999 -9999 -9999 -9999 -9999 -9999 -9999 -9999 -9999 -9999 -9999 -9999
-9999 -9999 -9999 -9999 -9999 -9999 -9999 -9999 -9999 -9999 -9999 -9999 -9999 -9999 -9999 -9999 -9999 -9999 -9999 -9999 -9999 26.425538 26.416639 26.40774 26.418252 26.438306 26.458361 26.464153 26.444126 26.424098 26.406577 26.482729 26.501401 26.516768 26.508613 -9999 -9999 -9999 -9999 -9999 -9999 -9999 -9999 -9999 -9999 -9999 -9999 -9999 -9999 -9999 -9999 -9999
-9999 -9999 -9999 -9999 -9999 -9999 -9999 -9999 -9999 -9999 -9999 -9999 -9999 -9999 -9999 -9999 -9999 -9999 -9999 -9999 -9999 -9999 26.425538 26.416639 26.40774 26.418252 26.438306 26.458361 26.464153 26.444126 26.424098 26.495794 26.50692 26.498765 -9999 -9999 -9999 -9999 -9999 -9999 -9999 -9999 -9999 -9999 -9999 -9999 -9999 -9999 -9999 -9999 -9999 -9999
