test/data/morpho1_16m/processor_outputs/default/OUTPUT_T_315_0_12h.tif
NCOLS 54
NROWS 54
XLLCORNER 354593.69
YLLCORNER 6687434.7
DX 19.678195
DY 19.678195
NODATA_VALUE -9999
[rows 0 to 38 of 54, columns 0 to 53 of 54]
-9999 -9999 -9999 -9999 -9999 -9999 -9999 -9999 -9999 -9999 -9999 -9999 -9999 -9999 -9999 -9999 -9999 -9999 -9999 -9999 -9999 -9999 -9999 -9999 -9999 -9999 -9999 -9999 -9999 -9999 -9999 -9999 -9999 -9999 -9999 -9999 -9999 -9999 -9999 -9999 -9999 -9999 -9999 -9999 -9999 -9999 -9999 -9999 -9999 -9999 -9999 -9999 -9999 -9999
-9999 -9999 -9999 -9999 -9999 -9999 -9999 -9999 -9999 -9999 -9999 -9999 -9999 -9999 -9999 -9999 -9999 -9999 -9999 -9999 -9999 -9999 -9999 -9999 -9999 -9999 -9999 -9999 26.436031 26.417564 -9999 -9999 -9999 -9999 -9999 -9999 -9999 -9999 -9999 -9999 -9999 -9999 -9999 -9999 -9999 -9999 -9999 -9999 -9999 -9999 -9999 -9999 -9999 -9999
-9999 -9999 -9999 -9999 -9999 -9999 -9999 -9999 -9999 -9999 -9999 -9999 -9999 -9999 -9999 -9999 -9999 -9999 -9999 -9999 -9999 -9999 -9999 -9999 -9999 -9999 -9999 26.469597 26.454497 26.436031 26.417564 -9999 -9999 -9999 -9999 -9999 -9999 -9999 -9999 -9999 -9999 -9999 -9999 -9999 -9999 -9999 -9999 -9999 -9999 -9999 -9999 -9999 -9999 -9999
-9999 -9999 -9999 -9999 -9999 -9999 -9999 -9999 -9999 -9999 -9999 -9999 -9999 -9999 -9999 -9999 -9999 -9999 -9999 -9999 -9999 -9999 -9999 -9999 -9999 -9999 26.432714 26.451156 26.469597 26.454497 26.436031 26.417564 -9999 -9999 -9999 -9999 -9999 -9999 -9999 -9999 -9999 -9999 -9999 -9999 -9999 -9999 -9999 -9999 -9999 -9999 -9999 -9999 -9999 -9999
-9999 -9999 -9999 -9999 -9999 -9999 -9999 -9999 -9999 -9999 -9999 -9999 -9999 -9999 -9999 -9999 -9999 -9999 -9999 -9999 -9999 -9999 -9999 -9999 -9999 26.423337 26.414272 26.432714 26.451156 26.469597 26.454497 26.436031 26.417564 -9999 -9999 -9999 -9999 -9999 -9999 -9999 -9999 -9999 -9999 -9999 -9999 -9999 -9999 -9999 -9999 -9999 -9999 -9999 -9999 -9999
-9999 -9999 -9999 -9999 -9999 -9999 -9999 -9999 -9999 -9999 -9999 -9999 -9999 -9999 -9999 -9999 -9999 -9999 -9999 -9999 -9999 -9999 -9999 -9999 26.498349 26.460843 26.423337 26.414272 26.432714 26.451156 26.469597 26.454497 26.436031 26.417564 -9999 -9999 -9999 -9999 -9999 -9999 -9999 -9999 -9999 -9999 -9999 -9999 -9999 -9999 -9999 -9999 -9999 -9999 -9999 -9999
-9999 -9999 -9999 -9999 -9999 -9999 -9999 -9999 -9999 -9999 -9999 -9999 -9999 -9999 -9999 -9999 -9999 -9999 -9999 -9999 -9999 -9999 -9999 26.535903 26.535855 26.498349 26.460843 26.423337 26.414272 26.432714 26.451156 26.469597 26.454497 26.436031 26.417564 -9999 -9999 -9999 -9999 -9999 -9999 -9999 -9999 -9999 -9999 -9999 -9999 -9999 -9999 -9999 -9999 -9999 -9999 -9999
-9999 -9999 -9999 -9999 -9999 -9999 -9999 -9999 -9999 -9999 -9999 -9999 -9999 -9999 -9999 -9999 -9999 -9999 -9999 -9999 -9999 -9999 26.526934 26.531419 26.535903 26.535855 26.498349 26.460843 26.423337 26.414272 26.432714 26.451156 26.469597 26.454497 26.436031 26.417564 -9999 -9999 -9999 -9999 -9999 -9999 -9999 -9999 -9999 -9999 -9999 -9999 -9999 -9999 -9999 -9999 -9999 -9999
-9999 -9999 -9999 -9999 -9999 -9999 -9999 -9999 -9999 -9999 -9999 -9999 -9999 -9999 -9999 -9999 -9999 -9999 -9999 -9999 -9999 26.545938 26.528779 26.526934 26.531419 26.535903 26.535855 26.498349 26.460843 26.423337 26.414272 26.432714 26.451156 26.469597 26.454497 26.436031 26.417564 -9999 -9999 -9999 -9999 -9999 -9999 -9999 -9999 -9999 -9999 -9999 -9999 -9999 -9999 -9999 -9999 -9999
-9999 -9999 -9999 -9999 -9999 -9999 -9999 -9999 -9999 -9999 -9999 -9999 -9999 -9999 -9999 -9999 -9999 -9999 -9999 -9999 26.580256 26.563097 26.545938 26.528779 26.526934 26.531419 26.535903 26.535855 26.498349 26.460843 26.423337 26.414272 26.432714 26.451156 26.469597 26.454497 26.436031 26.417564 -9999 -9999 -9999 -9999 -9999 -9999 -9999 -9999 -9999 -9999 -9999 -9999 -9999 -9999 -9999 -9999
-9999 -9999 -9999 -9999 -9999 -9999 -9999 -9999 -9999 -9999 -9999 -9999 -9999 -9999 -9999 -9999 -9999 -9999 -9999 26.51113 26.555076 26.580256 26.563097 26.545938 26.528779 26.526934 26.531419 26.535903 26.535855 26.498349 26.460843 26.423337 26.414272 26.432714 26.451156 26.469597 26.454497 26.436031 26.417564 -9999 -9999 -9999 -9999 -9999 -9999 -9999 -9999 -9999 -9999 -9999 -9999 -9999 -9999 -9999
-9999 -9999 -9999 -9999 -9999 -9999 -9999 -9999 -9999 -9999 -9999 -9999 -9999 -9999 -9999 -9999 -9999 -9999 26.427338 26.467184 26.51113 26.555076 26.580256 26.563097 26.545938 26.528779 26.526934 26.531419 26.535903 26.535855 26.498349 26.460843 26.423337 26.414272 26.432714 26.451156 26.469597 26.454497 26.436031 26.417564 -9999 -9999 -9999 -9999 -9999 -9999 -9999 -9999 -9999 -9999 -9999 -9999 -9999 -9999
-9999 -9999 -9999 -9999 -9999 -9999 -9999 -9999 -9999 -9999 -9999 -9999 -9999 -9999 -9999 -9999 -9999 26.427338 26.427338 26.427338 26.467184 26.51113 26.555076 26.580256 26.563097 26.545938 26.528779 26.526934 26.531419 26.535903 26.535855 26.498349 26.460843 26.423337 26.414272 26.432714 26.451156 26.469597 26.454497 26.436031 26.417564 -9999 -9999 -9999 -9999 -9999 -9999 -9999 -9999 -9999 -9999 -9999 -9999 -9999
-9999 -9999 -9999 -9999 -9999 -9999 -9999 -9999 -9999 -9999 -9999 -9999 -9999 -9999 -9999 -9999 26.449034 26.427338 26.427338 26.427338 26.427338 26.467184 26.51113 26.555076 26.580256 26.563097 26.545938 26.528779 26.526934 26.531419 26.535903 26.535855 26.498349 26.460843 26.423337 26.414272 26.432714 26.451156 26.469597 26.454497 26.436031 26.417564 -9999 -9999 -9999 -9999 -9999 -9999 -9999 -9999 -9999 -9999 -9999 -9999
-9999 -9999 -9999 -9999 -9999 -9999 -9999 -9999 -9999 -9999 -9999 -9999 -9999 -9999 -9999 26.536927 26.492981 26.449034 26.427338 26.427338 26.427338 26.427338 26.467184 26.51113 26.555076 26.580256 26.563097 26.545938 26.528779 26.526934 26.531419 26.535903 26.535855 26.498349 26.460843 26.423337 26.414272 26.432714 26.451156 26.469597 26.454497 26.436031 26.417564 -9999 -9999 -9999 -9999 -9999 -9999 -9999 -9999 -9999 -9999 -9999
-9999 -9999 -9999 -9999 -9999 -9999 -9999 -9999 -9999 -9999 -9999 -9999 -9999 -9999 26.570183 26.580873 26.536927 26.492981 26.449034 26.427338 26.427338 26.427338 26.427338 26.467184 26.51113 26.555076 26.580256 26.563097 26.545938 26.528779 26.526934 26.531419 26.535903 26.535855 26.498349 26.460843 26.423337 26.414272 26.432714 26.451156 26.469597 26.454497 26.436031 26.417564 -9999 -9999 -9999 -9999 -9999 -9999 -9999 -9999 -9999 -9999
-9999 -9999 -9999 -9999 -9999 -9999 -9999 -9999 -9999 -9999 -9999 -9999 -9999 26.535866 26.553025 26.570183 26.580873 26.536927 26.492981 26.449034 26.427338 26.427338 26.427338 26.427338 26.467184 26.51113 26.555076 26.580256 26.563097 26.545938 26.528779 26.526934 26.531419 26.535903 26.535855 26.498349 26.460843 26.423337 26.414272 26.432714 26.451156 26.469597 26.454497 26.436031 26.417564 -9999 -9999 -9999 -9999 -9999 -9999 -9999 -9999 -9999
-9999 -9999 -9999 -9999 -9999 -9999 -9999 -9999 -9999 -9999 -9999 -9999 26.529566 26.525082 26.535866 26.553025 26.570183 26.580873 26.536927 26.492981 26.449034 26.427338 26.427338 26.427338 26.427338 26.467184 26.51113 26.555076 26.580256 26.563097 26.397155 26.484302 26.526934 26.531419 26.535903 26.535855 26.498349 26.460843 26.423337 26.414272 26.432714 26.451156 26.469597 26.454497 26.436031 26.417564 -9999 -9999 -9999 -9999 -9999 -9999 -9999 -9999
-9999 -9999 -9999 -9999 -9999 -9999 -9999 -9999 -9999 -9999 -9999 26.538536 26.534051 26.529566 26.525082 26.535866 26.553025 26.570183 26.580873 26.536927 26.492981 26.449034 26.427338 26.427338 26.427338 26.397895 26.43269 26.476455 26.52022 26.431473 26.261713 26.349388 26.439308 26.426416 26.430391 26.434367 26.535855 26.498349 26.460843 26.423337 26.414272 26.432714 26.451156 26.469597 26.454497 26.436031 26.417564 -9999 -9999 -9999 -9999 -9999 -9999 -9999
-9999 -9999 -9999 -9999 -9999 -9999 -9999 -9999 -9999 -9999 26.476332 26.513838 26.538536 26.534051 26.529566 26.525082 26.535866 26.553025 26.570183 26.580873 26.536927 26.492981 26.449034 26.427338 26.397895 26.345517 26.293139 26.327934 26.307997 26.241614 26.12627 26.173482 26.19856 26.144863 26.131971 26.25383 26.405027 26.535855 26.498349 26.460843 26.423337 26.414272 26.432714 26.451156 26.469597 26.454497 26.436031 26.417564 -9999 -9999 -9999 -9999 -9999 -9999
-9999 -9999 -9999 -9999 -9999 -9999 -9999 -9999 -9999 26.406656 26.438826 26.476332 26.513838 26.538536 26.534051 26.529566 26.525082 26.535866 26.553025 26.570183 26.580873 26.536927 26.492981 26.419592 26.345517 26.293139 26.24076 26.12468 26.094139 26.027635 25.954605 25.932878 25.957812 25.904116 26.0645 26.234262 26.385875 26.517613 26.535855 26.498349 26.460843 26.423337 26.414272 26.432714 26.451156 26.469597 26.454497 26.436031 26.417564 -9999 -9999 -9999 -9999 -9999
-9999 -9999 -9999 -9999 -9999 -9999 -9999 -9999 26.443539 26.425098 26.406656 26.438826 26.476332 26.513838 26.538536 26.534051 26.529566 26.525082 26.535866 26.553025 26.570183 26.580873 26.507485 26.41116 26.314836 26.24076 26.12468 26.006965 25.88925 25.83185 25.787538 25.743226 25.717065 25.877449 26.091115 26.304782 26.454667 26.513222 26.535903 26.535855 26.498349 26.460843 26.423337 26.414272 26.432714 26.451156 26.469597 26.454497 26.436031 26.417564 -9999 -9999 -9999 -9999
-9999 -9999 -9999 -9999 -9999 -9999 -9999 26.462124 26.461981 26.443539 26.425098 26.406656 26.438826 26.476332 26.513838 26.538536 26.534051 26.529566 26.525082 26.535866 26.553025 26.570183 26.575347 26.479204 26.38306 26.168209 26.006965 25.88925 25.81719 25.81719 25.777344 25.733398 25.689452 25.724495 25.937745 26.203085 26.4603 26.508831 26.531419 26.535903 26.535855 26.498349 26.460843 26.423337 26.414272 26.432714 26.451156 26.469597 26.454497 26.436031 26.417564 -9999 -9999 -9999
-9999 -9999 -9999 -9999 -9999 -9999 26.42519 26.443657 26.462124 26.461981 26.443539 26.425098 26.406656 26.438826 26.476332 26.513838 26.538536 26.534051 26.529566 26.525082 26.535866 26.553025 26.570183 26.575347 26.356628 26.138658 25.932779 25.81719 25.81719 25.81719 25.81719 25.777344 25.733398 25.689452 25.776585 26.233717 26.490182 26.514464 26.526934 26.531419 26.535903 26.535855 26.498349 26.460843 26.423337 26.414272 26.432714 26.451156 26.469597 26.454497 26.436031 26.417564 -9999 -9999
-9999 -9999 -9999 -9999 -9999 26.412151 26.406723 26.42519 26.443657 26.462124 26.461981 26.443539 26.425098 26.406656 26.438826 26.476332 26.513838 26.538536 26.534051 26.529566 26.525082 26.535866 26.553025 26.559631 26.32705 26.109108 25.948883 25.860719 25.81719 25.81719 25.81719 25.81719 25.777344 25.733398 25.817026 26.264349 26.520063 26.536406 26.528779 26.526934 26.531419 26.535903 26.535855 26.498349 26.460843 26.423337 26.414272 26.432714 26.451156 26.469597 26.454497 26.436031 26.417564 -9999
-9999 -9999 -9999 -9999 26.42854 26.420346 26.412151 26.406723 26.42519 26.443657 26.462124 26.461981 26.443539 26.425098 26.406656 26.438826 26.476332 26.513838 26.538536 26.534051 26.529566 26.525082 26.535866 26.542037 26.308188 26.095372 26.006842 25.918312 25.829781 25.81719 25.81719 25.81719 25.81719 25.777344 25.861816 26.304791 26.542006 26.553615 26.545938 26.528779 26.526934 26.531419 26.535903 26.535855 26.498349 26.460843 26.423337 26.414272 26.432714 26.451156 26.469597 26.454497 26.436031 26.417564
-9999 -9999 -9999 -9999 -9999 26.42854 26.420346 26.412151 26.406723 26.42519 26.443657 26.462124 26.461981 26.443539 26.425098 26.406656 26.438826 26.476332 26.513838 26.538536 26.534051 26.529566 26.525082 26.524443 26.29268 26.07149 25.883994 25.795463 25.79156 25.808719 25.81719 25.81719 25.81719 25.81719 25.906607 26.205826 26.419327 26.570824 26.563097 26.545938 26.528779 26.526934 26.531419 26.535903 26.535855 26.498349 26.460843 26.423337 26.414272 26.432714 26.451156 26.469597 26.454497 -9999
-9999 -9999 -9999 -9999 -9999 -9999 26.42854 26.420346 26.412151 26.406723 26.42519 26.443657 26.462124 26.461981 26.443539 26.425098 26.406656 26.438826 26.476332 26.513838 26.538536 26.534051 26.529566 26.478408 26.280466 26.059327 25.860112 25.757242 25.774401 25.79156 25.853433 25.81719 25.81719 25.81719 25.918278 26.127375 26.341385 26.549048 26.580256 26.563097 26.545938 26.528779 26.526934 26.531419 26.535903 26.535855 26.498349 26.460843 26.423337 26.414272 26.432714 26.451156 -9999 -9999
-9999 -9999 -9999 -9999 -9999 -9999 -9999 26.42854 26.420346 26.412151 26.406723 26.42519 26.443657 26.462124 26.461981 26.443539 26.425098 26.406656 26.438826 26.476332 26.513838 26.538536 26.487377 26.36255 26.237724 26.047163 25.932575 25.83905 25.757242 25.819115 26.045624 25.911721 25.81719 25.918278 26.079642 26.241006 26.443758 26.496403 26.549048 26.580256 26.563097 26.545938 26.528779 26.526934 26.531419 26.535903 26.535855 26.498349 26.460843 26.423337 26.414272 -9999 -9999 -9999
-9999 -9999 -9999 -9999 -9999 -9999 -9999 -9999 26.42854 26.420346 26.412151 26.406723 26.42519 26.443657 26.462124 26.461981 26.443539 26.425098 26.406656 26.438826 26.476332 26.513838 26.501954 26.377543 26.253133 26.196843 26.119487 26.026256 25.922387 26.011307 26.237816 26.103188 26.013856 26.08152 26.242889 26.398191 26.405252 26.453672 26.506348 26.555076 26.580256 26.563097 26.545938 26.528779 26.526934 26.531419 26.535903 26.535855 26.498349 26.460843 -9999 -9999 -9999 -9999
-9999 -9999 -9999 -9999 -9999 -9999 -9999 -9999 -9999 26.42854 26.420346 26.412151 26.406723 26.42519 26.443657 26.462124 26.461981 26.443539 26.425098 26.406656 26.438826 26.476332 26.513838 26.501954 26.445664 26.406328 26.366992 26.278998 26.13596 26.223155 26.430007 26.39679 26.368361 26.339932 26.401526 26.408588 26.41565 26.422711 26.467184 26.51113 26.555076 26.580256 26.563097 26.545938 26.528779 26.526934 26.531419 26.535903 26.535855 -9999 -9999 -9999 -9999 -9999
-9999 -9999 -9999 -9999 -9999 -9999 -9999 -9999 -9999 -9999 26.42854 26.420346 26.412151 26.406723 26.42519 26.443657 26.462124 26.461981 26.443539 26.425098 26.406656 26.438826 26.476332 26.513838 26.527815 26.488185 26.448555 26.441373 26.349533 26.43733 26.510707 26.536875 26.507958 26.478451 26.434529 26.416417 26.423472 26.427338 26.427338 26.467184 26.51113 26.555076 26.580256 26.563097 26.545938 26.528779 26.526934 26.531419 -9999 -9999 -9999 -9999 -9999 -9999
-9999 -9999 -9999 -9999 -9999 -9999 -9999 -9999 -9999 -9999 -9999 26.42854 26.420346 26.412151 26.406723 26.42519 26.443657 26.462124 26.461981 26.443539 26.425098 26.406656 26.438826 26.476332 26.513838 26.527815 26.488185 26.481125 26.511908 26.520357 26.515532 26.548991 26.580406 26.536484 26.492563 26.448641 26.427338 26.427338 26.427338 26.427338 26.467184 26.51113 26.555076 26.580256 26.563097 26.545938 26.528779 -9999 -9999 -9999 -9999 -9999 -9999 -9999
-9999 -9999 -9999 -9999 -9999 -9999 -9999 -9999 -9999 -9999 -9999 -9999 26.42854 26.420346 26.412151 26.406723 26.42519 26.443657 26.462124 26.461981 26.443539 26.425098 26.406656 26.438826 26.476332 26.513838 26.527815 26.520877 26.529566 26.525082 26.520357 26.553025 26.570183 26.580873 26.536927 26.492981 26.449034 26.427338 26.427338 26.427338 26.427338 26.467184 26.51113 26.555076 26.580256 26.563097 -9999 -9999 -9999 -9999 -9999 -9999 -9999 -9999
-9999 -9999 -9999 -9999 -9999 -9999 -9999 -9999 -9999 -9999 -9999 -9999 -9999 26.42854 26.420346 26.412151 26.406723 26.42519 26.443657 26.462124 26.461981 26.443539 26.425098 26.406656 26.438826 26.476332 26.513838 26.538536 26.534051 26.529566 26.525082 26.535866 26.553025 26.570183 26.580873 26.536927 26.492981 26.449034 26.427338 26.427338 26.427338 26.439594 26.483693 26.527792 26.57507 -9999 -9999 -9999 -9999 -9999 -9999 -9999 -9999 -9999
-9999 -9999 -9999 -9999 -9999 -9999 -9999 -9999 -9999 -9999 -9999 -9999 -9999 -9999 26.42854 26.420346 26.412151 26.406723 26.42519 26.443657 26.462124 26.461981 26.443539 26.425098 26.406656 26.438826 26.476332 26.513838 26.538536 26.534051 26.529566 26.525082 26.535866 26.553025 26.570183 26.580873 26.536927 26.492981 26.449034 26.427338 26.439594 26.486262 26.574613 26.577536 -9999 -9999 -9999 -9999 -9999 -9999 -9999 -9999 -9999 -9999
-9999 -9999 -9999 -9999 -9999 -9999 -9999 -9999 -9999 -9999 -9999 -9999 -9999 -9999 -9999 26.42854 26.420346 26.412151 26.406723 26.42519 26.443657 26.462124 26.461981 26.443539 26.425098 26.406656 26.438826 26.476332 26.513838 26.538536 26.534051 26.529566 26.525082 26.535866 26.553025 26.570183 26.580873 26.536927 26.492981 26.485805 26.574155 26.577583 26.568468 -9999 -9999 -9999 -9999 -9999 -9999 -9999 -9999 -9999 -9999 -9999
-9999 -9999 -9999 -9999 -9999 -9999 -9999 -9999 -9999 -9999 -9999 -9999 -9999 -9999 -9999 -9999 26.42854 26.420346 26.412151 26.406723 26.42519 26.443657 26.462124 26.461981 26.443539 26.425098 26.406656 26.438826 26.476332 26.513838 26.538536 26.534051 26.529566 26.525082 26.535866 26.553025 26.570183 26.580873 26.573697 26.577631 26.568515 26.5594 -9999 -9999 -9999 -9999 -9999 -9999 -9999 -9999 -9999 -9999 -9999 -9999
-9999 -9999 -9999 -9999 -9999 -9999 -9999 -9999 -9999 -9999 -9999 -9999 -9999 -9999 -9999 -9999 -9999 26.42854 26.420346 26.412151 26.406723 26.42519 26.443657 26.462124 26.461981 26.443539 26.425098 26.406656 26.438826 26.476332 26.513838 26.538536 26.534051 26.529566 26.525082 26.535866 26.553025 26.577678 26.568562 26.559447 26.550332 -9999 -9999 -9999 -9999 -9999 -9999 -9999 -9999 -9999 -9999 -9999 -9999 -9999
