test/data/morpho1_16m/processor_outputs/default/OUTPUT_T_315_0_23h.tif
NCOLS 54
NROWS 54
XLLCORNER 354593.69
YLLCORNER 6687434.7
DX 19.678195
DY 19.678195
NODATA_VALUE -9999
[rows 0 to 38 of 54, columns 0 to 53 of 54]
-9999 -9999 -9999 -9999 -9999 -9999 -9999 -9999 -9999 -9999 -9999 -9999 -9999 -9999 -9999 -9999 -9999 -9999 -9999 -9999 -9999 -9999 -9999 -9999 -9999 -9999 -9999 -9999 -9999 -9999 -9999 -9999 -9999 -9999 -9999 -9999 -9999 -9999 -9999 -9999 -9999 -9999 -9999 -9999 -9999 -9999 -9999 -9999 -9999 -9999 -9999 -9999 -9999 -9999
-9999 -9999 -9999 -9999 -9999 -9999 -9999 -9999 -9999 -9999 -9999 -9999 -9999 -9999 -9999 -9999 -9999 -9999 -9999 -9999 -9999 -9999 -9999 -9999 -9999 -9999 -9999 -9999 16.867415 16.866568 -9999 -9999 -9999 -9999 -9999 -9999 -9999 -9999 -9999 -9999 -9999 -9999 -9999 -9999 -9999 -9999 -9999 -9999 -9999 -9999 -9999 -9999 -9999 -9999
-9999 -9999 -9999 -9999 -9999 -9999 -9999 -9999 -9999 -9999 -9999 -9999 -9999 -9999 -9999 -9999 -9999 -9999 -9999 -9999 -9999 -9999 -9999 -9999 -9999 -9999 -9999 16.869027 16.868261 16.867415 16.866568 -9999 -9999 -9999 -9999 -9999 -9999 -9999 -9999 -9999 -9999 -9999 -9999 -9999 -9999 -9999 -9999 -9999 -9999 -9999 -9999 -9999 -9999 -9999
-9999 -9999 -9999 -9999 -9999 -9999 -9999 -9999 -9999 -9999 -9999 -9999 -9999 -9999 -9999 -9999 -9999 -9999 -9999 -9999 -9999 -9999 -9999 -9999 -9999 -9999 16.868976 16.869002 16.869027 16.868261 16.867415 16.866568 -9999 -9999 -9999 -9999 -9999 -9999 -9999 -9999 -9999 -9999 -9999 -9999 -9999 -9999 -9999 -9999 -9999 -9999 -9999 -9999 -9999 -9999
-9999 -9999 -9999 -9999 -9999 -9999 -9999 -9999 -9999 -9999 -9999 -9999 -9999 -9999 -9999 -9999 -9999 -9999 -9999 -9999 -9999 -9999 -9999 -9999 -9999 16.869066 16.86895 16.868976 16.869002 16.869027 16.868261 16.867415 16.866568 -9999 -9999 -9999 -9999 -9999 -9999 -9999 -9999 -9999 -9999 -9999 -9999 -9999 -9999 -9999 -9999 -9999 -9999 -9999 -9999 -9999
-9999 -9999 -9999 -9999 -9999 -9999 -9999 -9999 -9999 -9999 -9999 -9999 -9999 -9999 -9999 -9999 -9999 -9999 -9999 -9999 -9999 -9999 -9999 -9999 16.869591 16.869329 16.869066 16.86895 16.868976 16.869002 16.869027 16.868261 16.867415 16.866568 -9999 -9999 -9999 -9999 -9999 -9999 -9999 -9999 -9999 -9999 -9999 -9999 -9999 -9999 -9999 -9999 -9999 -9999 -9999 -9999
-9999 -9999 -9999 -9999 -9999 -9999 -9999 -9999 -9999 -9999 -9999 -9999 -9999 -9999 -9999 -9999 -9999 -9999 -9999 -9999 -9999 -9999 -9999 16.870511 16.869854 16.869591 16.869329 16.869066 16.86895 16.868976 16.869002 16.869027 16.868261 16.867415 16.866568 -9999 -9999 -9999 -9999 -9999 -9999 -9999 -9999 -9999 -9999 -9999 -9999 -9999 -9999 -9999 -9999 -9999 -9999 -9999
-9999 -9999 -9999 -9999 -9999 -9999 -9999 -9999 -9999 -9999 -9999 -9999 -9999 -9999 -9999 -9999 -9999 -9999 -9999 -9999 -9999 -9999 16.87192 16.871215 16.870511 16.869854 16.869591 16.869329 16.869066 16.86895 16.868976 16.869002 16.869027 16.868261 16.867415 16.866568 -9999 -9999 -9999 -9999 -9999 -9999 -9999 -9999 -9999 -9999 -9999 -9999 -9999 -9999 -9999 -9999 -9999 -9999
-9999 -9999 -9999 -9999 -9999 -9999 -9999 -9999 -9999 -9999 -9999 -9999 -9999 -9999 -9999 -9999 -9999 -9999 -9999 -9999 -9999 16.873401 16.872641 16.87192 16.871215 16.870511 16.869854 16.869591 16.869329 16.869066 16.86895 16.868976 16.869002 16.869027 16.868261 16.867415 16.866568 -9999 -9999 -9999 -9999 -9999 -9999 -9999 -9999 -9999 -9999 -9999 -9999 -9999 -9999 -9999 -9999 -9999
-9999 -9999 -9999 -9999 -9999 -9999 -9999 -9999 -9999 -9999 -9999 -9999 -9999 -9999 -9999 -9999 -9999 -9999 -9999 -9999 16.874923 16.874162 16.873401 16.872641 16.87192 16.871215 16.870511 16.869854 16.869591 16.869329 16.869066 16.86895 16.868976 16.869002 16.869027 16.868261 16.867415 16.866568 -9999 -9999 -9999 -9999 -9999 -9999 -9999 -9999 -9999 -9999 -9999 -9999 -9999 -9999 -9999 -9999
-9999 -9999 -9999 -9999 -9999 -9999 -9999 -9999 -9999 -9999 -9999 -9999 -9999 -9999 -9999 -9999 -9999 -9999 -9999 16.874121 16.874733 16.874923 16.874162 16.873401 16.872641 16.87192 16.871215 16.870511 16.869854 16.869591 16.869329 16.869066 16.86895 16.868976 16.869002 16.869027 16.868261 16.867415 16.866568 -9999 -9999 -9999 -9999 -9999 -9999 -9999 -9999 -9999 -9999 -9999 -9999 -9999 -9999 -9999
-9999 -9999 -9999 -9999 -9999 -9999 -9999 -9999 -9999 -9999 -9999 -9999 -9999 -9999 -9999 -9999 -9999 -9999 16.872955 16.87351 16.874121 16.874733 16.874923 16.874162 16.873401 16.872641 16.87192 16.871215 16.870511 16.869854 16.869591 16.869329 16.869066 16.86895 16.868976 16.869002 16.869027 16.868261 16.867415 16.866568 -9999 -9999 -9999 -9999 -9999 -9999 -9999 -9999 -9999 -9999 -9999 -9999 -9999 -9999
-9999 -9999 -9999 -9999 -9999 -9999 -9999 -9999 -9999 -9999 -9999 -9999 -9999 -9999 -9999 -9999 -9999 16.872955 16.872955 16.872955 16.87351 16.874121 16.874733 16.874923 16.874162 16.873401 16.872641 16.87192 16.871215 16.870511 16.869854 16.869591 16.869329 16.869066 16.86895 16.868976 16.869002 16.869027 16.868261 16.867415 16.866568 -9999 -9999 -9999 -9999 -9999 -9999 -9999 -9999 -9999 -9999 -9999 -9999 -9999
-9999 -9999 -9999 -9999 -9999 -9999 -9999 -9999 -9999 -9999 -9999 -9999 -9999 -9999 -9999 -9999 16.873257 16.872955 16.872955 16.872955 16.872955 16.87351 16.874121 16.874733 16.874923 16.874162 16.873401 16.872641 16.87192 16.871215 16.870511 16.869854 16.869591 16.869329 16.869066 16.86895 16.868976 16.869002 16.869027 16.868261 16.867415 16.866568 -9999 -9999 -9999 -9999 -9999 -9999 -9999 -9999 -9999 -9999 -9999 -9999
-9999 -9999 -9999 -9999 -9999 -9999 -9999 -9999 -9999 -9999 -9999 -9999 -9999 -9999 -9999 16.87448 16.873869 16.873257 16.872955 16.872955 16.872955 16.872955 16.87351 16.874121 16.874733 16.874923 16.874162 16.873401 16.872641 16.87192 16.871215 16.870511 16.869854 16.869591 16.869329 16.869066 16.86895 16.868976 16.869002 16.869027 16.868261 16.867415 16.866568 -9999 -9999 -9999 -9999 -9999 -9999 -9999 -9999 -9999 -9999 -9999
-9999 -9999 -9999 -9999 -9999 -9999 -9999 -9999 -9999 -9999 -9999 -9999 -9999 -9999 16.874476 16.875091 16.87448 16.873869 16.873257 16.872955 16.872955 16.872955 16.872955 16.87351 16.874121 16.874733 16.874923 16.874162 16.873401 16.872641 16.87192 16.871215 16.870511 16.869854 16.869591 16.869329 16.869066 16.86895 16.868976 16.869002 16.869027 16.868261 16.867415 16.866568 -9999 -9999 -9999 -9999 -9999 -9999 -9999 -9999 -9999 -9999
-9999 -9999 -9999 -9999 -9999 -9999 -9999 -9999 -9999 -9999 -9999 -9999 -9999 16.872955 16.873715 16.874476 16.875091 16.87448 16.873869 16.873257 16.872955 16.872955 16.872955 16.872955 16.87351 16.874121 16.874733 16.874923 16.874162 16.873401 16.872641 16.87192 16.871215 16.870511 16.869854 16.869591 16.869329 16.869066 16.86895 16.868976 16.869002 16.869027 16.868261 16.867415 16.866568 -9999 -9999 -9999 -9999 -9999 -9999 -9999 -9999 -9999
-9999 -9999 -9999 -9999 -9999 -9999 -9999 -9999 -9999 -9999 -9999 -9999 16.871506 16.872211 16.872955 16.873715 16.874476 16.875091 16.87448 16.873869 16.873257 16.872955 16.872955 16.872955 16.872955 16.87351 16.874121 16.874733 16.874923 16.874162 16.769553 16.841596 16.87192 16.871215 16.870511 16.869854 16.869591 16.869329 16.869066 16.86895 16.868976 16.869002 16.869027 16.868261 16.867415 16.866568 -9999 -9999 -9999 -9999 -9999 -9999 -9999 -9999
-9999 -9999 -9999 -9999 -9999 -9999 -9999 -9999 -9999 -9999 -9999 16.870097 16.870802 16.871506 16.872211 16.872955 16.873715 16.874476 16.875091 16.87448 16.873869 16.873257 16.872955 16.872955 16.872955 16.820367 16.811899 16.812186 16.812474 16.771074 16.6638 16.736212 16.77717 16.791835 16.790724 16.789614 16.869854 16.869591 16.869329 16.869066 16.86895 16.868976 16.869002 16.869027 16.868261 16.867415 16.866568 -9999 -9999 -9999 -9999 -9999 -9999 -9999
-9999 -9999 -9999 -9999 -9999 -9999 -9999 -9999 -9999 -9999 16.869437 16.8697 16.870097 16.870802 16.871506 16.872211 16.872955 16.873715 16.874476 16.875091 16.87448 16.873869 16.873257 16.872955 16.820367 16.72681 16.633253 16.624785 16.535755 16.545461 16.558046 16.560138 16.48975 16.542578 16.557243 16.650053 16.766239 16.869854 16.869591 16.869329 16.869066 16.86895 16.868976 16.869002 16.869027 16.868261 16.867415 16.866568 -9999 -9999 -9999 -9999 -9999 -9999
-9999 -9999 -9999 -9999 -9999 -9999 -9999 -9999 -9999 16.868939 16.869174 16.869437 16.8697 16.870097 16.870802 16.871506 16.872211 16.872955 16.873715 16.874476 16.875091 16.87448 16.873869 16.820668 16.72681 16.633253 16.539696 16.356821 16.256743 16.266722 16.303056 16.272494 16.20233 16.255158 16.417273 16.554893 16.671146 16.790325 16.869854 16.869591 16.869329 16.869066 16.86895 16.868976 16.869002 16.869027 16.868261 16.867415 16.866568 -9999 -9999 -9999 -9999 -9999
-9999 -9999 -9999 -9999 -9999 -9999 -9999 -9999 16.868991 16.868965 16.868939 16.869174 16.869437 16.8697 16.870097 16.870802 16.871506 16.872211 16.872955 16.873715 16.874476 16.875091 16.821891 16.727723 16.633555 16.539696 16.356821 16.171654 15.986487 15.958604 15.94857 15.938536 15.91491 16.077025 16.26634 16.455655 16.596203 16.726163 16.812545 16.869854 16.869591 16.869329 16.869066 16.86895 16.868976 16.869002 16.869027 16.868261 16.867415 16.866568 -9999 -9999 -9999 -9999
-9999 -9999 -9999 -9999 -9999 -9999 -9999 16.86861 16.869017 16.868991 16.868965 16.868939 16.869174 16.869437 16.8697 16.870097 16.870802 16.871506 16.872211 16.872955 16.873715 16.874476 16.865221 16.771376 16.677532 16.441778 16.171654 15.986487 15.819086 15.679725 15.657759 15.647874 15.639732 15.692366 15.881139 16.169426 16.551319 16.662 16.748268 16.812545 16.869854 16.869591 16.869329 16.869066 16.86895 16.868976 16.869002 16.869027 16.868261 16.867415 16.866568 -9999 -9999 -9999
-9999 -9999 -9999 -9999 -9999 -9999 16.866918 16.867764 16.86861 16.869017 16.868991 16.868965 16.868939 16.869174 16.869437 16.8697 16.870097 16.870802 16.871506 16.872211 16.872955 16.873715 16.874476 16.865221 16.667382 16.428687 16.071444 15.819086 15.679725 15.540364 15.401004 15.380782 15.373073 15.365365 15.517512 16.172203 16.553072 16.617116 16.683992 16.748268 16.812545 16.869854 16.869591 16.869329 16.869066 16.86895 16.868976 16.869002 16.869027 16.868261 16.867415 16.866568 -9999 -9999
-9999 -9999 -9999 -9999 -9999 16.867365 16.866072 16.866918 16.867764 16.86861 16.869017 16.868991 16.868965 16.868939 16.869174 16.869437 16.8697 16.870097 16.870802 16.871506 16.872211 16.872955 16.873715 16.865523 16.654563 16.415597 16.076119 15.764682 15.540364 15.401004 15.289127 15.184091 15.167403 15.165307 15.396898 16.174979 16.554825 16.618837 16.682899 16.747203 16.810299 16.841791 16.869854 16.869591 16.869329 16.869066 16.86895 16.868976 16.869002 16.869027 16.868261 16.867415 16.866568 -9999
-9999 -9999 -9999 -9999 16.870446 16.868905 16.867365 16.866072 16.866918 16.867764 16.86861 16.869017 16.868991 16.868965 16.868939 16.869174 16.869437 16.8697 16.870097 16.870802 16.871506 16.872211 16.872955 16.864393 16.652196 16.40816 16.096574 15.784989 15.473403 15.289127 15.184091 15.079055 14.97952 14.98859 15.221593 16.054365 16.556545 16.620538 16.6846 16.748667 16.789557 16.82116 16.852763 16.869854 16.869591 16.869329 16.869066 16.86895 16.868976 16.869002 16.869027 16.868261 16.867415 16.866568
-9999 -9999 -9999 -9999 -9999 16.870446 16.868905 16.867365 16.866072 16.866918 16.867764 16.86861 16.869017 16.868991 16.868965 16.868939 16.869174 16.869437 16.8697 16.870097 16.870802 16.871506 16.872211 16.863263 16.646884 16.391704 16.04364 15.732055 15.482303 15.247941 15.079055 14.97952 14.900242 14.820963 15.046287 15.6937 16.230586 16.622239 16.686272 16.749631 16.81299 16.85388 16.87094 16.870381 16.869854 16.869591 16.869329 16.869066 16.86895 16.868976 16.869002 16.869027 16.868261 -9999
-9999 -9999 -9999 -9999 -9999 -9999 16.870446 16.868905 16.867365 16.866072 16.866918 16.867764 16.86861 16.869017 16.868991 16.868965 16.868939 16.869174 16.869437 16.8697 16.870097 16.870802 16.871506 16.82666 16.634972 16.379568 16.027185 15.718606 15.484132 15.249659 15.029573 14.900242 14.820963 14.741685 14.875542 15.387399 15.925074 16.453779 16.687739 16.7511 16.814461 16.872183 16.871608 16.87105 16.870491 16.869854 16.869591 16.869329 16.869066 16.86895 16.868976 16.869002 -9999 -9999
-9999 -9999 -9999 -9999 -9999 -9999 -9999 16.870446 16.868905 16.867365 16.866072 16.866918 16.867764 16.86861 16.869017 16.868991 16.868965 16.868939 16.869174 16.869437 16.8697 16.870097 16.825251 16.70851 16.591769 16.367432 16.051142 15.743835 15.444239 15.224153 15.05704 14.873649 14.741685 14.875542 15.136489 15.397435 15.900321 16.209897 16.519473 16.753432 16.816198 16.873089 16.872475 16.8719 16.871215 16.870511 16.869854 16.869591 16.869329 16.869066 16.86895 -9999 -9999 -9999
-9999 -9999 -9999 -9999 -9999 -9999 -9999 -9999 16.870446 16.868905 16.867365 16.866072 16.866918 16.867764 16.86861 16.869017 16.868991 16.868965 16.868939 16.869174 16.869437 16.8697 16.834396 16.718061 16.601726 16.176132 15.810705 15.502536 15.312953 15.25162 15.084507 14.901083 14.928152 15.136354 15.3973 15.652739 15.773661 16.065911 16.375792 16.645303 16.817213 16.873996 16.873382 16.872641 16.87192 16.871215 16.870511 16.869854 16.869591 16.869329 -9999 -9999 -9999 -9999
-9999 -9999 -9999 -9999 -9999 -9999 -9999 -9999 -9999 16.870446 16.868905 16.867365 16.866072 16.866918 16.867764 16.86861 16.869017 16.868991 16.868965 16.868939 16.869174 16.869437 16.8697 16.834396 16.408802 15.906238 15.403674 15.156833 15.403879 15.335088 15.111974 15.141578 15.295691 15.449805 15.652499 15.773422 15.894344 16.015266 16.267147 16.487755 16.708363 16.874903 16.874162 16.873401 16.872641 16.87192 16.871215 16.870511 16.869854 -9999 -9999 -9999 -9999 -9999
-9999 -9999 -9999 -9999 -9999 -9999 -9999 -9999 -9999 -9999 16.870446 16.868905 16.867365 16.866072 16.866918 16.867764 16.86861 16.869017 16.868991 16.868965 16.868939 16.869174 16.869437 16.8697 16.716988 16.215761 15.714534 15.368783 15.494805 15.425188 15.345045 15.367336 15.521127 15.67308 15.780107 15.894169 16.015092 16.135995 16.256874 16.468458 16.689374 16.874733 16.874923 16.874162 16.873401 16.872641 16.87192 16.871215 -9999 -9999 -9999 -9999 -9999 -9999
-9999 -9999 -9999 -9999 -9999 -9999 -9999 -9999 -9999 -9999 -9999 16.870446 16.868905 16.867365 16.866072 16.866918 16.867764 16.86861 16.869017 16.868991 16.868965 16.868939 16.869174 16.869437 16.8697 16.716988 16.215761 15.870595 15.706755 15.664891 15.673954 15.680627 15.700714 15.807742 15.914769 16.021797 16.13584 16.25672 16.377599 16.498479 16.691936 16.874121 16.874733 16.874923 16.874162 16.873401 16.872641 -9999 -9999 -9999 -9999 -9999 -9999 -9999
-9999 -9999 -9999 -9999 -9999 -9999 -9999 -9999 -9999 -9999 -9999 -9999 16.870446 16.868905 16.867365 16.866072 16.866918 16.867764 16.86861 16.869017 16.868991 16.868965 16.868939 16.869174 16.869437 16.8697 16.716988 16.372408 16.208567 16.044727 16.002862 16.00953 16.015843 16.032836 16.140025 16.226069 16.286495 16.377527 16.498407 16.601154 16.70101 16.87351 16.874121 16.874733 16.874923 16.874162 -9999 -9999 -9999 -9999 -9999 -9999 -9999 -9999
-9999 -9999 -9999 -9999 -9999 -9999 -9999 -9999 -9999 -9999 -9999 -9999 -9999 16.870446 16.868905 16.867365 16.866072 16.866918 16.867764 16.86861 16.869017 16.868991 16.868965 16.868939 16.869174 16.869437 16.8697 16.819726 16.655301 16.490876 16.33294 16.337558 16.343861 16.350165 16.360728 16.421292 16.481856 16.54242 16.601084 16.701002 16.800859 16.873126 16.873739 16.874353 16.875011 -9999 -9999 -9999 -9999 -9999 -9999 -9999 -9999 -9999
-9999 -9999 -9999 -9999 -9999 -9999 -9999 -9999 -9999 -9999 -9999 -9999 -9999 -9999 16.870446 16.868905 16.867365 16.866072 16.866918 16.867764 16.86861 16.869017 16.868991 16.868965 16.868939 16.869174 16.869437 16.8697 16.819726 16.66179 16.662368 16.662945 16.667562 16.599569 16.531364 16.682155 16.742719 16.664255 16.701252 16.800851 16.873126 16.873775 16.875004 16.874728 -9999 -9999 -9999 -9999 -9999 -9999 -9999 -9999 -9999 -9999
-9999 -9999 -9999 -9999 -9999 -9999 -9999 -9999 -9999 -9999 -9999 -9999 -9999 -9999 -9999 16.870446 16.868905 16.867365 16.866072 16.866918 16.867764 16.86861 16.869017 16.868991 16.868965 16.868939 16.869174 16.869437 16.8697 16.869885 16.869891 16.869898 16.870221 16.758968 16.691317 16.852791 16.864553 16.764404 16.801747 16.873769 16.874998 16.87473 16.874241 -9999 -9999 -9999 -9999 -9999 -9999 -9999 -9999 -9999 -9999 -9999
-9999 -9999 -9999 -9999 -9999 -9999 -9999 -9999 -9999 -9999 -9999 -9999 -9999 -9999 -9999 -9999 16.870446 16.868905 16.867365 16.866072 16.866918 16.867764 16.86861 16.869017 16.868991 16.868965 16.868939 16.869174 16.869437 16.8697 16.869885 16.870208 16.870915 16.871621 16.851269 16.873715 16.874476 16.864553 16.874992 16.874733 16.874244 16.873755 -9999 -9999 -9999 -9999 -9999 -9999 -9999 -9999 -9999 -9999 -9999 -9999
-9999 -9999 -9999 -9999 -9999 -9999 -9999 -9999 -9999 -9999 -9999 -9999 -9999 -9999 -9999 -9999 -9999 16.870446 16.868905 16.867365 16.866072 16.866918 16.867764 16.86861 16.869017 16.868991 16.868965 16.868939 16.869174 16.869437 16.8697 16.870097 16.870802 16.871506 16.872211 16.872955 16.873715 16.874735 16.874247 16.873758 16.873269 -9999 -9999 -9999 -9999 -9999 -9999 -9999 -9999 -9999 -9999 -9999 -9999 -9999
