test/data/morpho1_16m/processor_outputs/default/OUTPUT_T_225_0_23h.tif
NCOLS 54
NROWS 54
XLLCORNER 354593.69
YLLCORNER 6687434.7
DX 19.678195
DY 19.678195
NODATA_VALUE -9999
[rows 0 to 39 of 54, columns 0 to 53 of 54]
-9999 -9999 -9999 -9999 -9999 -9999 -9999 -9999 -9999 -9999 -9999 -9999 -9999 -9999 -9999 -9999 -9999 -9999 -9999 -9999 -9999 -9999 -9999 -9999 -9999 18.237026 -9999 -9999 -9999 -9999 -9999 -9999 -9999 -9999 -9999 -9999 -9999 -9999 -9999 -9999 -9999 -9999 -9999 -9999 -9999 -9999 -9999 -9999 -9999 -9999 -9999 -9999 -9999 -9999
-9999 -9999 -9999 -9999 -9999 -9999 -9999 -9999 -9999 -9999 -9999 -9999 -9999 -9999 -9999 -9999 -9999 -9999 -9999 -9999 -9999 -9999 -9999 -9999 18.237338 18.237855 18.237354 -9999 -9999 -9999 -9999 -9999 -9999 -9999 -9999 -9999 -9999 -9999 -9999 -9999 -9999 -9999 -9999 -9999 -9999 -9999 -9999 -9999 -9999 -9999 -9999 -9999 -9999 -9999
-9999 -9999 -9999 -9999 -9999 -9999 -9999 -9999 -9999 -9999 -9999 -9999 -9999 -9999 -9999 -9999 -9999 -9999 -9999 -9999 -9999 -9999 -9999 18.237338 18.238184 18.238705 18.238111 18.237354 -9999 -9999 -9999 -9999 -9999 -9999 -9999 -9999 -9999 -9999 -9999 -9999 -9999 -9999 -9999 -9999 -9999 -9999 -9999 -9999 -9999 -9999 -9999 -9999 -9999 -9999
-9999 -9999 -9999 -9999 -9999 -9999 -9999 -9999 -9999 -9999 -9999 -9999 -9999 -9999 -9999 -9999 -9999 -9999 -9999 -9999 -9999 -9999 18.237338 18.238184 18.23903 18.239554 18.238669 18.239433 18.237354 -9999 -9999 -9999 -9999 -9999 -9999 -9999 -9999 -9999 -9999 -9999 -9999 -9999 -9999 -9999 -9999 -9999 -9999 -9999 -9999 -9999 -9999 -9999 -9999 -9999
-9999 -9999 -9999 -9999 -9999 -9999 -9999 -9999 -9999 -9999 -9999 -9999 -9999 -9999 -9999 -9999 -9999 -9999 -9999 -9999 -9999 18.237338 18.238184 18.23903 18.239797 18.239771 18.239502 18.239195 18.239415 18.237354 -9999 -9999 -9999 -9999 -9999 -9999 -9999 -9999 -9999 -9999 -9999 -9999 -9999 -9999 -9999 -9999 -9999 -9999 -9999 -9999 -9999 -9999 -9999 -9999
-9999 -9999 -9999 -9999 -9999 -9999 -9999 -9999 -9999 -9999 -9999 -9999 -9999 -9999 -9999 -9999 -9999 -9999 -9999 -9999 18.237338 18.238184 18.23903 18.239797 18.239771 18.239745 18.239719 18.239753 18.240488 18.239298 18.237354 -9999 -9999 -9999 -9999 -9999 -9999 -9999 -9999 -9999 -9999 -9999 -9999 -9999 -9999 -9999 -9999 -9999 -9999 -9999 -9999 -9999 -9999 -9999
-9999 -9999 -9999 -9999 -9999 -9999 -9999 -9999 -9999 -9999 -9999 -9999 -9999 -9999 -9999 -9999 -9999 -9999 -9999 18.237338 18.238184 18.23903 18.239797 18.239771 18.239745 18.239719 18.239835 18.240098 18.240279 18.241977 18.239298 18.237354 -9999 -9999 -9999 -9999 -9999 -9999 -9999 -9999 -9999 -9999 -9999 -9999 -9999 -9999 -9999 -9999 -9999 -9999 -9999 -9999 -9999 -9999
-9999 -9999 -9999 -9999 -9999 -9999 -9999 -9999 -9999 -9999 -9999 -9999 -9999 -9999 -9999 -9999 -9999 -9999 18.237338 18.238184 18.23903 18.239797 18.239771 18.239745 18.239719 18.239835 18.240098 18.240361 18.240624 18.241568 18.241983 18.239298 18.237354 -9999 -9999 -9999 -9999 -9999 -9999 -9999 -9999 -9999 -9999 -9999 -9999 -9999 -9999 -9999 -9999 -9999 -9999 -9999 -9999 -9999
-9999 -9999 -9999 -9999 -9999 -9999 -9999 -9999 -9999 -9999 -9999 -9999 -9999 -9999 -9999 -9999 -9999 18.237338 18.238184 18.23903 18.239797 18.239771 18.239745 18.239719 18.239835 18.240098 18.240361 18.240624 18.241281 18.241985 18.243 18.241241 18.239298 18.237354 -9999 -9999 -9999 -9999 -9999 -9999 -9999 -9999 -9999 -9999 -9999 -9999 -9999 -9999 -9999 -9999 -9999 -9999 -9999 -9999
-9999 -9999 -9999 -9999 -9999 -9999 -9999 -9999 -9999 -9999 -9999 -9999 -9999 -9999 -9999 -9999 18.237338 18.238184 18.23903 18.239797 18.239771 18.239745 18.239719 18.239835 18.240098 18.240361 18.240624 18.241271 18.241985 18.242689 18.24341 18.244521 18.241241 18.239298 18.237354 -9999 -9999 -9999 -9999 -9999 -9999 -9999 -9999 -9999 -9999 -9999 -9999 -9999 -9999 -9999 -9999 -9999 -9999 -9999
-9999 -9999 -9999 -9999 -9999 -9999 -9999 -9999 -9999 -9999 -9999 -9999 -9999 -9999 -9999 18.237338 18.238184 18.23903 18.239797 18.239771 18.239745 18.239719 18.239835 18.240098 18.240361 18.240624 18.241218 18.241905 18.24268 18.24341 18.244171 18.244932 18.24455 18.241241 18.239298 18.237354 -9999 -9999 -9999 -9999 -9999 -9999 -9999 -9999 -9999 -9999 -9999 -9999 -9999 -9999 -9999 -9999 -9999 -9999
-9999 -9999 -9999 -9999 -9999 -9999 -9999 -9999 -9999 -9999 -9999 -9999 -9999 -9999 18.237338 18.238184 18.23903 18.239797 18.239771 18.239745 18.239719 18.239835 18.240098 18.240361 18.240624 18.227178 18.241853 18.24254 18.235988 18.240762 18.244932 18.245692 18.245502 18.243327 18.241241 18.239298 18.237354 -9999 -9999 -9999 -9999 -9999 -9999 -9999 -9999 -9999 -9999 -9999 -9999 -9999 -9999 -9999 -9999 -9999
-9999 -9999 -9999 -9999 -9999 -9999 -9999 -9999 -9999 -9999 -9999 -9999 -9999 18.237338 18.238184 18.23903 18.239797 18.239771 18.239745 18.239719 18.239835 18.240098 18.240361 18.240624 18.218434 18.202182 18.228447 18.235848 18.211573 18.21626 18.242283 18.245502 18.244891 18.244279 18.243185 18.241241 18.239298 18.237354 -9999 -9999 -9999 -9999 -9999 -9999 -9999 -9999 -9999 -9999 -9999 -9999 -9999 -9999 -9999 -9999
-9999 -9999 -9999 -9999 -9999 -9999 -9999 -9999 -9999 -9999 -9999 -9999 18.237338 18.238184 18.23903 18.239797 18.239771 18.239745 18.239719 18.239835 18.240098 18.240361 18.240624 18.218434 18.193526 18.177186 18.196145 18.197431 18.187159 18.191758 18.107269 18.094588 18.097258 18.1045 18.185348 18.243185 18.241241 18.239298 18.237354 -9999 -9999 -9999 -9999 -9999 -9999 -9999 -9999 -9999 -9999 -9999 -9999 -9999 -9999 -9999
-9999 -9999 -9999 -9999 -9999 -9999 -9999 -9999 -9999 -9999 -9999 18.237338 18.238184 18.23903 18.239797 18.239771 18.239745 18.239719 18.239835 18.240098 18.240361 18.240624 18.21136 18.186546 18.161732 18.144567 18.145857 18.147147 18.148438 18.056744 17.923272 17.910321 17.939796 18.023645 18.104493 18.185341 18.243185 18.241241 18.239298 18.237354 -9999 -9999 -9999 -9999 -9999 -9999 -9999 -9999 -9999 -9999 -9999 -9999 -9999 -9999
-9999 -9999 -9999 -9999 -9999 -9999 -9999 -9999 -9999 -9999 18.237338 18.238184 18.23903 18.239797 18.239771 18.239745 18.239719 18.239835 18.240098 18.240361 18.240624 18.170529 18.132658 18.107844 18.090681 18.092027 18.09337 18.09466 17.951088 17.830114 17.739274 17.733621 17.836633 17.939729 18.023579 18.104745 18.186237 18.243686 18.241241 18.239298 18.237354 -9999 -9999 -9999 -9999 -9999 -9999 -9999 -9999 -9999 -9999 -9999 -9999 -9999
-9999 -9999 -9999 -9999 -9999 -9999 -9999 -9999 -9999 18.237338 18.238184 18.23903 18.239797 18.239771 18.239745 18.239719 18.239835 18.240098 18.240361 18.240624 18.170529 18.09192 18.053956 17.963 18.038175 18.039521 18.040866 17.89731 17.689529 17.568291 17.527442 17.630458 17.733469 17.836565 17.975124 18.074903 18.156115 18.237328 18.244909 18.241241 18.239298 18.237354 -9999 -9999 -9999 -9999 -9999 -9999 -9999 -9999 -9999 -9999 -9999 -9999
-9999 -9999 -9999 -9999 -9999 -9999 -9999 -9999 18.237338 18.238184 18.23903 18.239797 18.239771 18.239745 18.239719 18.239835 18.240098 18.240361 18.240624 18.156557 18.07956 18.013311 17.909112 17.658148 17.891126 17.987088 17.843533 17.635751 17.427969 17.321267 17.424235 17.52727 17.630305 17.756555 17.918738 18.137549 18.237328 18.245246 18.244485 18.244074 18.241241 18.239298 18.237354 -9999 -9999 -9999 -9999 -9999 -9999 -9999 -9999 -9999 -9999 -9999
-9999 -9999 -9999 -9999 -9999 -9999 -9999 18.237338 18.238184 18.23903 18.239797 18.239771 18.239745 18.239719 18.239835 18.240098 18.240361 18.240624 18.17555 18.062285 17.985234 17.864053 17.60426 17.353296 17.585397 17.6825 17.357675 17.150625 16.985122 17.21806 17.321028 17.424063 17.528616 17.700289 17.862353 18.081163 18.2452 18.244485 18.243724 18.24298 18.242563 18.242342 18.239298 18.237354 -9999 -9999 -9999 -9999 -9999 -9999 -9999 -9999 -9999 -9999
-9999 -9999 -9999 -9999 -9999 -9999 18.237338 18.238184 18.23903 18.239797 18.239771 18.239745 18.239719 18.239835 18.240098 18.240361 18.240624 18.241281 18.176584 17.987006 17.832619 17.570428 17.308237 17.048443 17.23531 17.313986 16.791644 16.508366 16.746625 16.984883 17.217821 17.322354 17.428444 17.619887 17.805967 18.073789 18.244104 18.243679 18.24298 18.242276 18.241572 18.241154 18.241531 18.239298 18.237354 -9999 -9999 -9999 -9999 -9999 -9999 -9999 -9999 -9999
-9999 -9999 -9999 -9999 -9999 18.237338 18.238184 18.23903 18.239797 18.239771 18.239745 18.239719 18.239835 18.240098 18.240361 18.240624 18.241281 18.241985 18.177618 17.990596 17.747493 17.478383 17.215722 16.973403 16.865561 16.945473 16.464689 16.387775 16.508302 16.74656 16.986279 17.222182 17.328271 17.519562 17.796957 18.072218 18.243008 18.242698 18.242276 18.241572 18.240867 18.24047 18.240125 18.240075 18.239774 18.237354 -9999 -9999 -9999 -9999 -9999 -9999 -9999 -9999
-9999 -9999 -9999 -9999 18.237338 18.238184 18.23903 18.239797 18.239771 18.239745 18.239719 18.239835 18.240098 18.240361 18.240624 18.241281 18.241985 18.242689 18.181208 18.00037 17.757464 17.462441 17.213673 16.98037 16.792003 16.618518 16.541603 16.464689 16.387775 16.509763 16.75098 16.992196 17.228099 17.504845 17.792399 18.06901 18.242026 18.241992 18.241572 18.240867 18.24047 18.240207 18.239944 18.239599 18.23904 18.238995 18.237354 -9999 -9999 -9999 -9999 -9999 -9999 -9999
-9999 -9999 -9999 18.237338 18.238184 18.23903 18.239797 18.239771 18.239745 18.239719 18.239835 18.240098 18.240361 18.240624 18.241281 18.241985 18.242689 18.24341 18.185648 18.010143 17.767435 17.471502 17.220956 16.987338 16.807244 16.710795 16.618518 16.541603 16.508834 16.526143 16.684943 16.925845 17.210466 17.500264 17.787841 18.065543 18.241505 18.241287 18.240867 18.24047 18.240207 18.239944 18.239709 18.239735 18.239517 18.238668 18.237956 18.237354 -9999 -9999 -9999 -9999 -9999 -9999
-9999 -9999 18.237338 18.238184 18.23903 18.239797 18.239771 18.239745 18.239719 18.239835 18.240098 18.240361 18.240624 18.241281 18.241985 18.242689 18.24341 18.244171 18.186708 18.014582 17.776496 17.480159 17.229506 17.005179 16.903694 16.807244 16.710795 16.662663 16.675164 16.692457 16.713568 16.915668 17.205472 17.495275 17.784373 18.064686 18.241135 18.240765 18.24047 18.240207 18.239944 18.239709 18.239735 18.23976 18.239786 18.23938 18.238534 18.237688 18.236841 -9999 -9999 -9999 -9999 -9999
-9999 18.237338 18.238184 18.23903 18.239797 18.239771 18.239745 18.239719 18.239835 18.240098 18.240361 18.240624 18.241281 18.241985 18.242689 18.24341 18.244171 18.244932 18.187768 18.022172 17.786415 17.488816 17.248615 17.126897 17.005179 16.903694 16.863043 16.862982 16.841493 16.858772 16.724937 16.907925 17.197729 17.487149 17.77565 18.06383 18.240765 18.24047 18.240207 18.239944 18.239709 18.239735 18.23976 18.239786 18.23938 18.238534 18.237688 18.236841 18.238134 -9999 -9999 -9999 -9999 -9999
-9999 18.238184 18.23903 18.239797 18.239771 18.239745 18.239719 18.239835 18.240098 18.240361 18.240624 18.241281 18.241985 18.242689 18.24341 18.244171 18.244932 18.245692 18.195087 18.032655 17.797134 17.512155 17.370333 17.248615 17.126897 17.067112 17.072511 17.072531 17.041811 16.870141 16.71796 16.900182 17.27694 17.576831 17.864818 18.152805 18.24047 18.240207 18.239944 18.239709 18.239735 18.23976 18.239786 18.23938 18.238534 18.237688 18.236841 18.238134 18.239675 -9999 -9999 -9999 -9999 -9999
-9999 -9999 18.239797 18.239771 18.239745 18.239719 18.239835 18.240098 18.240361 18.240624 18.241281 18.241985 18.242689 18.24341 18.244171 18.244932 18.245692 18.245502 18.194737 18.042868 17.821272 17.666714 17.512155 17.370333 17.319558 17.332627 17.293148 17.282081 17.100259 16.900545 16.710983 16.979394 17.564412 17.864818 18.152805 18.24047 18.240207 18.239944 18.239709 18.239735 18.23976 18.239786 18.23938 18.238534 18.237688 18.236841 18.238134 18.239675 18.241216 -9999 -9999 -9999 -9999 -9999
-9999 -9999 -9999 18.239745 18.239719 18.239835 18.240098 18.240361 18.240624 18.241281 18.241985 18.242689 18.24341 18.244171 18.244932 18.245692 18.245502 18.244891 18.194388 18.049619 17.973859 17.821272 17.666714 17.549731 17.584966 17.598142 17.558664 17.534201 17.38305 17.182565 16.967911 17.266866 17.851884 18.152805 18.24047 18.240207 18.239944 18.239709 18.239735 18.23976 18.239786 18.23938 18.238534 18.237688 18.236841 18.238134 18.239675 18.241216 -9999 -9999 -9999 -9999 -9999 -9999
-9999 -9999 -9999 -9999 18.239835 18.240098 18.240361 18.240624 18.241281 18.241985 18.242689 18.24341 18.244171 18.244932 18.245692 18.245502 18.244891 18.244279 18.20114 18.12538 18.049619 17.973859 17.858849 17.7804 17.828965 17.863658 17.799737 17.772183 17.819253 17.653933 17.405343 17.671335 18.139356 18.24047 18.240207 18.239944 18.239709 18.239735 18.23976 18.239786 18.23938 18.238534 18.237688 18.236841 18.238134 18.239675 18.241216 -9999 -9999 -9999 -9999 -9999 -9999 -9999
-9999 -9999 -9999 -9999 -9999 18.240361 18.240624 18.241281 18.241985 18.242689 18.24341 18.244171 18.244932 18.245692 18.245502 18.244891 18.244279 18.243725 18.243725 18.20114 18.12538 18.049921 18.085649 18.011068 18.059399 18.011379 18.037916 18.010165 18.015047 18.023008 17.842775 18.10758 18.24047 18.240207 18.239944 18.239709 18.239735 18.23976 18.239786 18.23938 18.238534 18.237688 18.236841 18.238134 18.239675 18.241216 -9999 -9999 -9999 -9999 -9999 -9999 -9999 -9999
-9999 -9999 -9999 -9999 -9999 -9999 18.241281 18.241985 18.242689 18.24341 18.244171 18.244932 18.245692 18.245502 18.244891 18.244279 18.243725 18.243725 18.243725 18.243725 18.201442 18.126293 18.161759 18.237868 18.160674 18.097061 18.182743 18.205958 18.109798 18.117429 18.21185 18.24047 18.240207 18.239944 18.239709 18.239735 18.23976 18.239786 18.23938 18.238534 18.237688 18.236841 18.238134 18.239675 18.241216 -9999 -9999 -9999 -9999 -9999 -9999 -9999 -9999 -9999
-9999 -9999 -9999 -9999 -9999 -9999 -9999 18.242689 18.24341 18.244171 18.244932 18.245692 18.245502 18.244891 18.244279 18.243725 18.243725 18.243725 18.243725 18.244027 18.244638 18.202665 18.237868 18.245246 18.244485 18.182743 18.24298 18.242276 18.20455 18.21185 18.24047 18.240207 18.239944 18.239709 18.239735 18.23976 18.239786 18.23938 18.238534 18.237688 18.236841 18.238134 18.239675 18.241216 -9999 -9999 -9999 -9999 -9999 -9999 -9999 -9999 -9999 -9999
-9999 -9999 -9999 -9999 -9999 -9999 -9999 -9999 18.244171 18.244932 18.245692 18.245502 18.244891 18.244279 18.243725 18.243725 18.243725 18.243725 18.244027 18.244638 18.24525 18.245861 18.245246 18.244485 18.243724 18.24298 18.242276 18.241572 18.240867 18.24047 18.240207 18.239944 18.239709 18.239735 18.23976 18.239786 18.23938 18.238534 18.237688 18.236841 18.238134 18.239675 18.241216 -9999 -9999 -9999 -9999 -9999 -9999 -9999 -9999 -9999 -9999 -9999
-9999 -9999 -9999 -9999 -9999 -9999 -9999 -9999 -9999 18.245692 18.245502 18.244891 18.244279 18.243725 18.243725 18.243725 18.243725 18.244027 18.244638 18.24525 18.245861 18.245246 18.244485 18.243724 18.24298 18.242276 18.241572 18.240867 18.24047 18.240207 18.239944 18.239709 18.239735 18.23976 18.239786 18.23938 18.238534 18.237688 18.236841 18.238134 18.239675 18.241216 -9999 -9999 -9999 -9999 -9999 -9999 -9999 -9999 -9999 -9999 -9999 -9999
-9999 -9999 -9999 -9999 -9999 -9999 -9999 -9999 -9999 -9999 18.244891 18.244279 18.243725 18.243725 18.243725 18.243725 18.244027 18.244638 18.24525 18.245861 18.245246 18.244485 18.243724 18.24298 18.242276 18.241572 18.240867 18.24047 18.240207 18.239944 18.239709 18.239735 18.23976 18.239786 18.23938 18.238534 18.237688 18.236841 18.238134 18.239675 18.241216 -9999 -9999 -9999 -9999 -9999 -9999 -9999 -9999 -9999 -9999 -9999 -9999 -9999
-9999 -9999 -9999 -9999 -9999 -9999 -9999 -9999 -9999 -9999 -9999 18.243725 18.243725 18.243725 18.243725 18.244027 18.244638 18.24525 18.245861 18.245246 18.244485 18.243724 18.24298 18.242276 18.241572 18.240867 18.24047 18.240207 18.239944 18.239709 18.239735 18.23976 18.239786 18.23938 18.238534 18.237688 18.236841 18.238134 18.239675 18.241216 -9999 -9999 -9999 -9999 -9999 -9999 -9999 -9999 -9999 -9999 -9999 -9999 -9999 -9999
-9999 -9999 -9999 -9999 -9999 -9999 -9999 -9999 -9999 -9999 -9999 -9999 18.243725 18.243725 18.244027 18.244638 18.24525 18.245861 18.245246 18.244485 18.243724 18.24298 18.242276 18.241572 18.240867 18.24047 18.240207 18.239944 18.239709 18.239735 18.23976 18.239786 18.23938 18.238534 18.237688 18.236841 18.238134 18.239675 18.241216 -9999 -9999 -9999 -9999 -9999 -9999 -9999 -9999 -9999 -9999 -9999 -9999 -9999 -9999 -9999
-9999 -9999 -9999 -9999 -9999 -9999 -9999 -9999 -9999 -9999 -9999 -9999 -9999 18.244027 18.244638 18.24525 18.245861 18.245246 18.244485 18.243724 18.24298 18.242276 18.241572 18.240867 18.24047 18.240207 18.239944 18.239709 18.239735 18.23976 18.239786 18.23938 18.238534 18.237688 18.236841 18.238134 18.239675 18.241216 -9999 -9999 -9999 -9999 -9999 -9999 -9999 -9999 -9999 -9999 -9999 -9999 -9999 -9999 -9999 -9999
-9999 -9999 -9999 -9999 -9999 -9999 -9999 -9999 -9999 -9999 -9999 -9999 -9999 -9999 18.24525 18.245861 18.245246 18.244485 18.243724 18.24298 18.242276 18.241572 18.240867 18.24047 18.240207 18.239944 18.239709 18.239735 18.23976 18.239786 18.23938 18.238534 18.237688 18.236841 18.238134 18.239675 18.241216 -9999 -9999 -9999 -9999 -9999 -9999 -9999 -9999 -9999 -9999 -9999 -9999 -9999 -9999 -9999 -9999 -9999
-9999 -9999 -9999 -9999 -9999 -9999 -9999 -9999 -9999 -9999 -9999 -9999 -9999 -9999 -9999 18.245246 18.244485 18.243724 18.24298 18.242276 18.241572 18.240867 18.24047 18.240207 18.239944 18.239709 18.239735 18.23976 18.239786 18.23938 18.238534 18.237688 18.236841 18.238134 18.239675 18.241216 -9999 -9999 -9999 -9999 -9999 -9999 -9999 -9999 -9999 -9999 -9999 -9999 -9999 -9999 -9999 -9999 -9999 -9999
