test/data/morpho1_16m/processor_outputs/default/OUTPUT_T_225_0_12h.tif
NCOLS 54
NROWS 54
XLLCORNER 354593.69
YLLCORNER 6687434.7
DX 19.678195
DY 19.678195
NODATA_VALUE -9999
[rows 0 to 38 of 54, columns 0 to 53 of 54]
-9999 -9999 -9999 -9999 -9999 -9999 -9999 -9999 -9999 -9999 -9999 -9999 -9999 -9999 -9999 -9999 -9999 -9999 -9999 -9999 -9999 -9999 -9999 -9999 -9999 22.915422 -9999 -9999 -9999 -9999 -9999 -9999 -9999 -9999 -9999 -9999 -9999 -9999 -9999 -9999 -9999 -9999 -9999 -9999 -9999 -9999 -9999 -9999 -9999 -9999 -9999 -9999 -9999 -9999
-9999 -9999 -9999 -9999 -9999 -9999 -9999 -9999 -9999 -9999 -9999 -9999 -9999 -9999 -9999 -9999 -9999 -9999 -9999 -9999 -9999 -9999 -9999 -9999 22.925535 22.930085 22.91472 -9999 -9999 -9999 -9999 -9999 -9999 -9999 -9999 -9999 -9999 -9999 -9999 -9999 -9999 -9999 -9999 -9999 -9999 -9999 -9999 -9999 -9999 -9999 -9999 -9999 -9999 -9999
-9999 -9999 -9999 -9999 -9999 -9999 -9999 -9999 -9999 -9999 -9999 -9999 -9999 -9999 -9999 -9999 -9999 -9999 -9999 -9999 -9999 -9999 -9999 22.925535 22.944002 22.94868 22.952692 22.91472 -9999 -9999 -9999 -9999 -9999 -9999 -9999 -9999 -9999 -9999 -9999 -9999 -9999 -9999 -9999 -9999 -9999 -9999 -9999 -9999 -9999 -9999 -9999 -9999 -9999 -9999
-9999 -9999 -9999 -9999 -9999 -9999 -9999 -9999 -9999 -9999 -9999 -9999 -9999 -9999 -9999 -9999 -9999 -9999 -9999 -9999 -9999 -9999 22.925535 22.944002 22.962469 22.967275 22.914951 22.963671 22.91472 -9999 -9999 -9999 -9999 -9999 -9999 -9999 -9999 -9999 -9999 -9999 -9999 -9999 -9999 -9999 -9999 -9999 -9999 -9999 -9999 -9999 -9999 -9999 -9999 -9999
-9999 -9999 -9999 -9999 -9999 -9999 -9999 -9999 -9999 -9999 -9999 -9999 -9999 -9999 -9999 -9999 -9999 -9999 -9999 -9999 -9999 22.925535 22.944002 22.962469 22.977568 22.959127 22.930391 22.989963 22.929422 22.91472 -9999 -9999 -9999 -9999 -9999 -9999 -9999 -9999 -9999 -9999 -9999 -9999 -9999 -9999 -9999 -9999 -9999 -9999 -9999 -9999 -9999 -9999 -9999 -9999
-9999 -9999 -9999 -9999 -9999 -9999 -9999 -9999 -9999 -9999 -9999 -9999 -9999 -9999 -9999 -9999 -9999 -9999 -9999 -9999 22.925535 22.944002 22.962469 22.977568 22.959127 22.940685 22.922243 22.952222 22.991946 22.921001 22.91472 -9999 -9999 -9999 -9999 -9999 -9999 -9999 -9999 -9999 -9999 -9999 -9999 -9999 -9999 -9999 -9999 -9999 -9999 -9999 -9999 -9999 -9999 -9999
-9999 -9999 -9999 -9999 -9999 -9999 -9999 -9999 -9999 -9999 -9999 -9999 -9999 -9999 -9999 -9999 -9999 -9999 -9999 22.925535 22.944002 22.962469 22.977568 22.959127 22.940685 22.922243 22.931308 22.968814 23.027234 23.013753 22.921001 22.91472 -9999 -9999 -9999 -9999 -9999 -9999 -9999 -9999 -9999 -9999 -9999 -9999 -9999 -9999 -9999 -9999 -9999 -9999 -9999 -9999 -9999 -9999
-9999 -9999 -9999 -9999 -9999 -9999 -9999 -9999 -9999 -9999 -9999 -9999 -9999 -9999 -9999 -9999 -9999 -9999 22.925535 22.944002 22.962469 22.977568 22.959127 22.940685 22.922243 22.931308 22.968814 23.00632 23.043826 23.029654 22.980565 22.921001 22.91472 -9999 -9999 -9999 -9999 -9999 -9999 -9999 -9999 -9999 -9999 -9999 -9999 -9999 -9999 -9999 -9999 -9999 -9999 -9999 -9999 -9999
-9999 -9999 -9999 -9999 -9999 -9999 -9999 -9999 -9999 -9999 -9999 -9999 -9999 -9999 -9999 -9999 -9999 22.925535 22.944002 22.962469 22.977568 22.959127 22.940685 22.922243 22.931308 22.968814 23.00632 23.043826 23.043874 23.03939 23.029517 22.927282 22.921001 22.91472 -9999 -9999 -9999 -9999 -9999 -9999 -9999 -9999 -9999 -9999 -9999 -9999 -9999 -9999 -9999 -9999 -9999 -9999 -9999 -9999
-9999 -9999 -9999 -9999 -9999 -9999 -9999 -9999 -9999 -9999 -9999 -9999 -9999 -9999 -9999 -9999 22.925535 22.944002 22.962469 22.977568 22.959127 22.940685 22.922243 22.931308 22.968814 23.00632 23.043826 23.043874 23.03939 23.034905 23.036751 23.063835 22.927282 22.921001 22.91472 -9999 -9999 -9999 -9999 -9999 -9999 -9999 -9999 -9999 -9999 -9999 -9999 -9999 -9999 -9999 -9999 -9999 -9999 -9999
-9999 -9999 -9999 -9999 -9999 -9999 -9999 -9999 -9999 -9999 -9999 -9999 -9999 -9999 -9999 22.925535 22.944002 22.962469 22.977568 22.959127 22.940685 22.922243 22.931308 22.968814 23.00632 23.043826 23.043874 23.03939 23.034905 23.036751 23.053909 23.071068 23.031707 22.927282 22.921001 22.91472 -9999 -9999 -9999 -9999 -9999 -9999 -9999 -9999 -9999 -9999 -9999 -9999 -9999 -9999 -9999 -9999 -9999 -9999
-9999 -9999 -9999 -9999 -9999 -9999 -9999 -9999 -9999 -9999 -9999 -9999 -9999 -9999 22.925535 22.944002 22.962469 22.977568 22.959127 22.940685 22.922243 22.931308 22.968814 23.00632 23.043826 23.043874 23.03939 23.034905 23.036751 23.053909 23.071068 23.088227 23.063047 22.943815 22.927282 22.921001 22.91472 -9999 -9999 -9999 -9999 -9999 -9999 -9999 -9999 -9999 -9999 -9999 -9999 -9999 -9999 -9999 -9999 -9999
-9999 -9999 -9999 -9999 -9999 -9999 -9999 -9999 -9999 -9999 -9999 -9999 -9999 22.925535 22.944002 22.962469 22.977568 22.959127 22.940685 22.922243 22.931308 22.968814 23.00632 23.043826 23.043874 23.03939 23.034905 23.036751 23.053909 23.071068 23.088227 23.063047 23.019101 22.975155 22.933563 22.927282 22.921001 22.91472 -9999 -9999 -9999 -9999 -9999 -9999 -9999 -9999 -9999 -9999 -9999 -9999 -9999 -9999 -9999 -9999
-9999 -9999 -9999 -9999 -9999 -9999 -9999 -9999 -9999 -9999 -9999 -9999 22.925535 22.944002 22.962469 22.977568 22.959127 22.940685 22.922243 22.931308 22.968814 23.00632 23.043826 23.043874 23.03939 23.034905 23.036751 23.053909 23.071068 23.088227 23.063047 23.019101 22.975155 22.935309 22.935309 22.933563 22.927282 22.921001 22.91472 -9999 -9999 -9999 -9999 -9999 -9999 -9999 -9999 -9999 -9999 -9999 -9999 -9999 -9999 -9999
-9999 -9999 -9999 -9999 -9999 -9999 -9999 -9999 -9999 -9999 -9999 22.925535 22.944002 22.962469 22.977568 22.959127 22.940685 22.922243 22.931308 22.968814 23.00632 23.043826 23.043874 23.03939 23.034905 23.036751 23.053909 23.071068 23.088227 23.063047 23.019101 22.975155 22.935309 22.935309 22.935309 22.935309 22.933563 22.927282 22.921001 22.91472 -9999 -9999 -9999 -9999 -9999 -9999 -9999 -9999 -9999 -9999 -9999 -9999 -9999 -9999
-9999 -9999 -9999 -9999 -9999 -9999 -9999 -9999 -9999 -9999 22.925535 22.944002 22.962469 22.977568 22.959127 22.940685 22.922243 22.931308 22.968814 23.00632 23.043826 23.017557 23.028331 23.034905 23.036751 23.053909 23.071068 23.088227 23.050114 23.008841 22.975155 22.935309 22.935309 22.935309 22.935309 22.957006 23.000952 22.969612 22.927282 22.921001 22.91472 -9999 -9999 -9999 -9999 -9999 -9999 -9999 -9999 -9999 -9999 -9999 -9999 -9999
-9999 -9999 -9999 -9999 -9999 -9999 -9999 -9999 -9999 22.925535 22.944002 22.962469 22.977568 22.959127 22.940685 22.922243 22.931308 22.968814 23.00632 23.043826 23.017557 22.983571 22.994243 22.974081 23.041004 23.058231 23.075457 23.050114 22.987503 22.946164 22.925396 22.935309 22.935309 22.935309 22.957006 23.000952 23.044898 23.088844 23.057504 22.927282 22.921001 22.91472 -9999 -9999 -9999 -9999 -9999 -9999 -9999 -9999 -9999 -9999 -9999 -9999
-9999 -9999 -9999 -9999 -9999 -9999 -9999 -9999 22.925535 22.944002 22.962469 22.977568 22.959127 22.940685 22.922243 22.931308 22.968814 23.00632 23.043826 22.939986 22.914949 22.949585 22.914873 22.785168 22.956583 23.036441 23.011866 22.968762 22.924892 22.887936 22.910388 22.927095 22.935309 22.957006 23.000952 23.044898 23.088844 23.078155 23.060996 23.053763 22.927282 22.921001 22.91472 -9999 -9999 -9999 -9999 -9999 -9999 -9999 -9999 -9999 -9999 -9999
-9999 -9999 -9999 -9999 -9999 -9999 -9999 22.925535 22.944002 22.962469 22.977568 22.959127 22.940685 22.922243 22.931308 22.968814 23.00632 23.043826 22.963276 22.819042 22.793703 22.810323 22.72596 22.596255 22.767125 22.924726 22.844637 22.801811 22.772635 22.872928 22.895381 22.9121 22.956169 23.000952 23.044898 23.088844 23.078155 23.060996 23.043837 23.033053 23.023318 23.006362 22.921001 22.91472 -9999 -9999 -9999 -9999 -9999 -9999 -9999 -9999 -9999 -9999
-9999 -9999 -9999 -9999 -9999 -9999 22.925535 22.944002 22.962469 22.977568 22.959127 22.940685 22.922243 22.931308 22.968814 23.00632 23.043826 23.043874 22.959195 22.721388 22.635804 22.563755 22.491705 22.407342 22.609697 22.782143 22.639561 22.573121 22.676601 22.78008 22.880373 22.92618 23.000063 23.044898 23.088844 23.078155 23.060996 23.043837 23.033053 23.037538 23.042022 23.032287 23.003681 22.921001 22.91472 -9999 -9999 -9999 -9999 -9999 -9999 -9999 -9999 -9999
-9999 -9999 -9999 -9999 -9999 22.925535 22.944002 22.962469 22.977568 22.959127 22.940685 22.922243 22.931308 22.968814 23.00632 23.043826 23.043874 23.03939 22.955115 22.721242 22.535277 22.446664 22.374313 22.382542 22.466467 22.639561 22.510281 22.510281 22.575114 22.678606 22.811173 22.970074 23.043958 23.088844 23.078155 23.060996 23.043837 23.033053 23.037538 23.042022 23.046507 23.02181 23.005218 22.994579 22.955219 22.91472 -9999 -9999 -9999 -9999 -9999 -9999 -9999 -9999
-9999 -9999 -9999 -9999 22.925535 22.944002 22.962469 22.977568 22.959127 22.940685 22.922243 22.931308 22.968814 23.00632 23.043826 23.043874 23.03939 23.034905 22.954969 22.730614 22.544527 22.390575 22.382542 22.426488 22.470435 22.510281 22.510281 22.510281 22.510281 22.604188 22.76657 22.928951 23.087852 23.078155 23.060996 23.043837 23.033053 23.037538 23.042022 23.046507 23.02181 22.984304 22.946797 22.930205 22.967947 22.95687 22.91472 -9999 -9999 -9999 -9999 -9999 -9999 -9999
-9999 -9999 -9999 22.925535 22.944002 22.962469 22.977568 22.959127 22.940685 22.922243 22.931308 22.968814 23.00632 23.043826 23.043874 23.03939 23.034905 23.036751 22.969373 22.739986 22.553777 22.424061 22.426488 22.470435 22.510281 22.510281 22.510281 22.510281 22.501809 22.652648 22.860172 23.022296 23.050167 23.060996 23.043837 23.033053 23.037538 23.042022 23.046507 23.02181 22.984304 22.946797 22.914627 22.933069 22.941217 22.922622 22.930676 22.91472 -9999 -9999 -9999 -9999 -9999 -9999
-9999 -9999 22.925535 22.944002 22.962469 22.977568 22.959127 22.940685 22.922243 22.931308 22.968814 23.00632 23.043826 23.043874 23.03939 23.034905 23.036751 23.053909 22.986965 22.75439 22.587264 22.468289 22.470435 22.510281 22.510281 22.510281 22.510281 22.501809 22.48465 22.634968 22.918629 22.999608 23.011482 23.023356 23.033053 23.037538 23.042022 23.046507 23.02181 22.984304 22.946797 22.914627 22.933069 22.951511 22.969952 22.970095 22.951628 22.933161 22.914695 -9999 -9999 -9999 -9999 -9999
-9999 22.925535 22.944002 22.962469 22.977568 22.959127 22.940685 22.922243 22.931308 22.968814 23.00632 23.043826 23.043874 23.03939 23.034905 23.036751 23.053909 23.071068 23.004556 22.79683 22.637067 22.512518 22.510281 22.510281 22.510281 22.510281 22.501809 22.48465 22.467491 22.617288 22.89502 22.998113 23.023356 23.033053 23.037538 23.042022 23.046507 23.02181 22.984304 22.946797 22.914627 22.933069 22.951511 22.969952 22.970095 22.951628 22.933161 22.914695 22.920122 -9999 -9999 -9999 -9999 -9999
-9999 22.944002 22.962469 22.977568 22.959127 22.940685 22.922243 22.931308 22.968814 23.00632 23.043826 23.043874 23.03939 23.034905 23.036751 23.053909 23.071068 23.088227 23.044561 22.850284 22.690402 22.565808 22.510281 22.510281 22.510281 22.518071 22.48465 22.467491 22.450332 22.593679 22.870709 22.9742 23.030189 23.037538 23.042022 23.046507 23.02181 22.984304 22.946797 22.914627 22.933069 22.951511 22.969952 22.970095 22.951628 22.933161 22.914695 22.920122 22.928317 -9999 -9999 -9999 -9999 -9999
-9999 -9999 22.977568 22.959127 22.940685 22.922243 22.931308 22.968814 23.00632 23.043826 23.043874 23.03939 23.034905 23.036751 23.053909 23.071068 23.088227 23.063047 23.000711 22.901303 22.747224 22.656516 22.565808 22.510281 22.541957 22.582514 22.483753 22.450332 22.561498 22.687857 22.846398 22.958615 23.03455 23.042022 23.046507 23.02181 22.984304 22.946797 22.914627 22.933069 22.951511 22.969952 22.970095 22.951628 22.933161 22.914695 22.920122 22.928317 22.936512 -9999 -9999 -9999 -9999 -9999
-9999 -9999 -9999 22.940685 22.922243 22.931308 22.968814 23.00632 23.043826 23.043874 23.03939 23.034905 23.036751 23.053909 23.071068 23.088227 23.063047 23.019101 22.956861 22.864136 22.836357 22.747224 22.656516 22.601172 22.606118 22.646956 22.548196 22.531139 22.628954 22.755501 22.888471 22.962975 23.038911 23.046507 23.02181 22.984304 22.946797 22.914627 22.933069 22.951511 22.969952 22.970095 22.951628 22.933161 22.914695 22.920122 22.928317 22.936512 -9999 -9999 -9999 -9999 -9999 -9999
-9999 -9999 -9999 -9999 22.931308 22.968814 23.00632 23.043826 23.043874 23.03939 23.034905 23.036751 23.053909 23.071068 23.088227 23.063047 23.019101 22.975155 22.919694 22.891915 22.864136 22.836357 22.782588 22.763509 22.730393 22.711399 22.700141 22.693474 22.675842 22.780079 22.928432 22.99548 23.043272 23.02181 22.984304 22.946797 22.914627 22.933069 22.951511 22.969952 22.970095 22.951628 22.933161 22.914695 22.920122 22.928317 22.936512 -9999 -9999 -9999 -9999 -9999 -9999 -9999
-9999 -9999 -9999 -9999 -9999 23.00632 23.043826 23.043874 23.03939 23.034905 23.036751 23.053909 23.071068 23.088227 23.063047 23.019101 22.975155 22.935309 22.935309 22.919694 22.891915 22.885833 22.942655 22.925846 22.892756 22.813391 22.862446 22.855809 22.818187 22.83084 22.968392 23.035628 23.02181 22.984304 22.946797 22.914627 22.933069 22.951511 22.969952 22.970095 22.951628 22.933161 22.914695 22.920122 22.928317 22.936512 -9999 -9999 -9999 -9999 -9999 -9999 -9999 -9999
-9999 -9999 -9999 -9999 -9999 -9999 23.043874 23.03939 23.034905 23.036751 23.053909 23.071068 23.088227 23.063047 23.019101 22.975155 22.935309 22.935309 22.935309 22.935309 22.941391 22.957558 23.014284 23.085914 22.982409 22.894095 22.974799 22.998153 22.912655 22.924997 23.019153 23.02181 22.984304 22.946797 22.914627 22.933069 22.951511 22.969952 22.970095 22.951628 22.933161 22.914695 22.920122 22.928317 22.936512 -9999 -9999 -9999 -9999 -9999 -9999 -9999 -9999 -9999
-9999 -9999 -9999 -9999 -9999 -9999 -9999 23.034905 23.036751 23.053909 23.071068 23.088227 23.063047 23.019101 22.975155 22.935309 22.935309 22.935309 22.935309 22.957006 23.000952 23.029283 23.085914 23.078155 23.060996 22.974799 23.033053 23.037538 23.007123 23.019153 23.02181 22.984304 22.946797 22.914627 22.933069 22.951511 22.969952 22.970095 22.951628 22.933161 22.914695 22.920122 22.928317 22.936512 -9999 -9999 -9999 -9999 -9999 -9999 -9999 -9999 -9999 -9999
-9999 -9999 -9999 -9999 -9999 -9999 -9999 -9999 23.053909 23.071068 23.088227 23.063047 23.019101 22.975155 22.935309 22.935309 22.935309 22.935309 22.957006 23.000952 23.044898 23.088844 23.078155 23.060996 23.043837 23.033053 23.037538 23.042022 23.046507 23.02181 22.984304 22.946797 22.914627 22.933069 22.951511 22.969952 22.970095 22.951628 22.933161 22.914695 22.920122 22.928317 22.936512 -9999 -9999 -9999 -9999 -9999 -9999 -9999 -9999 -9999 -9999 -9999
-9999 -9999 -9999 -9999 -9999 -9999 -9999 -9999 -9999 23.088227 23.063047 23.019101 22.975155 22.935309 22.935309 22.935309 22.935309 22.957006 23.000952 23.044898 23.088844 23.078155 23.060996 23.043837 23.033053 23.037538 23.042022 23.046507 23.02181 22.984304 22.946797 22.914627 22.933069 22.951511 22.969952 22.970095 22.951628 22.933161 22.914695 22.920122 22.928317 22.936512 -9999 -9999 -9999 -9999 -9999 -9999 -9999 -9999 -9999 -9999 -9999 -9999
-9999 -9999 -9999 -9999 -9999 -9999 -9999 -9999 -9999 -9999 23.019101 22.975155 22.935309 22.935309 22.935309 22.935309 22.957006 23.000952 23.044898 23.088844 23.078155 23.060996 23.043837 23.033053 23.037538 23.042022 23.046507 23.02181 22.984304 22.946797 22.914627 22.933069 22.951511 22.969952 22.970095 22.951628 22.933161 22.914695 22.920122 22.928317 22.936512 -9999 -9999 -9999 -9999 -9999 -9999 -9999 -9999 -9999 -9999 -9999 -9999 -9999
-9999 -9999 -9999 -9999 -9999 -9999 -9999 -9999 -9999 -9999 -9999 22.935309 22.935309 22.935309 22.935309 22.957006 23.000952 23.044898 23.088844 23.078155 23.060996 23.043837 23.033053 23.037538 23.042022 23.046507 23.02181 22.984304 22.946797 22.914627 22.933069 22.951511 22.969952 22.970095 22.951628 22.933161 22.914695 22.920122 22.928317 22.936512 -9999 -9999 -9999 -9999 -9999 -9999 -9999 -9999 -9999 -9999 -9999 -9999 -9999 -9999
-9999 -9999 -9999 -9999 -9999 -9999 -9999 -9999 -9999 -9999 -9999 -9999 22.935309 22.935309 22.957006 23.000952 23.044898 23.088844 23.078155 23.060996 23.043837 23.033053 23.037538 23.042022 23.046507 23.02181 22.984304 22.946797 22.914627 22.933069 22.951511 22.969952 22.970095 22.951628 22.933161 22.914695 22.920122 22.928317 22.936512 -9999 -9999 -9999 -9999 -9999 -9999 -9999 -9999 -9999 -9999 -9999 -9999 -9999 -9999 -9999
-9999 -9999 -9999 -9999 -9999 -9999 -9999 -9999 -9999 -9999 -9999 -9999 -9999 22.957006 23.000952 23.044898 23.088844 23.078155 23.060996 23.043837 23.033053 23.037538 23.042022 23.046507 23.02181 22.984304 22.946797 22.914627 22.933069 22.951511 22.969952 22.970095 22.951628 22.933161 22.914695 22.920122 22.928317 22.936512 -9999 -9999 -9999 -9999 -9999 -9999 -9999 -9999 -9999 -9999 -9999 -9999 -9999 -9999 -9999 -9999
-9999 -9999 -9999 -9999 -9999 -9999 -9999 -9999 -9999 -9999 -9999 -9999 -9999 -9999 23.044898 23.088844 23.078155 23.060996 23.043837 23.033053 23.037538 23.042022 23.046507 23.02181 22.984304 22.946797 22.914627 22.933069 22.951511 22.969952 22.970095 22.951628 22.933161 22.914695 22.920122 22.928317 22.936512 -9999 -9999 -9999 -9999 -9999 -9999 -9999 -9999 -9999 -9999 -9999 -9999 -9999 -9999 -9999 -9999 -9999
