test/data/morpho1_16m/processor_outputs/default/OUTPUT_T_225_0_23h.tif
NCOLS 52
NROWS 52
XLLCORNER 354569.37
YLLCORNER 6687410.4
CELLSIZE 21.370192
NODATA_VALUE -9999
[rows 0 to 40 of 52, columns 0 to 51 of 52]
-9999 -9999 -9999 -9999 -9999 -9999 -9999 -9999 -9999 -9999 -9999 -9999 -9999 -9999 -9999 -9999 -9999 -9999 -9999 -9999 -9999 -9999 -9999 -9999 -9999 -9999 -9999 -9999 -9999 -9999 -9999 -9999 -9999 -9999 -9999 -9999 -9999 -9999 -9999 -9999 -9999 -9999 -9999 -9999 -9999 -9999 -9999 -9999 -9999 -9999 -9999 -9999
-9999 -9999 -9999 -9999 -9999 -9999 -9999 -9999 -9999 -9999 -9999 -9999 -9999 -9999 -9999 -9999 -9999 -9999 -9999 -9999 -9999 -9999 -9999 -9999 18.236803 -9999 -9999 -9999 -9999 -9999 -9999 -9999 -9999 -9999 -9999 -9999 -9999 -9999 -9999 -9999 -9999 -9999 -9999 -9999 -9999 -9999 -9999 -9999 -9999 -9999 -9999 -9999
-9999 -9999 -9999 -9999 -9999 -9999 -9999 -9999 -9999 -9999 -9999 -9999 -9999 -9999 -9999 -9999 -9999 -9999 -9999 -9999 -9999 -9999 -9999 18.237139 18.237624 18.236679 -9999 -9999 -9999 -9999 -9999 -9999 -9999 -9999 -9999 -9999 -9999 -9999 -9999 -9999 -9999 -9999 -9999 -9999 -9999 -9999 -9999 -9999 -9999 -9999 -9999 -9999
-9999 -9999 -9999 -9999 -9999 -9999 -9999 -9999 -9999 -9999 -9999 -9999 -9999 -9999 -9999 -9999 -9999 -9999 -9999 -9999 -9999 -9999 18.237139 18.238058 18.238434 18.238294 18.236679 -9999 -9999 -9999 -9999 -9999 -9999 -9999 -9999 -9999 -9999 -9999 -9999 -9999 -9999 -9999 -9999 -9999 -9999 -9999 -9999 -9999 -9999 -9999 -9999 -9999
-9999 -9999 -9999 -9999 -9999 -9999 -9999 -9999 -9999 -9999 -9999 -9999 -9999 -9999 -9999 -9999 -9999 -9999 -9999 -9999 -9999 18.237139 18.238058 18.238977 18.239244 18.238606 18.237098 18.236679 -9999 -9999 -9999 -9999 -9999 -9999 -9999 -9999 -9999 -9999 -9999 -9999 -9999 -9999 -9999 -9999 -9999 -9999 -9999 -9999 -9999 -9999 -9999 -9999
-9999 -9999 -9999 -9999 -9999 -9999 -9999 -9999 -9999 -9999 -9999 -9999 -9999 -9999 -9999 -9999 -9999 -9999 -9999 -9999 18.237139 18.238058 18.238977 18.239797 18.239768 18.239188 18.239599 18.235799 18.236679 -9999 -9999 -9999 -9999 -9999 -9999 -9999 -9999 -9999 -9999 -9999 -9999 -9999 -9999 -9999 -9999 -9999 -9999 -9999 -9999 -9999 -9999 -9999
-9999 -9999 -9999 -9999 -9999 -9999 -9999 -9999 -9999 -9999 -9999 -9999 -9999 -9999 -9999 -9999 -9999 -9999 -9999 18.237139 18.238058 18.238977 18.239797 18.239768 18.23974 18.239712 18.239745 18.241192 18.235799 18.236679 -9999 -9999 -9999 -9999 -9999 -9999 -9999 -9999 -9999 -9999 -9999 -9999 -9999 -9999 -9999 -9999 -9999 -9999 -9999 -9999 -9999 -9999
-9999 -9999 -9999 -9999 -9999 -9999 -9999 -9999 -9999 -9999 -9999 -9999 -9999 -9999 -9999 -9999 -9999 -9999 18.237139 18.238058 18.238977 18.239797 18.239768 18.23974 18.239712 18.239932 18.240217 18.240903 18.237394 18.235799 18.236679 -9999 -9999 -9999 -9999 -9999 -9999 -9999 -9999 -9999 -9999 -9999 -9999 -9999 -9999 -9999 -9999 -9999 -9999 -9999 -9999 -9999
-9999 -9999 -9999 -9999 -9999 -9999 -9999 -9999 -9999 -9999 -9999 -9999 -9999 -9999 -9999 -9999 -9999 18.237139 18.238058 18.238977 18.239797 18.239768 18.23974 18.239712 18.239932 18.240217 18.240503 18.241016 18.242463 18.23492 18.235799 18.236679 -9999 -9999 -9999 -9999 -9999 -9999 -9999 -9999 -9999 -9999 -9999 -9999 -9999 -9999 -9999 -9999 -9999 -9999 -9999 -9999
-9999 -9999 -9999 -9999 -9999 -9999 -9999 -9999 -9999 -9999 -9999 -9999 -9999 -9999 -9999 -9999 18.237139 18.238058 18.238977 18.239797 18.239768 18.23974 18.239712 18.239932 18.240217 18.240503 18.241016 18.241781 18.242546 18.244115 18.23492 18.235799 18.236679 -9999 -9999 -9999 -9999 -9999 -9999 -9999 -9999 -9999 -9999 -9999 -9999 -9999 -9999 -9999 -9999 -9999 -9999 -9999
-9999 -9999 -9999 -9999 -9999 -9999 -9999 -9999 -9999 -9999 -9999 -9999 -9999 -9999 -9999 18.237139 18.238058 18.238977 18.239797 18.239768 18.23974 18.239712 18.239932 18.240217 18.240503 18.241016 18.241781 18.242546 18.243321 18.244147 18.23769 18.23492 18.235799 18.236679 -9999 -9999 -9999 -9999 -9999 -9999 -9999 -9999 -9999 -9999 -9999 -9999 -9999 -9999 -9999 -9999 -9999 -9999
-9999 -9999 -9999 -9999 -9999 -9999 -9999 -9999 -9999 -9999 -9999 -9999 -9999 -9999 18.237139 18.238058 18.238977 18.239797 18.239768 18.23974 18.239712 18.239932 18.240217 18.240503 18.241016 18.241781 18.242546 18.243321 18.244147 18.244597 18.244161 18.234041 18.23492 18.235799 18.236679 -9999 -9999 -9999 -9999 -9999 -9999 -9999 -9999 -9999 -9999 -9999 -9999 -9999 -9999 -9999 -9999 -9999
-9999 -9999 -9999 -9999 -9999 -9999 -9999 -9999 -9999 -9999 -9999 -9999 -9999 18.237139 18.238058 18.238977 18.239797 18.239768 18.23974 18.239712 18.239932 18.240217 18.240503 18.210973 18.218803 18.217613 18.217405 18.222323 18.22509 18.224653 18.112894 18.193922 18.234041 18.23492 18.235799 18.236679 -9999 -9999 -9999 -9999 -9999 -9999 -9999 -9999 -9999 -9999 -9999 -9999 -9999 -9999 -9999 -9999
-9999 -9999 -9999 -9999 -9999 -9999 -9999 -9999 -9999 -9999 -9999 -9999 18.237139 18.238058 18.238977 18.239797 18.239768 18.23974 18.239712 18.239932 18.240217 18.240503 18.210973 18.148547 18.165406 18.186264 18.187878 18.189492 18.191106 18.093387 17.961405 18.058242 18.178208 18.234041 18.23492 18.235799 18.236679 -9999 -9999 -9999 -9999 -9999 -9999 -9999 -9999 -9999 -9999 -9999 -9999 -9999 -9999 -9999
-9999 -9999 -9999 -9999 -9999 -9999 -9999 -9999 -9999 -9999 -9999 18.237139 18.238058 18.238977 18.239797 18.239768 18.23974 18.239712 18.239932 18.240217 18.240503 18.210973 18.148547 18.086122 18.10461 18.106422 18.108205 18.109819 17.932612 17.865918 17.809915 17.906878 18.016773 18.177046 18.234041 18.23492 18.235799 18.236679 -9999 -9999 -9999 -9999 -9999 -9999 -9999 -9999 -9999 -9999 -9999 -9999 -9999 -9999
-9999 -9999 -9999 -9999 -9999 -9999 -9999 -9999 -9999 -9999 18.237139 18.238058 18.238977 18.239797 18.239768 18.23974 18.239712 18.239932 18.240217 18.240503 18.210973 18.147165 18.079454 18.022963 18.024822 18.02666 18.028497 17.851324 17.641633 17.587383 17.640121 17.741698 17.855338 18.046685 18.223676 18.233198 18.23492 18.235799 18.236679 -9999 -9999 -9999 -9999 -9999 -9999 -9999 -9999 -9999 -9999 -9999 -9999 -9999
-9999 -9999 -9999 -9999 -9999 -9999 -9999 -9999 -9999 18.237139 18.238058 18.238977 18.239797 18.239768 18.23974 18.239712 18.239932 18.240217 18.240503 18.172594 18.069234 17.997771 17.941279 17.943315 17.94535 17.94721 17.678133 17.478179 17.350654 17.366523 17.470061 17.5736 17.724976 18.028381 18.189536 18.232358 18.235576 18.23492 18.235799 18.236679 -9999 -9999 -9999 -9999 -9999 -9999 -9999 -9999 -9999 -9999 -9999 -9999
-9999 -9999 -9999 -9999 -9999 -9999 -9999 -9999 18.237139 18.238058 18.238977 18.239797 18.239768 18.23974 18.239712 18.239932 18.240217 18.240503 18.172594 18.029446 17.93005 17.81096 17.665966 17.630683 17.595401 17.589834 17.278555 17.091045 17.056625 17.148574 17.248201 17.393408 17.702983 18.010078 18.155396 18.232779 18.244354 18.244259 18.234773 18.235799 18.236679 -9999 -9999 -9999 -9999 -9999 -9999 -9999 -9999 -9999 -9999 -9999
-9999 -9999 -9999 -9999 -9999 -9999 -9999 18.237139 18.238058 18.238977 18.239797 18.239768 18.23974 18.239712 18.239932 18.240217 18.240503 18.172594 18.029446 17.886299 17.749698 17.415841 17.081984 16.936989 17.12183 17.127082 16.871966 16.783026 16.818292 16.914153 17.059803 17.369953 17.680104 17.990255 18.155817 18.236933 18.243528 18.242738 18.242671 18.235613 18.235799 18.236679 -9999 -9999 -9999 -9999 -9999 -9999 -9999 -9999 -9999 -9999
-9999 -9999 -9999 -9999 -9999 -9999 18.237139 18.238058 18.238977 18.239797 18.239768 18.23974 18.239712 18.239932 18.240217 18.240503 18.225775 18.099117 17.972459 17.818343 17.515641 17.204076 16.892511 16.626318 16.688246 16.66433 16.54607 16.548354 16.580104 16.727492 17.044799 17.354949 17.6651 17.880542 18.085755 18.241087 18.242738 18.241973 18.241208 18.241095 18.241399 18.235799 18.236679 -9999 -9999 -9999 -9999 -9999 -9999 -9999 -9999 -9999
-9999 -9999 -9999 -9999 -9999 18.237139 18.238058 18.238977 18.239797 18.239768 18.23974 18.239712 18.239932 18.240217 18.240503 18.241016 18.241781 18.227305 18.073189 17.775828 17.478468 17.175765 16.893386 16.636055 16.417562 16.338434 16.34947 16.363389 16.410436 16.713063 17.029794 17.339945 17.654314 17.874177 18.094041 18.213214 18.241973 18.241208 18.240574 18.240289 18.239817 18.239791 18.23565 18.236679 -9999 -9999 -9999 -9999 -9999 -9999 -9999 -9999
-9999 -9999 -9999 -9999 18.237139 18.238058 18.238977 18.239797 18.239768 18.23974 18.239712 18.239932 18.240217 18.240503 18.241016 18.241781 18.242546 18.226286 18.099102 17.809174 17.519246 17.180602 16.899563 16.645792 16.482795 16.36868 16.335552 16.382599 16.549113 16.715627 17.01479 17.374094 17.702567 17.995308 18.114481 18.163083 18.211684 18.240574 18.240289 18.240003 18.239718 18.239246 18.238677 18.238486 18.236679 -9999 -9999 -9999 -9999 -9999 -9999 -9999
-9999 -9999 -9999 18.237139 18.238058 18.238977 18.239797 18.239768 18.23974 18.239712 18.239932 18.240217 18.240503 18.241016 18.241781 18.242546 18.226286 18.121212 18.016138 17.888954 17.538072 17.193129 16.909701 16.711026 16.59691 16.482795 16.39805 16.489489 16.650459 16.81143 17.060684 17.413553 17.738411 18.065061 18.145703 18.200693 18.240574 18.240289 18.240003 18.239718 18.239733 18.239761 18.239237 18.238427 18.237616 18.236679 -9999 -9999 -9999 -9999 -9999 -9999
-9999 -9999 18.237139 18.238058 18.238977 18.239797 18.239768 18.23974 18.239712 18.239932 18.240217 18.240503 18.241016 18.241781 18.242546 18.243321 18.244147 18.16404 18.0711 17.915295 17.545826 17.205655 16.994245 16.846268 16.711026 16.626281 16.647257 16.609846 16.697921 16.947175 17.205966 17.464757 17.795757 18.137476 18.200693 18.240574 18.240289 18.240003 18.239718 18.239733 18.239761 18.239789 18.239208 18.238289 18.23737 18.237305 -9999 -9999 -9999 -9999 -9999 -9999
-9999 18.237139 18.238058 18.238977 18.239797 18.239768 18.23974 18.239712 18.239932 18.240217 18.240503 18.241016 18.241781 18.242546 18.243321 18.244147 18.244973 18.245799 18.110337 17.931584 17.561095 17.290198 17.142221 16.994245 16.875639 16.875685 16.893101 16.855689 16.845341 16.974351 17.223061 17.526453 17.868173 18.200693 18.240574 18.240289 18.240003 18.239718 18.239733 18.239761 18.239789 18.239208 18.238289 18.23737 18.237305 18.238978 -9999 -9999 -9999 -9999 -9999 -9999
18.237139 18.238058 18.238977 18.239797 18.239768 18.23974 18.239712 18.239932 18.240217 18.240503 18.241016 18.241781 18.242546 18.243321 18.244147 18.244973 18.245799 18.245364 18.134432 17.947873 17.671545 17.478156 17.290198 17.171592 17.158904 17.146215 17.138944 17.160847 17.150503 17.073457 17.261386 17.620531 17.979676 18.240574 18.240289 18.240003 18.239718 18.239733 18.239761 18.239789 18.239208 18.238289 18.23737 18.237305 18.238978 18.240651 -9999 -9999 -9999 -9999 -9999 -9999
-9999 18.238977 18.239797 18.239768 18.23974 18.239712 18.239932 18.240217 18.240503 18.241016 18.241781 18.242546 18.243321 18.244147 18.244973 18.245799 18.245364 18.2447 18.126444 18.039603 17.864935 17.671545 17.492177 17.501138 17.493222 17.485306 17.471072 17.472412 17.455665 17.395817 17.620531 17.979676 18.240574 18.240289 18.240003 18.239718 18.239733 18.239761 18.239789 18.239208 18.238289 18.23737 18.237305 18.238978 18.240651 -9999 -9999 -9999 -9999 -9999 -9999 -9999
-9999 -9999 18.239768 18.23974 18.239712 18.239932 18.240217 18.240503 18.241016 18.241781 18.242546 18.243321 18.244147 18.244973 18.245799 18.245364 18.2447 18.239635 18.152794 18.096198 18.039603 17.878956 17.75015 17.782863 17.855014 17.84078 17.824196 17.801866 17.778025 17.730231 17.979676 18.240574 18.240289 18.240003 18.239718 18.239733 18.239761 18.239789 18.239208 18.238289 18.23737 18.237305 18.238978 18.240651 -9999 -9999 -9999 -9999 -9999 -9999 -9999 -9999
-9999 -9999 -9999 18.239712 18.239932 18.240217 18.240503 18.241016 18.241781 18.242546 18.243321 18.244147 18.244973 18.245799 18.245364 18.2447 18.244036 18.243725 18.20939 18.152794 18.096342 18.110462 18.008123 18.053711 17.989351 18.079329 18.056998 18.057053 18.072796 18.064645 18.240574 18.240289 18.240003 18.239718 18.239733 18.239761 18.239789 18.239208 18.238289 18.23737 18.237305 18.238978 18.240651 -9999 -9999 -9999 -9999 -9999 -9999 -9999 -9999 -9999
-9999 -9999 -9999 -9999 18.240217 18.240503 18.241016 18.241781 18.242546 18.243321 18.244147 18.244973 18.245799 18.245364 18.2447 18.244036 18.243725 18.243725 18.243725 18.209534 18.153602 18.175046 18.23963 18.164123 18.094587 18.199823 18.242738 18.241973 18.241208 18.240574 18.240289 18.240003 18.239718 18.239733 18.239761 18.239789 18.239208 18.238289 18.23737 18.237305 18.238978 18.240651 -9999 -9999 -9999 -9999 -9999 -9999 -9999 -9999 -9999 -9999
-9999 -9999 -9999 -9999 -9999 18.241016 18.241781 18.242546 18.243321 18.244147 18.244973 18.245799 18.245364 18.2447 18.244036 18.243725 18.243725 18.243725 18.243869 18.244533 18.210862 18.23963 18.24518 18.244354 18.199823 18.242738 18.241973 18.241208 18.240574 18.240289 18.240003 18.239718 18.239733 18.239761 18.239789 18.239208 18.238289 18.23737 18.237305 18.238978 18.240651 -9999 -9999 -9999 -9999 -9999 -9999 -9999 -9999 -9999 -9999 -9999
-9999 -9999 -9999 -9999 -9999 -9999 18.242546 18.243321 18.244147 18.244973 18.245799 18.245364 18.2447 18.244036 18.243725 18.243725 18.243725 18.243869 18.244533 18.245197 18.245861 18.24518 18.244354 18.243528 18.242738 18.241973 18.241208 18.240574 18.240289 18.240003 18.239718 18.239733 18.239761 18.239789 18.239208 18.238289 18.23737 18.237305 18.238978 18.240651 -9999 -9999 -9999 -9999 -9999 -9999 -9999 -9999 -9999 -9999 -9999 -9999
-9999 -9999 -9999 -9999 -9999 -9999 -9999 18.244147 18.244973 18.245799 18.245364 18.2447 18.244036 18.243725 18.243725 18.243725 18.243869 18.244533 18.245197 18.245861 18.24518 18.244354 18.243528 18.242738 18.241973 18.241208 18.240574 18.240289 18.240003 18.239718 18.239733 18.239761 18.239789 18.239208 18.238289 18.23737 18.237305 18.238978 18.240651 -9999 -9999 -9999 -9999 -9999 -9999 -9999 -9999 -9999 -9999 -9999 -9999 -9999
-9999 -9999 -9999 -9999 -9999 -9999 -9999 -9999 18.245799 18.245364 18.2447 18.244036 18.243725 18.243725 18.243725 18.243869 18.244533 18.245197 18.245861 18.24518 18.244354 18.243528 18.242738 18.241973 18.241208 18.240574 18.240289 18.240003 18.239718 18.239733 18.239761 18.239789 18.239208 18.238289 18.23737 18.237305 18.238978 18.240651 -9999 -9999 -9999 -9999 -9999 -9999 -9999 -9999 -9999 -9999 -9999 -9999 -9999 -9999
-9999 -9999 -9999 -9999 -9999 -9999 -9999 -9999 -9999 18.2447 18.244036 18.243725 18.243725 18.243725 18.243869 18.244533 18.245197 18.245861 18.24518 18.244354 18.243528 18.242738 18.241973 18.241208 18.240574 18.240289 18.240003 18.239718 18.239733 18.239761 18.239789 18.239208 18.238289 18.23737 18.237305 18.238978 18.240651 -9999 -9999 -9999 -9999 -9999 -9999 -9999 -9999 -9999 -9999 -9999 -9999 -9999 -9999 -9999
-9999 -9999 -9999 -9999 -9999 -9999 -9999 -9999 -9999 -9999 18.243725 18.243725 18.243725 18.243869 18.244533 18.245197 18.245861 18.24518 18.244354 18.243528 18.242738 18.241973 18.241208 18.240574 18.240289 18.240003 18.239718 18.239733 18.239761 18.239789 18.239208 18.238289 18.23737 18.237305 18.238978 18.240651 -9999 -9999 -9999 -9999 -9999 -9999 -9999 -9999 -9999 -9999 -9999 -9999 -9999 -9999 -9999 -9999
-9999 -9999 -9999 -9999 -9999 -9999 -9999 -9999 -9999 -9999 -9999 18.243725 18.243869 18.244533 18.245197 18.245861 18.24518 18.244354 18.243528 18.242738 18.241973 18.241208 18.240574 18.240289 18.240003 18.239718 18.239733 18.239761 18.239789 18.239208 18.238289 18.23737 18.237305 18.238978 18.240651 -9999 -9999 -9999 -9999 -9999 -9999 -9999 -9999 -9999 -9999 -9999 -9999 -9999 -9999 -9999 -9999 -9999
-9999 -9999 -9999 -9999 -9999 -9999 -9999 -9999 -9999 -9999 -9999 -9999 18.244533 18.245197 18.245861 18.24518 18.244354 18.243528 18.242738 18.241973 18.241208 18.240574 18.240289 18.240003 18.239718 18.239733 18.239761 18.239789 18.239208 18.238289 18.23737 18.237305 18.238978 18.240651 -9999 -9999 -9999 -9999 -9999 -9999 -9999 -9999 -9999 -9999 -9999 -9999 -9999 -9999 -9999 -9999 -9999 -9999
-9999 -9999 -9999 -9999 -9999 -9999 -9999 -9999 -9999 -9999 -9999 -9999 -9999 18.245861 18.24518 18.244354 18.243528 18.242738 18.241973 18.241208 18.240574 18.240289 18.240003 18.239718 18.239733 18.239761 18.239789 18.239208 18.238289 18.23737 18.237305 18.238978 18.240651 -9999 -9999 -9999 -9999 -9999 -9999 -9999 -9999 -9999 -9999 -9999 -9999 -9999 -9999 -9999 -9999 -9999 -9999 -9999
-9999 -9999 -9999 -9999 -9999 -9999 -9999 -9999 -9999 -9999 -9999 -9999 -9999 -9999 18.244354 18.243528 18.242738 18.241973 18.241208 18.240574 18.240289 18.240003 18.239718 18.239733 18.239761 18.239789 18.239208 18.238289 18.23737 18.237305 18.238978 18.240651 -9999 -9999 -9999 -9999 -9999 -9999 -9999 -9999 -9999 -9999 -9999 -9999 -9999 -9999 -9999 -9999 -9999 -9999 -9999 -9999
-9999 -9999 -9999 -9999 -9999 -9999 -9999 -9999 -9999 -9999 -9999 -9999 -9999 -9999 -9999 18.242738 18.241973 18.241208 18.240574 18.240289 18.240003 18.239718 18.239733 18.239761 18.239789 18.239208 18.238289 18.23737 18.237305 18.238978 18.240651 -9999 -9999 -9999 -9999 -9999 -9999 -9999 -9999 -9999 -9999 -9999 -9999 -9999 -9999 -9999 -9999 -9999 -9999 -9999 -9999 -9999
