test/data/morpho1_16m/processor_outputs/default/OUTPUT_T_225_0_12h.tif
NCOLS 52
NROWS 52
XLLCORNER 354569.37
YLLCORNER 6687410.4
CELLSIZE 21.370192
NODATA_VALUE -9999
[rows 0 to 40 of 52, columns 0 to 51 of 52]
-9999 -9999 -9999 -9999 -9999 -9999 -9999 -9999 -9999 -9999 -9999 -9999 -9999 -9999 -9999 -9999 -9999 -9999 -9999 -9999 -9999 -9999 -9999 -9999 -9999 -9999 -9999 -9999 -9999 -9999 -9999 -9999 -9999 -9999 -9999 -9999 -9999 -9999 -9999 -9999 -9999 -9999 -9999 -9999 -9999 -9999 -9999 -9999 -9999 -9999 -9999 -9999
-9999 -9999 -9999 -9999 -9999 -9999 -9999 -9999 -9999 -9999 -9999 -9999 -9999 -9999 -9999 -9999 -9999 -9999 -9999 -9999 -9999 -9999 -9999 -9999 22.914864 -9999 -9999 -9999 -9999 -9999 -9999 -9999 -9999 -9999 -9999 -9999 -9999 -9999 -9999 -9999 -9999 -9999 -9999 -9999 -9999 -9999 -9999 -9999 -9999 -9999 -9999 -9999
-9999 -9999 -9999 -9999 -9999 -9999 -9999 -9999 -9999 -9999 -9999 -9999 -9999 -9999 -9999 -9999 -9999 -9999 -9999 -9999 -9999 -9999 -9999 22.921185 22.922865 22.91329 -9999 -9999 -9999 -9999 -9999 -9999 -9999 -9999 -9999 -9999 -9999 -9999 -9999 -9999 -9999 -9999 -9999 -9999 -9999 -9999 -9999 -9999 -9999 -9999 -9999 -9999
-9999 -9999 -9999 -9999 -9999 -9999 -9999 -9999 -9999 -9999 -9999 -9999 -9999 -9999 -9999 -9999 -9999 -9999 -9999 -9999 -9999 -9999 22.921185 22.941239 22.938327 22.949323 22.91329 -9999 -9999 -9999 -9999 -9999 -9999 -9999 -9999 -9999 -9999 -9999 -9999 -9999 -9999 -9999 -9999 -9999 -9999 -9999 -9999 -9999 -9999 -9999 -9999 -9999
-9999 -9999 -9999 -9999 -9999 -9999 -9999 -9999 -9999 -9999 -9999 -9999 -9999 -9999 -9999 -9999 -9999 -9999 -9999 -9999 -9999 22.921185 22.941239 22.961294 22.953789 22.942432 22.935796 22.91329 -9999 -9999 -9999 -9999 -9999 -9999 -9999 -9999 -9999 -9999 -9999 -9999 -9999 -9999 -9999 -9999 -9999 -9999 -9999 -9999 -9999 -9999 -9999 -9999
-9999 -9999 -9999 -9999 -9999 -9999 -9999 -9999 -9999 -9999 -9999 -9999 -9999 -9999 -9999 -9999 -9999 -9999 -9999 -9999 22.921185 22.941239 22.961294 22.977156 22.957128 22.913734 22.983737 22.919309 22.91329 -9999 -9999 -9999 -9999 -9999 -9999 -9999 -9999 -9999 -9999 -9999 -9999 -9999 -9999 -9999 -9999 -9999 -9999 -9999 -9999 -9999 -9999 -9999
-9999 -9999 -9999 -9999 -9999 -9999 -9999 -9999 -9999 -9999 -9999 -9999 -9999 -9999 -9999 -9999 -9999 -9999 -9999 22.921185 22.941239 22.961294 22.977156 22.957128 22.937101 22.917074 22.992521 22.99831 22.919309 22.91329 -9999 -9999 -9999 -9999 -9999 -9999 -9999 -9999 -9999 -9999 -9999 -9999 -9999 -9999 -9999 -9999 -9999 -9999 -9999 -9999 -9999 -9999
-9999 -9999 -9999 -9999 -9999 -9999 -9999 -9999 -9999 -9999 -9999 -9999 -9999 -9999 -9999 -9999 -9999 -9999 22.921185 22.941239 22.961294 22.977156 22.957128 22.937101 22.917074 22.945047 22.985778 23.018151 22.956729 22.919309 22.91329 -9999 -9999 -9999 -9999 -9999 -9999 -9999 -9999 -9999 -9999 -9999 -9999 -9999 -9999 -9999 -9999 -9999 -9999 -9999 -9999 -9999
-9999 -9999 -9999 -9999 -9999 -9999 -9999 -9999 -9999 -9999 -9999 -9999 -9999 -9999 -9999 -9999 -9999 22.921185 22.941239 22.961294 22.977156 22.957128 22.937101 22.917074 22.945047 22.985778 23.026509 23.045559 23.019992 22.925327 22.919309 22.91329 -9999 -9999 -9999 -9999 -9999 -9999 -9999 -9999 -9999 -9999 -9999 -9999 -9999 -9999 -9999 -9999 -9999 -9999 -9999 -9999
-9999 -9999 -9999 -9999 -9999 -9999 -9999 -9999 -9999 -9999 -9999 -9999 -9999 -9999 -9999 -9999 22.921185 22.941239 22.961294 22.977156 22.957128 22.937101 22.917074 22.945047 22.985778 23.026509 23.045559 23.040689 23.035819 23.057261 22.925327 22.919309 22.91329 -9999 -9999 -9999 -9999 -9999 -9999 -9999 -9999 -9999 -9999 -9999 -9999 -9999 -9999 -9999 -9999 -9999 -9999 -9999
-9999 -9999 -9999 -9999 -9999 -9999 -9999 -9999 -9999 -9999 -9999 -9999 -9999 -9999 -9999 22.921185 22.941239 22.961294 22.977156 22.957128 22.937101 22.917074 22.945047 22.985778 23.026509 23.045559 23.040689 23.035819 23.034729 23.053364 22.977662 22.925327 22.919309 22.91329 -9999 -9999 -9999 -9999 -9999 -9999 -9999 -9999 -9999 -9999 -9999 -9999 -9999 -9999 -9999 -9999 -9999 -9999
-9999 -9999 -9999 -9999 -9999 -9999 -9999 -9999 -9999 -9999 -9999 -9999 -9999 -9999 22.921185 22.941239 22.961294 22.977156 22.957128 22.937101 22.917074 22.945047 22.985778 23.026509 23.045559 23.040689 23.035819 23.034729 23.053364 23.071998 23.090632 22.931346 22.925327 22.919309 22.91329 -9999 -9999 -9999 -9999 -9999 -9999 -9999 -9999 -9999 -9999 -9999 -9999 -9999 -9999 -9999 -9999 -9999
-9999 -9999 -9999 -9999 -9999 -9999 -9999 -9999 -9999 -9999 -9999 -9999 -9999 22.921185 22.941239 22.961294 22.977156 22.957128 22.937101 22.917074 22.945047 22.985778 23.026509 23.045559 23.040689 23.035819 23.034729 23.053364 23.071998 23.090632 23.053109 23.005384 22.931346 22.925327 22.919309 22.91329 -9999 -9999 -9999 -9999 -9999 -9999 -9999 -9999 -9999 -9999 -9999 -9999 -9999 -9999 -9999 -9999
-9999 -9999 -9999 -9999 -9999 -9999 -9999 -9999 -9999 -9999 -9999 -9999 22.921185 22.941239 22.961294 22.977156 22.957128 22.937101 22.917074 22.945047 22.985778 23.026509 23.045559 23.040689 23.035819 23.034729 23.053364 23.071998 23.090632 23.053109 23.005384 22.957659 22.935309 22.931346 22.925327 22.919309 22.91329 -9999 -9999 -9999 -9999 -9999 -9999 -9999 -9999 -9999 -9999 -9999 -9999 -9999 -9999 -9999
-9999 -9999 -9999 -9999 -9999 -9999 -9999 -9999 -9999 -9999 -9999 22.921185 22.941239 22.961294 22.977156 22.957128 22.937101 22.917074 22.945047 22.985778 23.026509 23.045559 23.040689 23.035819 23.034729 23.053364 23.071998 23.090632 23.053109 23.005384 22.957659 22.935309 22.935309 22.935309 22.931346 22.925327 22.919309 22.91329 -9999 -9999 -9999 -9999 -9999 -9999 -9999 -9999 -9999 -9999 -9999 -9999 -9999 -9999
-9999 -9999 -9999 -9999 -9999 -9999 -9999 -9999 -9999 -9999 22.921185 22.941239 22.961294 22.977156 22.957128 22.937101 22.917074 22.945047 22.985778 23.026509 23.045559 23.040671 23.035733 23.034671 23.053364 23.071998 23.090632 23.053109 23.005384 22.957659 22.935309 22.935309 22.935309 22.94567 22.993395 22.931346 22.925327 22.919309 22.91329 -9999 -9999 -9999 -9999 -9999 -9999 -9999 -9999 -9999 -9999 -9999 -9999 -9999
-9999 -9999 -9999 -9999 -9999 -9999 -9999 -9999 -9999 22.921185 22.941239 22.961294 22.977156 22.957128 22.937101 22.917074 22.945047 22.985778 23.026509 22.963165 22.98362 23.034677 23.033615 23.052777 23.071939 23.090632 22.895877 22.864811 22.957659 22.935309 22.935309 22.935309 22.94567 22.993395 23.041119 23.088844 22.965672 22.925327 22.919309 22.91329 -9999 -9999 -9999 -9999 -9999 -9999 -9999 -9999 -9999 -9999 -9999 -9999
-9999 -9999 -9999 -9999 -9999 -9999 -9999 -9999 22.921185 22.941239 22.961294 22.977156 22.957128 22.937101 22.917074 22.945047 22.985778 23.026509 22.963165 22.784992 22.825237 22.934935 22.896242 22.885751 22.87526 22.898025 22.662358 22.652581 22.817122 22.935309 22.935309 22.94567 22.993395 23.041119 23.088844 23.076679 23.058045 23.061122 22.925327 22.919309 22.91329 -9999 -9999 -9999 -9999 -9999 -9999 -9999 -9999 -9999 -9999 -9999
-9999 -9999 -9999 -9999 -9999 -9999 -9999 22.921185 22.941239 22.961294 22.977156 22.957128 22.937101 22.917074 22.945047 22.985778 23.026509 22.963165 22.784992 22.60682 22.629102 22.54186 22.454619 22.415925 22.649061 22.683857 22.430987 22.488112 22.694721 22.826592 22.94567 22.993395 23.041119 23.088844 23.076679 23.058045 23.039411 23.034595 23.024674 22.94474 22.919309 22.91329 -9999 -9999 -9999 -9999 -9999 -9999 -9999 -9999 -9999 -9999
-9999 -9999 -9999 -9999 -9999 -9999 22.921185 22.941239 22.961294 22.977156 22.957128 22.937101 22.917074 22.945047 22.985778 23.026509 23.027206 22.868891 22.710576 22.542195 22.379005 22.311553 22.2441 22.274119 22.467119 22.469688 22.363363 22.386116 22.572141 22.740922 22.993395 23.041119 23.088844 23.076679 23.058045 23.039411 23.034595 23.039466 23.044336 23.016927 23.002991 22.919309 22.91329 -9999 -9999 -9999 -9999 -9999 -9999 -9999 -9999 -9999
-9999 -9999 -9999 -9999 -9999 22.921185 22.941239 22.961294 22.977156 22.957128 22.937101 22.917074 22.945047 22.985778 23.026509 23.045559 23.040689 23.017465 22.849084 22.628187 22.40729 22.2441 22.274119 22.321844 22.369569 22.402065 22.421188 22.439117 22.498602 22.805112 23.041119 23.088844 23.076679 23.058045 23.039411 23.034595 23.039466 23.044336 23.036741 22.99601 23.002754 22.982513 22.923807 22.91329 -9999 -9999 -9999 -9999 -9999 -9999 -9999 -9999
-9999 -9999 -9999 -9999 22.921185 22.941239 22.961294 22.977156 22.957128 22.937101 22.917074 22.945047 22.985778 23.026509 23.045559 23.040689 23.035819 23.010183 22.86491 22.636392 22.407874 22.274119 22.321844 22.369569 22.391919 22.391919 22.40326 22.462744 22.672088 22.881432 23.088844 23.076679 23.058045 23.039411 23.034595 23.039466 23.044336 23.036741 22.99601 22.955279 22.914548 22.921292 22.952664 22.948099 22.91329 -9999 -9999 -9999 -9999 -9999 -9999 -9999
-9999 -9999 -9999 22.921185 22.941239 22.961294 22.977156 22.957128 22.937101 22.917074 22.945047 22.985778 23.026509 23.045559 23.040689 23.035819 23.010183 22.87622 22.742256 22.596982 22.431848 22.321844 22.369569 22.391919 22.391919 22.391919 22.387873 22.498221 22.683497 22.868773 23.054048 23.058045 23.039411 23.034595 23.039466 23.044336 23.036741 22.99601 22.955279 22.914548 22.93207 22.952097 22.948758 22.933296 22.917834 22.91329 -9999 -9999 -9999 -9999 -9999 -9999
-9999 -9999 22.921185 22.941239 22.961294 22.977156 22.957128 22.937101 22.917074 22.945047 22.985778 23.026509 23.045559 23.040689 23.035819 23.034729 23.053364 22.955376 22.838898 22.652758 22.467336 22.369569 22.391919 22.391919 22.391919 22.387873 22.369239 22.350605 22.460953 22.646228 22.831504 23.01678 23.034595 23.039466 23.044336 23.036741 22.99601 22.955279 22.914548 22.93207 22.952097 22.972124 22.966332 22.946278 22.926223 22.915711 -9999 -9999 -9999 -9999 -9999 -9999
-9999 22.921185 22.941239 22.961294 22.977156 22.957128 22.937101 22.917074 22.945047 22.985778 23.026509 23.045559 23.040689 23.035819 23.034729 23.053364 23.071998 23.090632 22.922649 22.724369 22.534627 22.391919 22.391919 22.391919 22.387873 22.369239 22.350605 22.331971 22.473874 22.73194 22.943527 23.033931 23.039399 23.044336 23.036741 22.99601 22.955279 22.914548 22.93207 22.952097 22.972124 22.966332 22.946278 22.926223 22.915711 22.92461 -9999 -9999 -9999 -9999 -9999 -9999
22.921185 22.941239 22.961294 22.977156 22.957128 22.937101 22.917074 22.945047 22.985778 23.026509 23.045559 23.040689 23.035819 23.034729 23.053364 23.071998 23.090632 23.053109 22.977176 22.795979 22.637641 22.506965 22.391919 22.387873 22.369239 22.350605 22.331971 22.391031 22.557773 22.895851 23.032754 23.038299 23.043845 23.036741 22.99601 22.955279 22.914548 22.93207 22.952097 22.972124 22.966332 22.946278 22.926223 22.915711 22.92461 22.93351 -9999 -9999 -9999 -9999 -9999 -9999
-9999 22.961294 22.977156 22.957128 22.937101 22.917074 22.945047 22.985778 23.026509 23.045559 23.040689 23.035819 23.034729 23.053364 23.071998 23.090632 23.053109 23.005384 22.927578 22.883092 22.768318 22.637641 22.520876 22.487904 22.481506 22.475109 22.450025 22.458483 22.641673 22.943354 23.038299 23.043845 23.036741 22.99601 22.955279 22.914548 22.93207 22.952097 22.972124 22.966332 22.946278 22.926223 22.915711 22.92461 22.93351 -9999 -9999 -9999 -9999 -9999 -9999 -9999
-9999 -9999 22.957128 22.937101 22.917074 22.945047 22.985778 23.026509 23.045559 23.040689 23.035819 23.034729 23.053364 23.071998 23.090632 23.053109 23.005384 22.956534 22.912048 22.89757 22.883092 22.782229 22.715629 22.683646 22.664217 22.639134 22.612996 22.590182 22.689175 22.965346 23.043845 23.036741 22.99601 22.955279 22.914548 22.93207 22.952097 22.972124 22.966332 22.946278 22.926223 22.915711 22.92461 22.93351 -9999 -9999 -9999 -9999 -9999 -9999 -9999 -9999
-9999 -9999 -9999 22.917074 22.945047 22.985778 23.026509 23.045559 23.040689 23.035819 23.034729 23.053364 23.071998 23.090632 23.053109 23.005384 22.957659 22.935309 22.926525 22.912047 22.90793 22.959097 22.910382 22.881158 22.77877 22.868371 22.845557 22.848734 22.870129 22.987339 23.036741 22.99601 22.955279 22.914548 22.93207 22.952097 22.972124 22.966332 22.946278 22.926223 22.915711 22.92461 22.93351 -9999 -9999 -9999 -9999 -9999 -9999 -9999 -9999 -9999
-9999 -9999 -9999 -9999 22.985778 23.026509 23.045559 23.040689 23.035819 23.034729 23.053364 23.071998 23.090632 23.053109 23.005384 22.957659 22.935309 22.935309 22.935309 22.936886 22.970133 23.023174 23.08725 22.98229 22.883643 22.988517 23.034595 23.039466 23.044336 23.036741 22.99601 22.955279 22.914548 22.93207 22.952097 22.972124 22.966332 22.946278 22.926223 22.915711 22.92461 22.93351 -9999 -9999 -9999 -9999 -9999 -9999 -9999 -9999 -9999 -9999
-9999 -9999 -9999 -9999 -9999 23.045559 23.040689 23.035819 23.034729 23.053364 23.071998 23.090632 23.053109 23.005384 22.957659 22.935309 22.935309 22.935309 22.94567 22.993395 23.032336 23.08725 23.076679 23.058045 22.988517 23.034595 23.039466 23.044336 23.036741 22.99601 22.955279 22.914548 22.93207 22.952097 22.972124 22.966332 22.946278 22.926223 22.915711 22.92461 22.93351 -9999 -9999 -9999 -9999 -9999 -9999 -9999 -9999 -9999 -9999 -9999
-9999 -9999 -9999 -9999 -9999 -9999 23.035819 23.034729 23.053364 23.071998 23.090632 23.053109 23.005384 22.957659 22.935309 22.935309 22.935309 22.94567 22.993395 23.041119 23.088844 23.076679 23.058045 23.039411 23.034595 23.039466 23.044336 23.036741 22.99601 22.955279 22.914548 22.93207 22.952097 22.972124 22.966332 22.946278 22.926223 22.915711 22.92461 22.93351 -9999 -9999 -9999 -9999 -9999 -9999 -9999 -9999 -9999 -9999 -9999 -9999
-9999 -9999 -9999 -9999 -9999 -9999 -9999 23.053364 23.071998 23.090632 23.053109 23.005384 22.957659 22.935309 22.935309 22.935309 22.94567 22.993395 23.041119 23.088844 23.076679 23.058045 23.039411 23.034595 23.039466 23.044336 23.036741 22.99601 22.955279 22.914548 22.93207 22.952097 22.972124 22.966332 22.946278 22.926223 22.915711 22.92461 22.93351 -9999 -9999 -9999 -9999 -9999 -9999 -9999 -9999 -9999 -9999 -9999 -9999 -9999
-9999 -9999 -9999 -9999 -9999 -9999 -9999 -9999 23.090632 23.053109 23.005384 22.957659 22.935309 22.935309 22.935309 22.94567 22.993395 23.041119 23.088844 23.076679 23.058045 23.039411 23.034595 23.039466 23.044336 23.036741 22.99601 22.955279 22.914548 22.93207 22.952097 22.972124 22.966332 22.946278 22.926223 22.915711 22.92461 22.93351 -9999 -9999 -9999 -9999 -9999 -9999 -9999 -9999 -9999 -9999 -9999 -9999 -9999 -9999
-9999 -9999 -9999 -9999 -9999 -9999 -9999 -9999 -9999 23.005384 22.957659 22.935309 22.935309 22.935309 22.94567 22.993395 23.041119 23.088844 23.076679 23.058045 23.039411 23.034595 23.039466 23.044336 23.036741 22.99601 22.955279 22.914548 22.93207 22.952097 22.972124 22.966332 22.946278 22.926223 22.915711 22.92461 22.93351 -9999 -9999 -9999 -9999 -9999 -9999 -9999 -9999 -9999 -9999 -9999 -9999 -9999 -9999 -9999
-9999 -9999 -9999 -9999 -9999 -9999 -9999 -9999 -9999 -9999 22.935309 22.935309 22.935309 22.94567 22.993395 23.041119 23.088844 23.076679 23.058045 23.039411 23.034595 23.039466 23.044336 23.036741 22.99601 22.955279 22.914548 22.93207 22.952097 22.972124 22.966332 22.946278 22.926223 22.915711 22.92461 22.93351 -9999 -9999 -9999 -9999 -9999 -9999 -9999 -9999 -9999 -9999 -9999 -9999 -9999 -9999 -9999 -9999
-9999 -9999 -9999 -9999 -9999 -9999 -9999 -9999 -9999 -9999 -9999 22.935309 22.94567 22.993395 23.041119 23.088844 23.076679 23.058045 23.039411 23.034595 23.039466 23.044336 23.036741 22.99601 22.955279 22.914548 22.93207 22.952097 22.972124 22.966332 22.946278 22.926223 22.915711 22.92461 22.93351 -9999 -9999 -9999 -9999 -9999 -9999 -9999 -9999 -9999 -9999 -9999 -9999 -9999 -9999 -9999 -9999 -9999
-9999 -9999 -9999 -9999 -9999 -9999 -9999 -9999 -9999 -9999 -9999 -9999 22.993395 23.041119 23.088844 23.076679 23.058045 23.039411 23.034595 23.039466 23.044336 23.036741 22.99601 22.955279 22.914548 22.93207 22.952097 22.972124 22.966332 22.946278 22.926223 22.915711 22.92461 22.93351 -9999 -9999 -9999 -9999 -9999 -9999 -9999 -9999 -9999 -9999 -9999 -9999 -9999 -9999 -9999 -9999 -9999 -9999
-9999 -9999 -9999 -9999 -9999 -9999 -9999 -9999 -9999 -9999 -9999 -9999 -9999 23.088844 23.076679 23.058045 23.039411 23.034595 23.039466 23.044336 23.036741 22.99601 22.955279 22.914548 22.93207 22.952097 22.972124 22.966332 22.946278 22.926223 22.915711 22.92461 22.93351 -9999 -9999 -9999 -9999 -9999 -9999 -9999 -9999 -9999 -9999 -9999 -9999 -9999 -9999 -9999 -9999 -9999 -9999 -9999
-9999 -9999 -9999 -9999 -9999 -9999 -9999 -9999 -9999 -9999 -9999 -9999 -9999 -9999 23.058045 23.039411 23.034595 23.039466 23.044336 23.036741 22.99601 22.955279 22.914548 22.93207 22.952097 22.972124 22.966332 22.946278 22.926223 22.915711 22.92461 22.93351 -9999 -9999 -9999 -9999 -9999 -9999 -9999 -9999 -9999 -9999 -9999 -9999 -9999 -9999 -9999 -9999 -9999 -9999 -9999 -9999
-9999 -9999 -9999 -9999 -9999 -9999 -9999 -9999 -9999 -9999 -9999 -9999 -9999 -9999 -9999 23.034595 23.039466 23.044336 23.036741 22.99601 22.955279 22.914548 22.93207 22.952097 22.972124 22.966332 22.946278 22.926223 22.915711 22.92461 22.93351 -9999 -9999 -9999 -9999 -9999 -9999 -9999 -9999 -9999 -9999 -9999 -9999 -9999 -9999 -9999 -9999 -9999 -9999 -9999 -9999 -9999
