test/data/morpho1_16m/processor_outputs/default/OUTPUT_T_315_0_23h.tif
NCOLS 52
NROWS 52
XLLCORNER 354569.37
YLLCORNER 6687410.4
CELLSIZE 21.370192
NODATA_VALUE -9999
[rows 0 to 41 of 52, columns 0 to 51 of 52]
-9999 -9999 -9999 -9999 -9999 -9999 -9999 -9999 -9999 -9999 -9999 -9999 -9999 -9999 -9999 -9999 -9999 -9999 -9999 -9999 -9999 -9999 -9999 -9999 -9999 -9999 16.866369 -9999 -9999 -9999 -9999 -9999 -9999 -9999 -9999 -9999 -9999 -9999 -9999 -9999 -9999 -9999 -9999 -9999 -9999 -9999 -9999 -9999 -9999 -9999 -9999 -9999
-9999 -9999 -9999 -9999 -9999 -9999 -9999 -9999 -9999 -9999 -9999 -9999 -9999 -9999 -9999 -9999 -9999 -9999 -9999 -9999 -9999 -9999 -9999 -9999 -9999 16.868207 16.867288 16.866369 -9999 -9999 -9999 -9999 -9999 -9999 -9999 -9999 -9999 -9999 -9999 -9999 -9999 -9999 -9999 -9999 -9999 -9999 -9999 -9999 -9999 -9999 -9999 -9999
-9999 -9999 -9999 -9999 -9999 -9999 -9999 -9999 -9999 -9999 -9999 -9999 -9999 -9999 -9999 -9999 -9999 -9999 -9999 -9999 -9999 -9999 -9999 -9999 16.868999 16.869027 16.868207 16.867288 16.866369 -9999 -9999 -9999 -9999 -9999 -9999 -9999 -9999 -9999 -9999 -9999 -9999 -9999 -9999 -9999 -9999 -9999 -9999 -9999 -9999 -9999 -9999 -9999
-9999 -9999 -9999 -9999 -9999 -9999 -9999 -9999 -9999 -9999 -9999 -9999 -9999 -9999 -9999 -9999 -9999 -9999 -9999 -9999 -9999 -9999 -9999 16.868942 16.868971 16.868999 16.869027 16.868207 16.867288 16.866369 -9999 -9999 -9999 -9999 -9999 -9999 -9999 -9999 -9999 -9999 -9999 -9999 -9999 -9999 -9999 -9999 -9999 -9999 -9999 -9999 -9999 -9999
-9999 -9999 -9999 -9999 -9999 -9999 -9999 -9999 -9999 -9999 -9999 -9999 -9999 -9999 -9999 -9999 -9999 -9999 -9999 -9999 -9999 -9999 16.869447 16.869162 16.868942 16.868971 16.868999 16.869027 16.868207 16.867288 16.866369 -9999 -9999 -9999 -9999 -9999 -9999 -9999 -9999 -9999 -9999 -9999 -9999 -9999 -9999 -9999 -9999 -9999 -9999 -9999 -9999 -9999
-9999 -9999 -9999 -9999 -9999 -9999 -9999 -9999 -9999 -9999 -9999 -9999 -9999 -9999 -9999 -9999 -9999 -9999 -9999 -9999 -9999 16.870246 16.869733 16.869447 16.869162 16.868942 16.868971 16.868999 16.869027 16.868207 16.867288 16.866369 -9999 -9999 -9999 -9999 -9999 -9999 -9999 -9999 -9999 -9999 -9999 -9999 -9999 -9999 -9999 -9999 -9999 -9999 -9999 -9999
-9999 -9999 -9999 -9999 -9999 -9999 -9999 -9999 -9999 -9999 -9999 -9999 -9999 -9999 -9999 -9999 -9999 -9999 -9999 -9999 16.871776 16.871011 16.870246 16.869733 16.869447 16.869162 16.868942 16.868971 16.868999 16.869027 16.868207 16.867288 16.866369 -9999 -9999 -9999 -9999 -9999 -9999 -9999 -9999 -9999 -9999 -9999 -9999 -9999 -9999 -9999 -9999 -9999 -9999 -9999
-9999 -9999 -9999 -9999 -9999 -9999 -9999 -9999 -9999 -9999 -9999 -9999 -9999 -9999 -9999 -9999 -9999 -9999 -9999 16.873377 16.872551 16.871776 16.871011 16.870246 16.869733 16.869447 16.869162 16.868942 16.868971 16.868999 16.869027 16.868207 16.867288 16.866369 -9999 -9999 -9999 -9999 -9999 -9999 -9999 -9999 -9999 -9999 -9999 -9999 -9999 -9999 -9999 -9999 -9999 -9999
-9999 -9999 -9999 -9999 -9999 -9999 -9999 -9999 -9999 -9999 -9999 -9999 -9999 -9999 -9999 -9999 -9999 -9999 16.875029 16.874203 16.873377 16.872551 16.871776 16.871011 16.870246 16.869733 16.869447 16.869162 16.868942 16.868971 16.868999 16.869027 16.868207 16.867288 16.866369 -9999 -9999 -9999 -9999 -9999 -9999 -9999 -9999 -9999 -9999 -9999 -9999 -9999 -9999 -9999 -9999 -9999
-9999 -9999 -9999 -9999 -9999 -9999 -9999 -9999 -9999 -9999 -9999 -9999 -9999 -9999 -9999 -9999 -9999 16.87393 16.874594 16.875029 16.874203 16.873377 16.872551 16.871776 16.871011 16.870246 16.869733 16.869447 16.869162 16.868942 16.868971 16.868999 16.869027 16.868207 16.867288 16.866369 -9999 -9999 -9999 -9999 -9999 -9999 -9999 -9999 -9999 -9999 -9999 -9999 -9999 -9999 -9999 -9999
-9999 -9999 -9999 -9999 -9999 -9999 -9999 -9999 -9999 -9999 -9999 -9999 -9999 -9999 -9999 -9999 16.872955 16.873266 16.87393 16.874594 16.875029 16.874203 16.873377 16.872551 16.871776 16.871011 16.870246 16.869733 16.869447 16.869162 16.868942 16.868971 16.868999 16.869027 16.868207 16.867288 16.866369 -9999 -9999 -9999 -9999 -9999 -9999 -9999 -9999 -9999 -9999 -9999 -9999 -9999 -9999 -9999
-9999 -9999 -9999 -9999 -9999 -9999 -9999 -9999 -9999 -9999 -9999 -9999 -9999 -9999 -9999 16.872955 16.872955 16.872955 16.873266 16.87393 16.874594 16.875029 16.874203 16.873377 16.872551 16.871776 16.871011 16.870246 16.869733 16.869447 16.869162 16.868942 16.868971 16.868999 16.869027 16.868207 16.867288 16.866369 -9999 -9999 -9999 -9999 -9999 -9999 -9999 -9999 -9999 -9999 -9999 -9999 -9999 -9999
-9999 -9999 -9999 -9999 -9999 -9999 -9999 -9999 -9999 -9999 -9999 -9999 -9999 -9999 16.873763 16.873099 16.872955 16.872955 16.872955 16.873266 16.87393 16.874594 16.875029 16.874203 16.873377 16.872551 16.871776 16.871011 16.870246 16.869733 16.869447 16.869162 16.868942 16.868971 16.868999 16.869027 16.868207 16.867288 16.866369 -9999 -9999 -9999 -9999 -9999 -9999 -9999 -9999 -9999 -9999 -9999 -9999 -9999
-9999 -9999 -9999 -9999 -9999 -9999 -9999 -9999 -9999 -9999 -9999 -9999 -9999 16.875091 16.874427 16.873763 16.873099 16.872955 16.872955 16.872955 16.873266 16.87393 16.874594 16.875029 16.874203 16.873377 16.872551 16.871776 16.871011 16.870246 16.869733 16.869447 16.869162 16.868942 16.868971 16.868999 16.869027 16.868207 16.867288 16.866369 -9999 -9999 -9999 -9999 -9999 -9999 -9999 -9999 -9999 -9999 -9999 -9999
-9999 -9999 -9999 -9999 -9999 -9999 -9999 -9999 -9999 -9999 -9999 -9999 16.873585 16.874411 16.875091 16.874427 16.873763 16.873099 16.872955 16.872955 16.872955 16.873266 16.87393 16.874594 16.875029 16.874203 16.873377 16.872551 16.871776 16.871011 16.870246 16.869733 16.869447 16.869162 16.868942 16.868971 16.868999 16.869027 16.868207 16.867288 16.866369 -9999 -9999 -9999 -9999 -9999 -9999 -9999 -9999 -9999 -9999 -9999
-9999 -9999 -9999 -9999 -9999 -9999 -9999 -9999 -9999 -9999 -9999 16.871968 16.872759 16.873585 16.874411 16.875091 16.874427 16.873763 16.873099 16.872955 16.872955 16.872955 16.873266 16.87393 16.874594 16.875029 16.874203 16.873377 16.872551 16.871776 16.871011 16.870246 16.869733 16.869447 16.869162 16.868942 16.868971 16.868999 16.869027 16.868207 16.867288 16.866369 -9999 -9999 -9999 -9999 -9999 -9999 -9999 -9999 -9999 -9999
-9999 -9999 -9999 -9999 -9999 -9999 -9999 -9999 -9999 -9999 16.870438 16.871203 16.871968 16.872759 16.873585 16.874411 16.875091 16.874427 16.873763 16.873099 16.872955 16.872955 16.872955 16.873266 16.87393 16.874594 16.875029 16.874203 16.873377 16.851805 16.871776 16.871011 16.851729 16.869733 16.869447 16.869162 16.868942 16.868971 16.868999 16.869027 16.868207 16.867288 16.866369 -9999 -9999 -9999 -9999 -9999 -9999 -9999 -9999 -9999
-9999 -9999 -9999 -9999 -9999 -9999 -9999 -9999 -9999 16.869519 16.869805 16.870438 16.871203 16.871968 16.872759 16.873585 16.874411 16.875091 16.874427 16.873763 16.873099 16.872955 16.872955 16.872955 16.867871 16.87393 16.874594 16.875029 16.775637 16.723658 16.851805 16.853259 16.697677 16.787114 16.869733 16.869447 16.869162 16.868942 16.868971 16.868999 16.869027 16.868207 16.867288 16.866369 -9999 -9999 -9999 -9999 -9999 -9999 -9999 -9999
-9999 -9999 -9999 -9999 -9999 -9999 -9999 -9999 16.868948 16.869234 16.869519 16.869805 16.870438 16.871203 16.871968 16.872759 16.873585 16.874411 16.875091 16.874427 16.873763 16.873099 16.872955 16.830856 16.761463 16.729084 16.738729 16.709703 16.662267 16.595511 16.69758 16.666988 16.543624 16.613027 16.787114 16.869733 16.869447 16.869162 16.868942 16.868971 16.868999 16.869027 16.868207 16.867288 16.866369 -9999 -9999 -9999 -9999 -9999 -9999 -9999
-9999 -9999 -9999 -9999 -9999 -9999 -9999 16.868992 16.868963 16.868948 16.869234 16.869519 16.869805 16.870438 16.871203 16.871968 16.872759 16.873585 16.874411 16.875091 16.874427 16.873763 16.848015 16.761463 16.69207 16.622677 16.512931 16.492757 16.472583 16.441286 16.351412 16.31264 16.357354 16.43894 16.613027 16.787114 16.869733 16.869447 16.869162 16.868942 16.868971 16.868999 16.869027 16.868207 16.867288 16.866369 -9999 -9999 -9999 -9999 -9999 -9999
-9999 -9999 -9999 -9999 -9999 -9999 16.868438 16.86902 16.868992 16.868963 16.868948 16.869234 16.869519 16.869805 16.870438 16.871203 16.871968 16.872759 16.873585 16.874411 16.875091 16.874427 16.857659 16.709229 16.622677 16.414677 16.1847 16.052977 16.034233 16.026015 16.005243 15.958292 16.001647 16.276066 16.491663 16.660974 16.833363 16.869733 16.869447 16.869162 16.868942 16.868971 16.868999 16.869027 16.868207 16.867288 16.866369 -9999 -9999 -9999 -9999 -9999
-9999 -9999 -9999 -9999 -9999 16.8666 16.867519 16.868438 16.86902 16.868992 16.868963 16.868948 16.869234 16.869519 16.869805 16.870438 16.871203 16.871968 16.872759 16.873585 16.874411 16.875091 16.867304 16.718873 16.431836 16.1847 15.954723 15.732271 15.636506 15.621693 15.606881 15.602585 15.643684 15.892824 16.34989 16.573271 16.754885 16.833363 16.869733 16.869447 16.869162 16.868942 16.868971 16.868999 16.869027 16.868207 16.867288 16.866369 -9999 -9999 -9999 -9999
-9999 -9999 -9999 -9999 16.868209 16.866535 16.8666 16.867519 16.868438 16.86902 16.868992 16.868963 16.868948 16.869234 16.869519 16.869805 16.870438 16.871203 16.871968 16.872759 16.873585 16.874411 16.875091 16.589911 16.280896 15.971882 15.732271 15.565201 15.398132 15.302367 15.290803 15.284629 15.285722 15.509582 16.183606 16.503878 16.671703 16.75655 16.833363 16.869733 16.869447 16.869162 16.868942 16.868971 16.868999 16.869027 16.868207 16.867288 16.866369 -9999 -9999 -9999
-9999 -9999 -9999 -9999 16.869882 16.868209 16.866535 16.8666 16.867519 16.868438 16.86902 16.868992 16.868963 16.868948 16.869234 16.869519 16.869805 16.870438 16.871203 16.871968 16.872759 16.873585 16.77572 16.64169 16.31771 15.98133 15.598221 15.398132 15.231062 15.081098 15.011327 15.000385 14.989443 15.343297 16.143355 16.506422 16.602311 16.679738 16.75655 16.833363 16.869733 16.869447 16.869162 16.868942 16.868971 16.868999 16.869027 16.868207 16.867288 16.866369 -9999 -9999
-9999 -9999 -9999 -9999 -9999 16.869882 16.868209 16.866535 16.8666 16.867519 16.868438 16.86902 16.868992 16.868963 16.868948 16.869234 16.869519 16.869805 16.870438 16.871203 16.871968 16.819545 16.691236 16.562927 16.400611 15.972949 15.583246 15.264082 15.081098 14.959511 14.837924 14.768153 15.074427 15.564975 16.103104 16.508966 16.604692 16.70071 16.77528 16.841396 16.870246 16.869733 16.869447 16.869162 16.868942 16.868971 16.868999 16.869027 16.868207 16.867288 16.866369 -9999
-9999 -9999 -9999 -9999 -9999 -9999 16.869882 16.868209 16.866535 16.8666 16.867519 16.868438 16.86902 16.868992 16.868963 16.868948 16.869234 16.869519 16.869805 16.870438 16.871203 16.871968 16.819545 16.672701 16.383106 15.964569 15.568272 15.266213 14.99253 14.837924 14.716337 14.684695 15.047042 15.572375 16.097707 16.511347 16.607053 16.703047 16.799116 16.839641 16.871011 16.870246 16.869733 16.869447 16.869162 16.868942 16.868971 16.868999 16.869027 16.868207 -9999 -9999
-9999 -9999 -9999 -9999 -9999 -9999 -9999 16.869882 16.868209 16.866535 16.8666 16.867519 16.868438 16.86902 16.868992 16.868963 16.868948 16.869234 16.869519 16.869805 16.870438 16.871203 16.871968 16.64605 16.36278 15.947064 15.560603 15.291689 15.022775 14.749356 14.681638 14.697415 14.906921 15.269269 15.739411 16.202664 16.609414 16.705358 16.801271 16.83913 16.871776 16.871011 16.870246 16.869733 16.869447 16.869162 16.868942 16.868971 16.868999 -9999 -9999 -9999
-9999 -9999 -9999 -9999 -9999 -9999 -9999 -9999 16.869882 16.868209 16.866535 16.8666 16.867519 16.868438 16.86902 16.868992 16.868963 16.868948 16.869234 16.869519 16.869805 16.870438 16.871203 16.646408 16.336129 15.950984 15.593021 15.24374 14.974826 14.851762 14.735222 14.713192 14.91036 15.170617 15.522104 15.971286 16.404651 16.707512 16.803425 16.84511 16.872551 16.871776 16.871011 16.870246 16.869733 16.869447 16.869162 16.868942 -9999 -9999 -9999 -9999
-9999 -9999 -9999 -9999 -9999 -9999 -9999 -9999 -9999 16.869882 16.868209 16.866535 16.8666 16.867519 16.868438 16.86902 16.868992 16.868963 16.868948 16.869234 16.869519 16.869805 16.870438 16.665697 16.312693 15.937627 15.587403 15.237179 15.072728 15.034391 14.925145 14.766775 14.95542 15.220703 15.486138 15.821807 16.162262 16.502717 16.805579 16.848359 16.873377 16.872551 16.871776 16.871011 16.870246 16.869733 16.869447 -9999 -9999 -9999 -9999 -9999
-9999 -9999 -9999 -9999 -9999 -9999 -9999 -9999 -9999 -9999 16.869882 16.868209 16.866535 16.8666 16.867519 16.868438 16.86902 16.868992 16.868963 16.868948 16.869234 16.869519 16.869805 16.661192 16.268713 15.876234 15.501168 15.387552 15.360068 15.217019 15.115068 15.110982 15.126156 15.334062 15.595412 15.839562 16.095637 16.422022 16.690091 16.847544 16.873714 16.873377 16.872551 16.871776 16.871011 16.870246 -9999 -9999 -9999 -9999 -9999 -9999
-9999 -9999 -9999 -9999 -9999 -9999 -9999 -9999 -9999 -9999 -9999 16.869882 16.868209 16.866535 16.8666 16.867519 16.868438 16.86902 16.868992 16.868963 16.868948 16.869234 16.869519 16.869805 16.564163 16.143443 15.722723 15.675373 15.658718 15.504359 15.456236 15.471915 15.487595 15.503274 15.712703 15.960938 16.155082 16.352841 16.534144 16.715446 16.8729 16.874203 16.873377 16.872551 16.871776 -9999 -9999 -9999 -9999 -9999 -9999 -9999
-9999 -9999 -9999 -9999 -9999 -9999 -9999 -9999 -9999 -9999 -9999 -9999 16.869882 16.868209 16.866535 16.8666 16.867519 16.868438 16.86902 16.868992 16.868963 16.868948 16.869234 16.869519 16.869805 16.564163 16.143443 16.029473 15.957369 15.903713 15.862628 15.827077 15.842756 15.858436 15.881526 16.082313 16.288897 16.48878 16.648994 16.811587 16.870639 16.875029 16.874203 16.873377 -9999 -9999 -9999 -9999 -9999 -9999 -9999 -9999
-9999 -9999 -9999 -9999 -9999 -9999 -9999 -9999 -9999 -9999 -9999 -9999 -9999 16.869882 16.868209 16.866535 16.8666 16.867519 16.868438 16.86902 16.868992 16.868963 16.868948 16.869234 16.869519 16.869805 16.564163 16.430027 16.341127 16.273508 16.236253 16.185281 16.197918 16.213597 16.236184 16.259921 16.441218 16.645172 16.803291 16.860478 16.865303 16.870639 16.875029 -9999 -9999 -9999 -9999 -9999 -9999 -9999 -9999 -9999
-9999 -9999 -9999 -9999 -9999 -9999 -9999 -9999 -9999 -9999 -9999 -9999 -9999 -9999 16.869882 16.868209 16.866535 16.8666 16.867519 16.868438 16.86902 16.868992 16.868963 16.868948 16.869234 16.869519 16.869805 16.819936 16.741681 16.652781 16.571444 16.439899 16.447869 16.568759 16.590594 16.613963 16.637333 16.801564 16.858751 16.864663 16.874933 16.874728 -9999 -9999 -9999 -9999 -9999 -9999 -9999 -9999 -9999 -9999
-9999 -9999 -9999 -9999 -9999 -9999 -9999 -9999 -9999 -9999 -9999 -9999 -9999 -9999 -9999 16.869882 16.868209 16.866535 16.8666 16.867519 16.868438 16.86902 16.868992 16.868963 16.868948 16.869234 16.869519 16.869805 16.819936 16.751201 16.712095 16.694517 16.686454 16.763395 16.762613 16.804217 16.845821 16.866794 16.875075 16.874638 16.8742 -9999 -9999 -9999 -9999 -9999 -9999 -9999 -9999 -9999 -9999 -9999
-9999 -9999 -9999 -9999 -9999 -9999 -9999 -9999 -9999 -9999 -9999 -9999 -9999 -9999 -9999 -9999 16.869882 16.868209 16.866535 16.8666 16.867519 16.868438 16.86902 16.868992 16.868963 16.868948 16.869234 16.869519 16.869805 16.819936 16.772866 16.835167 16.869725 16.864365 16.859004 16.858222 16.874984 16.874547 16.87411 16.873672 -9999 -9999 -9999 -9999 -9999 -9999 -9999 -9999 -9999 -9999 -9999 -9999
-9999 -9999 -9999 -9999 -9999 -9999 -9999 -9999 -9999 -9999 -9999 -9999 -9999 -9999 -9999 -9999 -9999 16.869882 16.868209 16.866535 16.8666 16.867519 16.868438 16.86902 16.868992 16.868963 16.868948 16.869234 16.869519 16.869805 16.833637 16.871203 16.871968 16.872759 16.873585 16.874456 16.874019 16.873581 16.873144 -9999 -9999 -9999 -9999 -9999 -9999 -9999 -9999 -9999 -9999 -9999 -9999 -9999
-9999 -9999 -9999 -9999 -9999 -9999 -9999 -9999 -9999 -9999 -9999 -9999 -9999 -9999 -9999 -9999 -9999 -9999 16.869882 16.868209 16.866535 16.8666 16.867519 16.868438 16.86902 16.868992 16.868963 16.868948 16.869234 16.869519 16.869805 16.870438 16.871203 16.871968 16.873607 16.873491 16.873053 16.872616 -9999 -9999 -9999 -9999 -9999 -9999 -9999 -9999 -9999 -9999 -9999 -9999 -9999 -9999
-9999 -9999 -9999 -9999 -9999 -9999 -9999 -9999 -9999 -9999 -9999 -9999 -9999 -9999 -9999 -9999 -9999 -9999 -9999 16.869882 16.868209 16.866535 16.8666 16.867519 16.868438 16.86902 16.868992 16.868963 16.868948 16.869234 16.869519 16.869805 16.870438 16.871955 16.872963 16.872525 16.872088 -9999 -9999 -9999 -9999 -9999 -9999 -9999 -9999 -9999 -9999 -9999 -9999 -9999 -9999 -9999
-9999 -9999 -9999 -9999 -9999 -9999 -9999 -9999 -9999 -9999 -9999 -9999 -9999 -9999 -9999 -9999 -9999 -9999 -9999 -9999 16.869882 16.868209 16.866535 16.8666 16.867519 16.868438 16.86902 16.868992 16.868963 16.868948 16.869234 16.869519 16.870415 16.872418 16.871997 16.87156 -9999 -9999 -9999 -9999 -9999 -9999 -9999 -9999 -9999 -9999 -9999 -9999 -9999 -9999 -9999 -9999
-9999 -9999 -9999 -9999 -9999 -9999 -9999 -9999 -9999 -9999 -9999 -9999 -9999 -9999 -9999 -9999 -9999 -9999 -9999 -9999 -9999 16.869882 16.868209 16.866535 16.8666 16.867519 16.868438 16.86902 16.868992 16.868963 16.868948 16.869417 16.870777 16.871469 16.871032 -9999 -9999 -9999 -9999 -9999 -9999 -9999 -9999 -9999 -9999 -9999 -9999 -9999 -9999 -9999 -9999 -9999
-9999 -9999 -9999 -9999 -9999 -9999 -9999 -9999 -9999 -9999 -9999 -9999 -9999 -9999 -9999 -9999 -9999 -9999 -9999 -9999 -9999 -9999 16.869882 16.868209 16.866535 16.8666 16.867519 16.868438 16.86902 16.868992 16.868963 16.869409 16.870941 16.870504 -9999 -9999 -9999 -9999 -9999 -9999 -9999 -9999 -9999 -9999 -9999 -9999 -9999 -9999 -9999 -9999 -9999 -9999
