test/data/outputs/test/OUTPUT_T_225_0_12h.tif
NCOLS 54
NROWS 54
XLLCORNER 354593.69
YLLCORNER 6687434.7
DX 19.678195
DY 19.678195
NODATA_VALUE -9999
[rows 0 to 47 of 54, columns 0 to 53 of 54]
-9999 -9999 -9999 -9999 -9999 -9999 -9999 -9999 -9999 -9999 -9999 -9999 -9999 -9999 -9999 -9999 -9999 -9999 -9999 -9999 -9999 -9999 -9999 -9999 -9999 20.54 -9999 -9999 -9999 -9999 -9999 -9999 -9999 -9999 -9999 -9999 -9999 -9999 -9999 -9999 -9999 -9999 -9999 -9999 -9999 -9999 -9999 -9999 -9999 -9999 -9999 -9999 -9999 -9999
-9999 -9999 -9999 -9999 -9999 -9999 -9999 -9999 -9999 -9999 -9999 -9999 -9999 -9999 -9999 -9999 -9999 -9999 -9999 -9999 -9999 -9999 -9999 -9999 20.54 20.54 20.54 -9999 -9999 -9999 -9999 -9999 -9999 -9999 -9999 -9999 -9999 -9999 -9999 -9999 -9999 -9999 -9999 -9999 -9999 -9999 -9999 -9999 -9999 -9999 -9999 -9999 -9999 -9999
-9999 -9999 -9999 -9999 -9999 -9999 -9999 -9999 -9999 -9999 -9999 -9999 -9999 -9999 -9999 -9999 -9999 -9999 -9999 -9999 -9999 -9999 -9999 20.54 20.54 20.54 20.54 20.54 -9999 -9999 -9999 -9999 -9999 -9999 -9999 -9999 -9999 -9999 -9999 -9999 -9999 -9999 -9999 -9999 -9999 -9999 -9999 -9999 -9999 -9999 -9999 -9999 -9999 -9999
-9999 -9999 -9999 -9999 -9999 -9999 -9999 -9999 -9999 -9999 -9999 -9999 -9999 -9999 -9999 -9999 -9999 -9999 -9999 -9999 -9999 -9999 20.54 20.54 20.54 20.54 20.54 20.54 20.54 -9999 -9999 -9999 -9999 -9999 -9999 -9999 -9999 -9999 -9999 -9999 -9999 -9999 -9999 -9999 -9999 -9999 -9999 -9999 -9999 -9999 -9999 -9999 -9999 -9999
-9999 -9999 -9999 -9999 -9999 -9999 -9999 -9999 -9999 -9999 -9999 -9999 -9999 -9999 -9999 -9999 -9999 -9999 -9999 -9999 -9999 20.54 20.54 20.54 20.54 20.54 20.54 20.54 20.54 20.54 -9999 -9999 -9999 -9999 -9999 -9999 -9999 -9999 -9999 -9999 -9999 -9999 -9999 -9999 -9999 -9999 -9999 -9999 -9999 -9999 -9999 -9999 -9999 -9999
-9999 -9999 -9999 -9999 -9999 -9999 -9999 -9999 -9999 -9999 -9999 -9999 -9999 -9999 -9999 -9999 -9999 -9999 -9999 -9999 20.54 20.54 20.54 20.54 20.54 20.54 20.54 20.54 20.54 20.54 20.54 -9999 -9999 -9999 -9999 -9999 -9999 -9999 -9999 -9999 -9999 -9999 -9999 -9999 -9999 -9999 -9999 -9999 -9999 -9999 -9999 -9999 -9999 -9999
-9999 -9999 -9999 -9999 -9999 -9999 -9999 -9999 -9999 -9999 -9999 -9999 -9999 -9999 -9999 -9999 -9999 -9999 -9999 20.54 20.54 20.54 20.54 20.54 20.54 20.54 20.54 20.54 20.54 20.54 20.54 20.54 -9999 -9999 -9999 -9999 -9999 -9999 -9999 -9999 -9999 -9999 -9999 -9999 -9999 -9999 -9999 -9999 -9999 -9999 -9999 -9999 -9999 -9999
-9999 -9999 -9999 -9999 -9999 -9999 -9999 -9999 -9999 -9999 -9999 -9999 -9999 -9999 -9999 -9999 -9999 -9999 20.54 20.54 20.54 20.54 20.54 20.54 20.54 20.54 20.54 20.54 20.54 20.54 20.54 20.54 20.54 -9999 -9999 -9999 -9999 -9999 -9999 -9999 -9999 -9999 -9999 -9999 -9999 -9999 -9999 -9999 -9999 -9999 -9999 -9999 -9999 -9999
-9999 -9999 -9999 -9999 -9999 -9999 -9999 -9999 -9999 -9999 -9999 -9999 -9999 -9999 -9999 -9999 -9999 20.54 20.54 20.54 20.54 20.54 20.54 20.54 20.54 20.54 20.54 20.54 20.54 20.54 20.54 20.54 20.54 20.54 -9999 -9999 -9999 -9999 -9999 -9999 -9999 -9999 -9999 -9999 -9999 -9999 -9999 -9999 -9999 -9999 -9999 -9999 -9999 -9999
-9999 -9999 -9999 -9999 -9999 -9999 -9999 -9999 -9999 -9999 -9999 -9999 -9999 -9999 -9999 -9999 20.54 20.54 20.54 20.54 20.54 20.54 20.54 20.54 20.54 20.54 20.54 20.54 20.54 20.54 20.54 20.54 20.54 20.54 20.54 -9999 -9999 -9999 -9999 -9999 -9999 -9999 -9999 -9999 -9999 -9999 -9999 -9999 -9999 -9999 -9999 -9999 -9999 -9999
-9999 -9999 -9999 -9999 -9999 -9999 -9999 -9999 -9999 -9999 -9999 -9999 -9999 -9999 -9999 20.54 20.54 20.54 20.54 20.54 20.54 20.54 20.54 20.54 20.54 20.54 20.54 20.54 20.54 20.54 20.54 20.54 20.54 20.54 20.54 20.54 -9999 -9999 -9999 -9999 -9999 -9999 -9999 -9999 -9999 -9999 -9999 -9999 -9999 -9999 -9999 -9999 -9999 -9999
-9999 -9999 -9999 -9999 -9999 -9999 -9999 -9999 -9999 -9999 -9999 -9999 -9999 -9999 20.54 20.54 20.54 20.54 20.54 20.54 20.54 20.54 20.54 20.54 20.54 20.54 20.54 20.54 20.54 20.54 20.54 20.54 20.54 20.54 20.54 20.54 20.54 -9999 -9999 -9999 -9999 -9999 -9999 -9999 -9999 -9999 -9999 -9999 -9999 -9999 -9999 -9999 -9999 -9999
-9999 -9999 -9999 -9999 -9999 -9999 -9999 -9999 -9999 -9999 -9999 -9999 -9999 20.54 20.54 20.54 20.54 20.54 20.54 20.54 20.54 20.54 20.54 20.54 20.54 20.54 20.54 20.54 20.54 20.54 20.54 20.54 20.54 20.54 20.54 20.54 20.54 20.54 -9999 -9999 -9999 -9999 -9999 -9999 -9999 -9999 -9999 -9999 -9999 -9999 -9999 -9999 -9999 -9999
-9999 -9999 -9999 -9999 -9999 -9999 -9999 -9999 -9999 -9999 -9999 -9999 20.54 20.54 20.54 20.54 20.54 20.54 20.54 20.54 20.54 20.54 20.54 20.54 20.54 20.54 20.54 20.54 20.54 20.54 20.562886 20.544472 20.54 20.54 20.54 20.54 20.54 20.54 20.54 -9999 -9999 -9999 -9999 -9999 -9999 -9999 -9999 -9999 -9999 -9999 -9999 -9999 -9999 -9999
-9999 -9999 -9999 -9999 -9999 -9999 -9999 -9999 -9999 -9999 -9999 20.54 20.54 20.54 20.54 20.54 20.54 20.54 20.54 20.54 20.54 20.54 20.546651 20.546563 20.546475 20.545543 20.545467 20.545391 20.545315 20.562886 20.595916 20.577617 20.544472 20.54 20.54 20.54 20.54 20.54 20.54 20.54 -9999 -9999 -9999 -9999 -9999 -9999 -9999 -9999 -9999 -9999 -9999 -9999 -9999 -9999
-9999 -9999 -9999 -9999 -9999 -9999 -9999 -9999 -9999 -9999 20.54 20.54 20.54 20.54 20.54 20.54 20.54 20.54 20.54 20.54 20.54 20.616128 20.610295 20.597145 20.596081 20.592655 20.589361 20.589285 20.655792 20.65467 20.628945 20.610761 20.577617 20.544472 20.54 20.54 20.54 20.54 20.54 20.54 20.54 -9999 -9999 -9999 -9999 -9999 -9999 -9999 -9999 -9999 -9999 -9999 -9999 -9999
-9999 -9999 -9999 -9999 -9999 -9999 -9999 -9999 -9999 20.54 20.54 20.54 20.54 20.54 20.54 20.54 20.54 20.54 20.54 20.54 20.616128 20.701469 20.695844 20.691075 20.666457 20.66291 20.659363 20.699762 20.795782 20.794955 20.717648 20.643906 20.610761 20.577617 20.54 20.54 20.54 20.54 20.54 20.54 20.54 20.54 -9999 -9999 -9999 -9999 -9999 -9999 -9999 -9999 -9999 -9999 -9999 -9999
-9999 -9999 -9999 -9999 -9999 -9999 -9999 -9999 20.54 20.54 20.54 20.54 20.54 20.54 20.54 20.54 20.54 20.54 20.54 20.647399 20.729132 20.786809 20.811678 20.880174 20.810518 20.779966 20.818858 20.876561 20.935771 20.932158 20.824903 20.717648 20.643906 20.594454 20.54 20.54 20.54 20.54 20.54 20.54 20.54 20.54 20.54 -9999 -9999 -9999 -9999 -9999 -9999 -9999 -9999 -9999 -9999 -9999
-9999 -9999 -9999 -9999 -9999 -9999 -9999 20.54 20.54 20.54 20.54 20.54 20.54 20.54 20.54 20.54 20.54 20.54 20.623322 20.767793 20.849648 20.912522 21.000778 21.069274 20.999868 20.926728 21.012205 21.069859 21.115184 21.039413 20.932158 20.824903 20.66781 20.594569 20.54 20.54 20.54 20.54 20.54 20.54 20.54 20.54 20.54 20.54 -9999 -9999 -9999 -9999 -9999 -9999 -9999 -9999 -9999 -9999
-9999 -9999 -9999 -9999 -9999 -9999 20.54 20.54 20.54 20.54 20.54 20.54 20.54 20.54 20.54 20.54 20.54 20.54 20.622904 20.864112 20.982874 21.076496 21.170119 21.258374 21.149894 21.058865 21.191001 21.26415 21.189667 21.115184 21.039413 20.88232 20.674119 20.597947 20.54 20.54 20.54 20.54 20.54 20.54 20.54 20.54 20.54 20.54 20.54 -9999 -9999 -9999 -9999 -9999 -9999 -9999 -9999 -9999
-9999 -9999 -9999 -9999 -9999 20.54 20.54 20.54 20.54 20.54 20.54 20.54 20.54 20.54 20.54 20.54 20.54 20.54 20.622486 20.860235 21.07342 21.188276 21.282019 21.31081 21.282489 21.191001 21.31081 21.31081 21.26415 21.189667 21.065346 20.888629 20.680428 20.604021 20.54 20.54 20.54 20.54 20.54 20.54 20.54 20.54 20.54 20.54 20.54 20.54 -9999 -9999 -9999 -9999 -9999 -9999 -9999 -9999
-9999 -9999 -9999 -9999 20.54 20.54 20.54 20.54 20.54 20.54 20.54 20.54 20.54 20.54 20.54 20.54 20.54 20.54 20.61861 20.847991 21.061228 21.260908 21.31081 21.31081 21.31081 21.31081 21.31081 21.31081 21.31081 21.214311 21.038883 20.863454 20.686737 20.604785 20.54 20.54 20.54 20.54 20.54 20.54 20.54 20.54 20.54 20.54 20.54 20.54 20.54 -9999 -9999 -9999 -9999 -9999 -9999 -9999
-9999 -9999 -9999 20.54 20.54 20.54 20.54 20.54 20.54 20.54 20.54 20.54 20.54 20.54 20.54 20.54 20.54 20.54 20.61363 20.835748 21.049036 21.25691 21.31081 21.31081 21.31081 21.31081 21.31081 21.31081 21.31081 21.234405 21.073331 20.897789 20.748462 20.60492 20.54 20.54 20.54 20.54 20.54 20.54 20.54 20.54 20.54 20.54 20.54 20.54 20.54 20.54 -9999 -9999 -9999 -9999 -9999 -9999
-9999 -9999 20.54 20.54 20.54 20.54 20.54 20.54 20.54 20.54 20.54 20.54 20.54 20.54 20.54 20.54 20.54 20.54 20.613253 20.830768 21.045038 21.256543 21.31081 21.31081 21.31081 21.31081 21.31081 21.31081 21.31081 21.234642 21.097831 20.946517 20.80051 20.654502 20.54 20.54 20.54 20.54 20.54 20.54 20.54 20.54 20.54 20.54 20.54 20.54 20.54 20.54 20.54 -9999 -9999 -9999 -9999 -9999
-9999 20.54 20.54 20.54 20.54 20.54 20.54 20.54 20.54 20.54 20.54 20.54 20.54 20.54 20.54 20.54 20.54 20.54 20.612876 20.822067 21.037291 21.256177 21.31081 21.31081 21.31081 21.31081 21.31081 21.31081 21.31081 21.234879 21.103378 20.913865 20.744626 20.628351 20.58329 20.54 20.54 20.54 20.54 20.54 20.54 20.54 20.54 20.54 20.54 20.54 20.54 20.54 20.54 20.54 -9999 -9999 -9999 -9999
-9999 20.54 20.54 20.54 20.54 20.54 20.54 20.54 20.54 20.54 20.54 20.54 20.54 20.54 20.54 20.54 20.54 20.54 20.604476 20.809675 21.024868 21.23858 21.31081 21.31081 21.31081 21.289698 21.31081 21.31081 21.31081 21.240426 21.109553 20.920174 20.696998 20.64351 20.598604 20.553698 20.54 20.54 20.54 20.54 20.54 20.54 20.54 20.54 20.54 20.54 20.54 20.54 20.54 20.54 20.54 -9999 -9999 -9999
-9999 -9999 20.54 20.54 20.54 20.54 20.54 20.54 20.54 20.54 20.54 20.54 20.54 20.54 20.54 20.54 20.54 20.54 20.604141 20.797586 21.002596 21.120588 21.23858 21.31081 21.258689 21.183762 21.289698 21.31081 21.255062 21.192713 21.115728 20.911508 20.652463 20.598604 20.553698 20.54 20.54 20.54 20.54 20.54 20.54 20.54 20.54 20.54 20.54 20.54 20.54 20.54 20.54 20.54 20.54 -9999 -9999 -9999
-9999 -9999 -9999 20.54 20.54 20.54 20.54 20.54 20.54 20.54 20.54 20.54 20.54 20.54 20.54 20.54 20.54 20.54 20.603806 20.788242 20.885132 21.002596 21.120588 21.19091 21.153119 21.077826 21.183762 21.202914 21.158472 21.096232 21.026143 20.866973 20.607928 20.553698 20.54 20.54 20.54 20.54 20.54 20.54 20.54 20.54 20.54 20.54 20.54 20.54 20.54 20.54 20.54 20.54 20.54 -9999 -9999 -9999
-9999 -9999 -9999 -9999 20.54 20.54 20.54 20.54 20.54 20.54 20.54 20.54 20.54 20.54 20.54 20.54 20.54 20.54 20.594462 20.691352 20.788242 20.885132 20.954925 20.976363 20.980858 20.97189 20.980751 20.988358 21.015427 20.963135 20.874244 20.738091 20.563394 20.54 20.54 20.54 20.54 20.54 20.54 20.54 20.54 20.54 20.54 20.54 20.54 20.54 20.54 20.54 20.54 20.54 20.54 -9999 -9999 -9999
-9999 -9999 -9999 -9999 -9999 20.54 20.54 20.54 20.54 20.54 20.54 20.54 20.54 20.54 20.54 20.54 20.54 20.54 20.54 20.594462 20.691352 20.788242 20.743331 20.761816 20.766342 20.833729 20.766246 20.773801 20.828482 20.817515 20.722346 20.586302 20.54 20.54 20.54 20.54 20.54 20.54 20.54 20.54 20.54 20.54 20.54 20.54 20.54 20.54 20.54 20.54 20.54 20.54 -9999 -9999 -9999 -9999
-9999 -9999 -9999 -9999 -9999 -9999 20.54 20.54 20.54 20.54 20.54 20.54 20.54 20.54 20.54 20.54 20.54 20.54 20.54 20.54 20.594462 20.691352 20.646777 20.550222 20.64622 20.72516 20.616591 20.586857 20.707669 20.69712 20.576725 20.54 20.54 20.54 20.54 20.54 20.54 20.54 20.54 20.54 20.54 20.54 20.54 20.54 20.54 20.54 20.54 20.54 20.54 -9999 -9999 -9999 -9999 -9999
-9999 -9999 -9999 -9999 -9999 -9999 -9999 20.54 20.54 20.54 20.54 20.54 20.54 20.54 20.54 20.54 20.54 20.54 20.54 20.54 20.54 20.594462 20.550222 20.54 20.54 20.616591 20.54 20.54 20.586857 20.576725 20.54 20.54 20.54 20.54 20.54 20.54 20.54 20.54 20.54 20.54 20.54 20.54 20.54 20.54 20.54 20.54 20.54 20.54 -9999 -9999 -9999 -9999 -9999 -9999
-9999 -9999 -9999 -9999 -9999 -9999 -9999 -9999 20.54 20.54 20.54 20.54 20.54 20.54 20.54 20.54 20.54 20.54 20.54 20.54 20.54 20.54 20.54 20.54 20.54 20.54 20.54 20.54 20.54 20.54 20.54 20.54 20.54 20.54 20.54 20.54 20.54 20.54 20.54 20.54 20.54 20.54 20.54 20.54 20.54 20.54 20.54 -9999 -9999 -9999 -9999 -9999 -9999 -9999
-9999 -9999 -9999 -9999 -9999 -9999 -9999 -9999 -9999 20.54 20.54 20.54 20.54 20.54 20.54 20.54 20.54 20.54 20.54 20.54 20.54 20.54 20.54 20.54 20.54 20.54 20.54 20.54 20.54 20.54 20.54 20.54 20.54 20.54 20.54 20.54 20.54 20.54 20.54 20.54 20.54 20.54 20.54 20.54 20.54 20.54 -9999 -9999 -9999 -9999 -9999 -9999 -9999 -9999
-9999 -9999 -9999 -9999 -9999 -9999 -9999 -9999 -9999 -9999 20.54 20.54 20.54 20.54 20.54 20.54 20.54 20.54 20.54 20.54 20.54 20.54 20.54 20.54 20.54 20.54 20.54 20.54 20.54 20.54 20.54 20.54 20.54 20.54 20.54 20.54 20.54 20.54 20.54 20.54 20.54 20.54 20.54 20.54 20.54 -9999 -9999 -9999 -9999 -9999 -9999 -9999 -9999 -9999
-9999 -9999 -9999 -9999 -9999 -9999 -9999 -9999 -9999 -9999 -9999 20.54 20.54 20.54 20.54 20.54 20.54 20.54 20.54 20.54 20.54 20.54 20.54 20.54 20.54 20.54 20.54 20.54 20.54 20.54 20.54 20.54 20.54 20.54 20.54 20.54 20.54 20.54 20.54 20.54 20.54 20.54 20.54 20.54 -9999 -9999 -9999 -9999 -9999 -9999 -9999 -9999 -9999 -9999
-9999 -9999 -9999 -9999 -9999 -9999 -9999 -9999 -9999 -9999 -9999 -9999 20.54 20.54 20.54 20.54 20.54 20.54 20.54 20.54 20.54 20.54 20.54 20.54 20.54 20.54 20.54 20.54 20.54 20.54 20.54 20.54 20.54 20.54 20.54 20.54 20.54 20.54 20.54 20.54 20.54 20.54 20.54 -9999 -9999 -9999 -9999 -9999 -9999 -9999 -9999 -9999 -9999 -9999
-9999 -9999 -9999 -9999 -9999 -9999 -9999 -9999 -9999 -9999 -9999 -9999 -9999 20.54 20.54 20.54 20.54 20.54 20.54 20.54 20.54 20.54 20.54 20.54 20.54 20.54 20.54 20.54 20.54 20.54 20.54 20.54 20.54 20.54 20.54 20.54 20.54 20.54 20.54 20.54 20.54 20.54 -9999 -9999 -9999 -9999 -9999 -9999 -9999 -9999 -9999 -9999 -9999 -9999
-9999 -9999 -9999 -9999 -9999 -9999 -9999 -9999 -9999 -9999 -9999 -9999 -9999 -9999 20.54 20.54 20.54 20.54 20.54 20.54 20.54 20.54 20.54 20.54 20.54 20.54 20.54 20.54 20.54 20.54 20.54 20.54 20.54 20.54 20.54 20.54 20.54 20.54 20.54 20.54 20.54 -9999 -9999 -9999 -9999 -9999 -9999 -9999 -9999 -9999 -9999 -9999 -9999 -9999
-9999 -9999 -9999 -9999 -9999 -9999 -9999 -9999 -9999 -9999 -9999 -9999 -9999 -9999 -9999 20.54 20.54 20.54 20.54 20.54 20.54 20.54 20.54 20.54 20.54 20.54 20.54 20.54 20.54 20.54 20.54 20.54 20.54 20.54 20.54 20.54 20.54 20.54 20.54 20.54 -9999 -9999 -9999 -9999 -9999 -9999 -9999 -9999 -9999 -9999 -9999 -9999 -9999 -9999
-9999 -9999 -9999 -9999 -9999 -9999 -9999 -9999 -9999 -9999 -9999 -9999 -9999 -9999 -9999 -9999 20.54 20.54 20.54 20.54 20.54 20.54 20.54 20.54 20.54 20.54 20.54 20.54 20.54 20.54 20.54 20.54 20.54 20.54 20.54 20.54 20.54 20.54 20.54 -9999 -9999 -9999 -9999 -9999 -9999 -9999 -9999 -9999 -9999 -9999 -9999 -9999 -9999 -9999
-9999 -9999 -9999 -9999 -9999 -9999 -9999 -9999 -9999 -9999 -9999 -9999 -9999 -9999 -9999 -9999 -9999 20.54 20.54 20.54 20.54 20.54 20.54 20.54 20.54 20.54 20.54 20.54 20.54 20.54 20.54 20.54 20.54 20.54 20.54 20.54 20.54 20.54 -9999 -9999 -9999 -9999 -9999 -9999 -9999 -9999 -9999 -9999 -9999 -9999 -9999 -9999 -9999 -9999
-9999 -9999 -9999 -9999 -9999 -9999 -9999 -9999 -9999 -9999 -9999 -9999 -9999 -9999 -9999 -9999 -9999 -9999 20.54 20.54 20.54 20.54 20.54 20.54 20.54 20.54 20.54 20.54 20.54 20.54 20.54 20.54 20.54 20.54 20.54 20.54 20.54 -9999 -9999 -9999 -9999 -9999 -9999 -9999 -9999 -9999 -9999 -9999 -9999 -9999 -9999 -9999 -9999 -9999
-9999 -9999 -9999 -9999 -9999 -9999 -9999 -9999 -9999 -9999 -9999 -9999 -9999 -9999 -9999 -9999 -9999 -9999 -9999 20.54 20.54 20.54 20.54 20.54 20.54 20.54 20.54 20.54 20.54 20.54 20.54 20.54 20.54 20.54 20.54 20.54 -9999 -9999 -9999 -9999 -9999 -9999 -9999 -9999 -9999 -9999 -9999 -9999 -9999 -9999 -9999 -9999 -9999 -9999
-9999 -9999 -9999 -9999 -9999 -9999 -9999 -9999 -9999 -9999 -9999 -9999 -9999 -9999 -9999 -9999 -9999 -9999 -9999 -9999 20.54 20.54 20.54 20.54 20.54 20.54 20.54 20.54 20.54 20.54 20.54 20.54 20.54 20.54 20.54 -9999 -9999 -9999 -9999 -9999 -9999 -9999 -9999 -9999 -9999 -9999 -9999 -9999 -9999 -9999 -9999 -9999 -9999 -9999
-9999 -9999 -9999 -9999 -9999 -9999 -9999 -9999 -9999 -9999 -9999 -9999 -9999 -9999 -9999 -9999 -9999 -9999 -9999 -9999 -9999 20.54 20.54 20.54 20.54 20.54 20.54 20.54 20.54 20.54 20.54 20.54 20.54 20.54 -9999 -9999 -9999 -9999 -9999 -9999 -9999 -9999 -9999 -9999 -9999 -9999 -9999 -9999 -9999 -9999 -9999 -9999 -9999 -9999
-9999 -9999 -9999 -9999 -9999 -9999 -9999 -9999 -9999 -9999 -9999 -9999 -9999 -9999 -9999 -9999 -9999 -9999 -9999 -9999 -9999 -9999 20.54 20.54 20.54 20.54 20.54 20.54 20.54 20.54 20.54 20.54 20.54 -9999 -9999 -9999 -9999 -9999 -9999 -9999 -9999 -9999 -9999 -9999 -9999 -9999 -9999 -9999 -9999 -9999 -9999 -9999 -9999 -9999
-9999 -9999 -9999 -9999 -9999 -9999 -9999 -9999 -9999 -9999 -9999 -9999 -9999 -9999 -9999 -9999 -9999 -9999 -9999 -9999 -9999 -9999 -9999 20.54 20.54 20.54 20.54 20.54 20.54 20.54 20.54 20.54 -9999 -9999 -9999 -9999 -9999 -9999 -9999 -9999 -9999 -9999 -9999 -9999 -9999 -9999 -9999 -9999 -9999 -9999 -9999 -9999 -9999 -9999
