test/data/outputs/test/OUTPUT_T_225_0_23h.tif
NCOLS 54
NROWS 54
XLLCORNER 354593.69
YLLCORNER 6687434.7
DX 19.678195
DY 19.678195
NODATA_VALUE -9999
[rows 0 to 44 of 54, columns 0 to 53 of 54]
-9999 -9999 -9999 -9999 -9999 -9999 -9999 -9999 -9999 -9999 -9999 -9999 -9999 -9999 -9999 -9999 -9999 -9999 -9999 -9999 -9999 -9999 -9999 -9999 -9999 15.775 -9999 -9999 -9999 -9999 -9999 -9999 -9999 -9999 -9999 -9999 -9999 -9999 -9999 -9999 -9999 -9999 -9999 -9999 -9999 -9999 -9999 -9999 -9999 -9999 -9999 -9999 -9999 -9999
-9999 -9999 -9999 -9999 -9999 -9999 -9999 -9999 -9999 -9999 -9999 -9999 -9999 -9999 -9999 -9999 -9999 -9999 -9999 -9999 -9999 -9999 -9999 -9999 15.775 15.775 15.775 -9999 -9999 -9999 -9999 -9999 -9999 -9999 -9999 -9999 -9999 -9999 -9999 -9999 -9999 -9999 -9999 -9999 -9999 -9999 -9999 -9999 -9999 -9999 -9999 -9999 -9999 -9999
-9999 -9999 -9999 -9999 -9999 -9999 -9999 -9999 -9999 -9999 -9999 -9999 -9999 -9999 -9999 -9999 -9999 -9999 -9999 -9999 -9999 -9999 -9999 15.775 15.775 15.775 15.775 15.775 -9999 -9999 -9999 -9999 -9999 -9999 -9999 -9999 -9999 -9999 -9999 -9999 -9999 -9999 -9999 -9999 -9999 -9999 -9999 -9999 -9999 -9999 -9999 -9999 -9999 -9999
-9999 -9999 -9999 -9999 -9999 -9999 -9999 -9999 -9999 -9999 -9999 -9999 -9999 -9999 -9999 -9999 -9999 -9999 -9999 -9999 -9999 -9999 15.775 15.775 15.775 15.775 15.775 15.775 15.775 -9999 -9999 -9999 -9999 -9999 -9999 -9999 -9999 -9999 -9999 -9999 -9999 -9999 -9999 -9999 -9999 -9999 -9999 -9999 -9999 -9999 -9999 -9999 -9999 -9999
-9999 -9999 -9999 -9999 -9999 -9999 -9999 -9999 -9999 -9999 -9999 -9999 -9999 -9999 -9999 -9999 -9999 -9999 -9999 -9999 -9999 15.775 15.775 15.775 15.775 15.775 15.775 15.775 15.775 15.775 -9999 -9999 -9999 -9999 -9999 -9999 -9999 -9999 -9999 -9999 -9999 -9999 -9999 -9999 -9999 -9999 -9999 -9999 -9999 -9999 -9999 -9999 -9999 -9999
-9999 -9999 -9999 -9999 -9999 -9999 -9999 -9999 -9999 -9999 -9999 -9999 -9999 -9999 -9999 -9999 -9999 -9999 -9999 -9999 15.775 15.775 15.775 15.775 15.775 15.775 15.775 15.775 15.775 15.775 15.775 -9999 -9999 -9999 -9999 -9999 -9999 -9999 -9999 -9999 -9999 -9999 -9999 -9999 -9999 -9999 -9999 -9999 -9999 -9999 -9999 -9999 -9999 -9999
-9999 -9999 -9999 -9999 -9999 -9999 -9999 -9999 -9999 -9999 -9999 -9999 -9999 -9999 -9999 -9999 -9999 -9999 -9999 15.775 15.775 15.775 15.775 15.775 15.775 15.775 15.775 15.775 15.775 15.775 15.775 15.775 -9999 -9999 -9999 -9999 -9999 -9999 -9999 -9999 -9999 -9999 -9999 -9999 -9999 -9999 -9999 -9999 -9999 -9999 -9999 -9999 -9999 -9999
-9999 -9999 -9999 -9999 -9999 -9999 -9999 -9999 -9999 -9999 -9999 -9999 -9999 -9999 -9999 -9999 -9999 -9999 15.775 15.775 15.775 15.775 15.775 15.775 15.775 15.775 15.775 15.775 15.775 15.775 15.775 15.775 15.775 -9999 -9999 -9999 -9999 -9999 -9999 -9999 -9999 -9999 -9999 -9999 -9999 -9999 -9999 -9999 -9999 -9999 -9999 -9999 -9999 -9999
-9999 -9999 -9999 -9999 -9999 -9999 -9999 -9999 -9999 -9999 -9999 -9999 -9999 -9999 -9999 -9999 -9999 15.775 15.775 15.775 15.775 15.775 15.775 15.775 15.775 15.775 15.775 15.775 15.775 15.775 15.775 15.775 15.775 15.775 -9999 -9999 -9999 -9999 -9999 -9999 -9999 -9999 -9999 -9999 -9999 -9999 -9999 -9999 -9999 -9999 -9999 -9999 -9999 -9999
-9999 -9999 -9999 -9999 -9999 -9999 -9999 -9999 -9999 -9999 -9999 -9999 -9999 -9999 -9999 -9999 15.775 15.775 15.775 15.775 15.775 15.775 15.775 15.775 15.775 15.775 15.775 15.775 15.775 15.775 15.775 15.775 15.775 15.775 15.775 -9999 -9999 -9999 -9999 -9999 -9999 -9999 -9999 -9999 -9999 -9999 -9999 -9999 -9999 -9999 -9999 -9999 -9999 -9999
-9999 -9999 -9999 -9999 -9999 -9999 -9999 -9999 -9999 -9999 -9999 -9999 -9999 -9999 -9999 15.775 15.775 15.775 15.775 15.775 15.775 15.775 15.775 15.775 15.775 15.775 15.775 15.775 15.775 15.775 15.775 15.775 15.775 15.775 15.775 15.775 -9999 -9999 -9999 -9999 -9999 -9999 -9999 -9999 -9999 -9999 -9999 -9999 -9999 -9999 -9999 -9999 -9999 -9999
-9999 -9999 -9999 -9999 -9999 -9999 -9999 -9999 -9999 -9999 -9999 -9999 -9999 -9999 15.775 15.775 15.775 15.775 15.775 15.775 15.775 15.775 15.775 15.775 15.775 15.775 15.775 15.775 15.775 15.775 15.775 15.775 15.775 15.775 15.775 15.775 15.775 -9999 -9999 -9999 -9999 -9999 -9999 -9999 -9999 -9999 -9999 -9999 -9999 -9999 -9999 -9999 -9999 -9999
-9999 -9999 -9999 -9999 -9999 -9999 -9999 -9999 -9999 -9999 -9999 -9999 -9999 15.775 15.775 15.775 15.775 15.775 15.775 15.775 15.775 15.775 15.775 15.775 15.775 15.775 15.775 15.775 15.775 15.775 15.775 15.775 15.775 15.775 15.775 15.775 15.775 15.775 -9999 -9999 -9999 -9999 -9999 -9999 -9999 -9999 -9999 -9999 -9999 -9999 -9999 -9999 -9999 -9999
-9999 -9999 -9999 -9999 -9999 -9999 -9999 -9999 -9999 -9999 -9999 -9999 15.775 15.775 15.775 15.775 15.775 15.775 15.775 15.775 15.775 15.775 15.775 15.775 15.775 15.775 15.775 15.775 15.775 15.775 15.965893 15.812304 15.775 15.775 15.775 15.775 15.775 15.775 15.775 -9999 -9999 -9999 -9999 -9999 -9999 -9999 -9999 -9999 -9999 -9999 -9999 -9999 -9999 -9999
-9999 -9999 -9999 -9999 -9999 -9999 -9999 -9999 -9999 -9999 -9999 15.775 15.775 15.775 15.775 15.775 15.775 15.775 15.775 15.775 15.775 15.775 15.803228 15.802856 15.802484 15.798527 15.798204 15.797881 15.797558 15.965893 16.241398 16.088765 15.812304 15.775 15.775 15.775 15.775 15.775 15.775 15.775 -9999 -9999 -9999 -9999 -9999 -9999 -9999 -9999 -9999 -9999 -9999 -9999 -9999 -9999
-9999 -9999 -9999 -9999 -9999 -9999 -9999 -9999 -9999 -9999 15.775 15.775 15.775 15.775 15.775 15.775 15.775 15.775 15.775 15.775 15.775 16.098116 16.073355 16.017545 16.013029 15.998487 15.984504 15.984181 16.663618 16.731476 16.516903 16.365227 16.088765 15.812304 15.775 15.775 15.775 15.775 15.775 15.775 15.775 -9999 -9999 -9999 -9999 -9999 -9999 -9999 -9999 -9999 -9999 -9999 -9999 -9999
-9999 -9999 -9999 -9999 -9999 -9999 -9999 -9999 -9999 15.775 15.775 15.775 15.775 15.775 15.775 15.775 15.775 15.775 15.775 15.775 16.098116 16.460331 16.436456 16.67279 16.311728 16.296673 16.281617 16.850241 17.830975 17.901607 17.256782 16.641688 16.365227 16.088765 15.775 15.775 15.775 15.775 15.775 15.775 15.775 15.775 -9999 -9999 -9999 -9999 -9999 -9999 -9999 -9999 -9999 -9999 -9999 -9999
-9999 -9999 -9999 -9999 -9999 -9999 -9999 -9999 15.775 15.775 15.775 15.775 15.775 15.775 15.775 15.775 15.775 15.775 15.775 16.230838 16.577742 16.822546 17.184674 18.352669 17.252014 16.793502 17.35573 18.173833 18.998333 19.046033 18.151407 17.256782 16.641688 16.229206 15.775 15.775 15.775 15.775 15.775 15.775 15.775 15.775 15.775 -9999 -9999 -9999 -9999 -9999 -9999 -9999 -9999 -9999 -9999 -9999
-9999 -9999 -9999 -9999 -9999 -9999 -9999 15.775 15.775 15.775 15.775 15.775 15.775 15.775 15.775 15.775 15.775 15.775 16.12865 16.741836 17.089257 17.612694 18.864554 20.032549 18.936001 18.382573 19.793378 20.607868 21.225045 19.940658 19.046033 18.151407 16.901873 16.230162 15.775 15.775 15.775 15.775 15.775 15.775 15.775 15.775 15.775 15.775 -9999 -9999 -9999 -9999 -9999 -9999 -9999 -9999 -9999 -9999
-9999 -9999 -9999 -9999 -9999 -9999 15.775 15.775 15.775 15.775 15.775 15.775 15.775 15.775 15.775 15.775 15.775 15.775 16.126876 17.150647 17.911293 19.185931 20.460569 21.712429 20.71757 20.201377 22.612238 23.825731 22.525388 21.225045 19.940658 18.691124 17.077645 16.32604 15.775 15.775 15.775 15.775 15.775 15.775 15.775 15.775 15.775 15.775 15.775 -9999 -9999 -9999 -9999 -9999 -9999 -9999 -9999 -9999
-9999 -9999 -9999 -9999 -9999 15.775 15.775 15.775 15.775 15.775 15.775 15.775 15.775 15.775 15.775 15.775 15.775 15.775 16.125102 17.134334 18.391167 19.711203 20.988285 22.132746 22.542391 22.02018 24.233729 24.529758 23.825731 22.525388 20.870137 18.866896 17.253416 16.500272 15.775 15.775 15.775 15.775 15.775 15.775 15.775 15.775 15.775 15.775 15.775 15.775 -9999 -9999 -9999 -9999 -9999 -9999 -9999 -9999
-9999 -9999 -9999 -9999 15.775 15.775 15.775 15.775 15.775 15.775 15.775 15.775 15.775 15.775 15.775 15.775 15.775 15.775 16.108788 17.082848 18.338782 19.831408 21.018824 22.104502 22.910337 23.64167 23.937699 24.233729 24.529758 23.470822 21.451625 19.432429 17.429188 16.52011 15.775 15.775 15.775 15.775 15.775 15.775 15.775 15.775 15.775 15.775 15.775 15.775 15.775 -9999 -9999 -9999 -9999 -9999 -9999 -9999
-9999 -9999 -9999 15.775 15.775 15.775 15.775 15.775 15.775 15.775 15.775 15.775 15.775 15.775 15.775 15.775 15.775 15.775 16.087839 17.031362 18.286398 19.788194 20.988548 22.076259 22.846989 23.256442 23.64167 23.937699 24.045268 23.507921 21.909018 19.890053 18.172596 16.521666 15.775 15.775 15.775 15.775 15.775 15.775 15.775 15.775 15.775 15.775 15.775 15.775 15.775 15.775 -9999 -9999 -9999 -9999 -9999 -9999
-9999 -9999 15.775 15.775 15.775 15.775 15.775 15.775 15.775 15.775 15.775 15.775 15.775 15.775 15.775 15.775 15.775 15.775 16.086238 17.010414 18.243185 19.749045 20.95011 21.996654 22.437535 22.846989 23.256442 23.453209 23.367518 22.831573 21.93714 20.450491 18.77121 17.091929 15.775 15.775 15.775 15.775 15.775 15.775 15.775 15.775 15.775 15.775 15.775 15.775 15.775 15.775 15.775 -9999 -9999 -9999 -9999 -9999
-9999 15.775 15.775 15.775 15.775 15.775 15.775 15.775 15.775 15.775 15.775 15.775 15.775 15.775 15.775 15.775 15.775 15.775 16.084636 16.973733 18.195343 19.709897 20.862343 21.429499 21.996654 22.437535 22.585953 22.570259 22.689769 22.155225 21.926937 20.074946 18.128467 16.791157 16.272887 15.775 15.775 15.775 15.775 15.775 15.775 15.775 15.775 15.775 15.775 15.775 15.775 15.775 15.775 15.775 -9999 -9999 -9999 -9999
-9999 15.775 15.775 15.775 15.775 15.775 15.775 15.775 15.775 15.775 15.775 15.775 15.775 15.775 15.775 15.775 15.775 15.775 16.049227 16.921505 18.141994 19.593634 20.295188 20.862343 21.429499 21.694696 21.647782 21.631578 21.806819 22.145022 21.995609 20.14751 17.580681 16.965497 16.449021 15.932546 15.775 15.775 15.775 15.775 15.775 15.775 15.775 15.775 15.775 15.775 15.775 15.775 15.775 15.775 15.775 -9999 -9999 -9999
-9999 -9999 15.775 15.775 15.775 15.775 15.775 15.775 15.775 15.775 15.775 15.775 15.775 15.775 15.775 15.775 15.775 15.775 16.047801 16.870548 18.020224 18.806929 19.593634 20.295188 20.500274 20.393473 20.637261 20.692896 21.173348 21.689939 22.064281 20.047832 17.068474 16.449021 15.932546 15.775 15.775 15.775 15.775 15.775 15.775 15.775 15.775 15.775 15.775 15.775 15.775 15.775 15.775 15.775 15.775 -9999 -9999 -9999
-9999 -9999 -9999 15.775 15.775 15.775 15.775 15.775 15.775 15.775 15.775 15.775 15.775 15.775 15.775 15.775 15.775 15.775 16.046375 16.830808 17.242894 18.020224 18.806929 19.390885 19.199763 19.092251 19.336039 19.460447 19.834658 20.353609 20.934156 19.535624 16.556267 15.932546 15.775 15.775 15.775 15.775 15.775 15.775 15.775 15.775 15.775 15.775 15.775 15.775 15.775 15.775 15.775 15.775 15.775 -9999 -9999 -9999
-9999 -9999 -9999 -9999 15.775 15.775 15.775 15.775 15.775 15.775 15.775 15.775 15.775 15.775 15.775 15.775 15.775 15.775 16.006635 16.418721 16.830808 17.242894 17.817475 18.193519 17.963079 17.791029 18.095108 18.227554 18.020206 18.456013 19.184086 18.053315 16.044059 15.775 15.775 15.775 15.775 15.775 15.775 15.775 15.775 15.775 15.775 15.775 15.775 15.775 15.775 15.775 15.775 15.775 15.775 -9999 -9999 -9999
-9999 -9999 -9999 -9999 -9999 15.775 15.775 15.775 15.775 15.775 15.775 15.775 15.775 15.775 15.775 15.775 15.775 15.775 15.775 16.006635 16.418721 16.830808 16.639797 16.996154 16.766834 17.022991 16.861316 16.994661 16.999421 16.952871 17.434016 16.307533 15.775 15.775 15.775 15.775 15.775 15.775 15.775 15.775 15.775 15.775 15.775 15.775 15.775 15.775 15.775 15.775 15.775 15.775 -9999 -9999 -9999 -9999
-9999 -9999 -9999 -9999 -9999 -9999 15.775 15.775 15.775 15.775 15.775 15.775 15.775 15.775 15.775 15.775 15.775 15.775 15.775 15.775 16.006635 16.418721 16.229137 15.818477 16.226305 16.561704 16.100417 15.973876 16.486649 16.441873 15.930875 15.775 15.775 15.775 15.775 15.775 15.775 15.775 15.775 15.775 15.775 15.775 15.775 15.775 15.775 15.775 15.775 15.775 15.775 -9999 -9999 -9999 -9999 -9999
-9999 -9999 -9999 -9999 -9999 -9999 -9999 15.775 15.775 15.775 15.775 15.775 15.775 15.775 15.775 15.775 15.775 15.775 15.775 15.775 15.775 16.006635 15.818477 15.775 15.775 16.100417 15.775 15.775 15.973876 15.930875 15.775 15.775 15.775 15.775 15.775 15.775 15.775 15.775 15.775 15.775 15.775 15.775 15.775 15.775 15.775 15.775 15.775 15.775 -9999 -9999 -9999 -9999 -9999 -9999
-9999 -9999 -9999 -9999 -9999 -9999 -9999 -9999 15.775 15.775 15.775 15.775 15.775 15.775 15.775 15.775 15.775 15.775 15.775 15.775 15.775 15.775 15.775 15.775 15.775 15.775 15.775 15.775 15.775 15.775 15.775 15.775 15.775 15.775 15.775 15.775 15.775 15.775 15.775 15.775 15.775 15.775 15.775 15.775 15.775 15.775 15.775 -9999 -9999 -9999 -9999 -9999 -9999 -9999
-9999 -9999 -9999 -9999 -9999 -9999 -9999 -9999 -9999 15.775 15.775 15.775 15.775 15.775 15.775 15.775 15.775 15.775 15.775 15.775 15.775 15.775 15.775 15.775 15.775 15.775 15.775 15.775 15.775 15.775 15.775 15.775 15.775 15.775 15.775 15.775 15.775 15.775 15.775 15.775 15.775 15.775 15.775 15.775 15.775 15.775 -9999 -9999 -9999 -9999 -9999 -9999 -9999 -9999
-9999 -9999 -9999 -9999 -9999 -9999 -9999 -9999 -9999 -9999 15.775 15.775 15.775 15.775 15.775 15.775 15.775 15.775 15.775 15.775 15.775 15.775 15.775 15.775 15.775 15.775 15.775 15.775 15.775 15.775 15.775 15.775 15.775 15.775 15.775 15.775 15.775 15.775 15.775 15.775 15.775 15.775 15.775 15.775 15.775 -9999 -9999 -9999 -9999 -9999 -9999 -9999 -9999 -9999
-9999 -9999 -9999 -9999 -9999 -9999 -9999 -9999 -9999 -9999 -9999 15.775 15.775 15.775 15.775 15.775 15.775 15.775 15.775 15.775 15.775 15.775 15.775 15.775 15.775 15.775 15.775 15.775 15.775 15.775 15.775 15.775 15.775 15.775 15.775 15.775 15.775 15.775 15.775 15.775 15.775 15.775 15.775 15.775 -9999 -9999 -9999 -9999 -9999 -9999 -9999 -9999 -9999 -9999
-9999 -9999 -9999 -9999 -9999 -9999 -9999 -9999 -9999 -9999 -9999 -9999 15.775 15.775 15.775 15.775 15.775 15.775 15.775 15.775 15.775 15.775 15.775 15.775 15.775 15.775 15.775 15.775 15.775 15.775 15.775 15.775 15.775 15.775 15.775 15.775 15.775 15.775 15.775 15.775 15.775 15.775 15.775 -9999 -9999 -9999 -9999 -9999 -9999 -9999 -9999 -9999 -9999 -9999
-9999 -9999 -9999 -9999 -9999 -9999 -9999 -9999 -9999 -9999 -9999 -9999 -9999 15.775 15.775 15.775 15.775 15.775 15.775 15.775 15.775 15.775 15.775 15.775 15.775 15.775 15.775 15.775 15.775 15.775 15.775 15.775 15.775 15.775 15.775 15.775 15.775 15.775 15.775 15.775 15.775 15.775 -9999 -9999 -9999 -9999 -9999 -9999 -9999 -9999 -9999 -9999 -9999 -9999
-9999 -9999 -9999 -9999 -9999 -9999 -9999 -9999 -9999 -9999 -9999 -9999 -9999 -9999 15.775 15.775 15.775 15.775 15.775 15.775 15.775 15.775 15.775 15.775 15.775 15.775 15.775 15.775 15.775 15.775 15.775 15.775 15.775 15.775 15.775 15.775 15.775 15.775 15.775 15.775 15.775 -9999 -9999 -9999 -9999 -9999 -9999 -9999 -9999 -9999 -9999 -9999 -9999 -9999
-9999 -9999 -9999 -9999 -9999 -9999 -9999 -9999 -9999 -9999 -9999 -9999 -9999 -9999 -9999 15.775 15.775 15.775 15.775 15.775 15.775 15.775 15.775 15.775 15.775 15.775 15.775 15.775 15.775 15.775 15.775 15.775 15.775 15.775 15.775 15.775 15.775 15.775 15.775 15.775 -9999 -9999 -9999 -9999 -9999 -9999 -9999 -9999 -9999 -9999 -9999 -9999 -9999 -9999
-9999 -9999 -9999 -9999 -9999 -9999 -9999 -9999 -9999 -9999 -9999 -9999 -9999 -9999 -9999 -9999 15.775 15.775 15.775 15.775 15.775 15.775 15.775 15.775 15.775 15.775 15.775 15.775 15.775 15.775 15.775 15.775 15.775 15.775 15.775 15.775 15.775 15.775 15.775 -9999 -9999 -9999 -9999 -9999 -9999 -9999 -9999 -9999 -9999 -9999 -9999 -9999 -9999 -9999
-9999 -9999 -9999 -9999 -9999 -9999 -9999 -9999 -9999 -9999 -9999 -9999 -9999 -9999 -9999 -9999 -9999 15.775 15.775 15.775 15.775 15.775 15.775 15.775 15.775 15.775 15.775 15.775 15.775 15.775 15.775 15.775 15.775 15.775 15.775 15.775 15.775 15.775 -9999 -9999 -9999 -9999 -9999 -9999 -9999 -9999 -9999 -9999 -9999 -9999 -9999 -9999 -9999 -9999
-9999 -9999 -9999 -9999 -9999 -9999 -9999 -9999 -9999 -9999 -9999 -9999 -9999 -9999 -9999 -9999 -9999 -9999 15.775 15.775 15.775 15.775 15.775 15.775 15.775 15.775 15.775 15.775 15.775 15.775 15.775 15.775 15.775 15.775 15.775 15.775 15.775 -9999 -9999 -9999 -9999 -9999 -9999 -9999 -9999 -9999 -9999 -9999 -9999 -9999 -9999 -9999 -9999 -9999
-9999 -9999 -9999 -9999 -9999 -9999 -9999 -9999 -9999 -9999 -9999 -9999 -9999 -9999 -9999 -9999 -9999 -9999 -9999 15.775 15.775 15.775 15.775 15.775 15.775 15.775 15.775 15.775 15.775 15.775 15.775 15.775 15.775 15.775 15.775 15.775 -9999 -9999 -9999 -9999 -9999 -9999 -9999 -9999 -9999 -9999 -9999 -9999 -9999 -9999 -9999 -9999 -9999 -9999
-9999 -9999 -9999 -9999 -9999 -9999 -9999 -9999 -9999 -9999 -9999 -9999 -9999 -9999 -9999 -9999 -9999 -9999 -9999 -9999 15.775 15.775 15.775 15.775 15.775 15.775 15.775 15.775 15.775 15.775 15.775 15.775 15.775 15.775 15.775 -9999 -9999 -9999 -9999 -9999 -9999 -9999 -9999 -9999 -9999 -9999 -9999 -9999 -9999 -9999 -9999 -9999 -9999 -9999
