test/data/scenario_test/processor_outputs/default/OUTPUT_T_225_0_23h.tif
NCOLS 54
NROWS 54
XLLCORNER 354593.69
YLLCORNER 6687434.7
DX 19.678195
DY 19.678195
NODATA_VALUE -9999
[rows 0 to 38 of 54, columns 0 to 53 of 54]
-9999 -9999 -9999 -9999 -9999 -9999 -9999 -9999 -9999 -9999 -9999 -9999 -9999 -9999 -9999 -9999 -9999 -9999 -9999 -9999 -9999 -9999 -9999 -9999 -9999 15.960719 -9999 -9999 -9999 -9999 -9999 -9999 -9999 -9999 -9999 -9999 -9999 -9999 -9999 -9999 -9999 -9999 -9999 -9999 -9999 -9999 -9999 -9999 -9999 -9999 -9999 -9999 -9999 -9999
-9999 -9999 -9999 -9999 -9999 -9999 -9999 -9999 -9999 -9999 -9999 -9999 -9999 -9999 -9999 -9999 -9999 -9999 -9999 -9999 -9999 -9999 -9999 -9999 15.96103 15.961547 15.961046 -9999 -9999 -9999 -9999 -9999 -9999 -9999 -9999 -9999 -9999 -9999 -9999 -9999 -9999 -9999 -9999 -9999 -9999 -9999 -9999 -9999 -9999 -9999 -9999 -9999 -9999 -9999
-9999 -9999 -9999 -9999 -9999 -9999 -9999 -9999 -9999 -9999 -9999 -9999 -9999 -9999 -9999 -9999 -9999 -9999 -9999 -9999 -9999 -9999 -9999 15.96103 15.961876 15.962397 15.961803 15.961046 -9999 -9999 -9999 -9999 -9999 -9999 -9999 -9999 -9999 -9999 -9999 -9999 -9999 -9999 -9999 -9999 -9999 -9999 -9999 -9999 -9999 -9999 -9999 -9999 -9999 -9999
-9999 -9999 -9999 -9999 -9999 -9999 -9999 -9999 -9999 -9999 -9999 -9999 -9999 -9999 -9999 -9999 -9999 -9999 -9999 -9999 -9999 -9999 15.96103 15.961876 15.962722 15.963246 15.962361 15.963125 15.961046 -9999 -9999 -9999 -9999 -9999 -9999 -9999 -9999 -9999 -9999 -9999 -9999 -9999 -9999 -9999 -9999 -9999 -9999 -9999 -9999 -9999 -9999 -9999 -9999 -9999
-9999 -9999 -9999 -9999 -9999 -9999 -9999 -9999 -9999 -9999 -9999 -9999 -9999 -9999 -9999 -9999 -9999 -9999 -9999 -9999 -9999 15.96103 15.961876 15.962722 15.963489 15.963463 15.963194 15.962887 15.963107 15.961046 -9999 -9999 -9999 -9999 -9999 -9999 -9999 -9999 -9999 -9999 -9999 -9999 -9999 -9999 -9999 -9999 -9999 -9999 -9999 -9999 -9999 -9999 -9999 -9999
-9999 -9999 -9999 -9999 -9999 -9999 -9999 -9999 -9999 -9999 -9999 -9999 -9999 -9999 -9999 -9999 -9999 -9999 -9999 -9999 15.96103 15.961876 15.962722 15.963489 15.963463 15.963437 15.963411 15.963445 15.96418 15.96299 15.961046 -9999 -9999 -9999 -9999 -9999 -9999 -9999 -9999 -9999 -9999 -9999 -9999 -9999 -9999 -9999 -9999 -9999 -9999 -9999 -9999 -9999 -9999 -9999
-9999 -9999 -9999 -9999 -9999 -9999 -9999 -9999 -9999 -9999 -9999 -9999 -9999 -9999 -9999 -9999 -9999 -9999 -9999 15.96103 15.961876 15.962722 15.963489 15.963463 15.963437 15.963411 15.963527 15.96379 15.963971 15.965669 15.96299 15.961046 -9999 -9999 -9999 -9999 -9999 -9999 -9999 -9999 -9999 -9999 -9999 -9999 -9999 -9999 -9999 -9999 -9999 -9999 -9999 -9999 -9999 -9999
-9999 -9999 -9999 -9999 -9999 -9999 -9999 -9999 -9999 -9999 -9999 -9999 -9999 -9999 -9999 -9999 -9999 -9999 15.96103 15.961876 15.962722 15.963489 15.963463 15.963437 15.963411 15.963527 15.96379 15.964053 15.964316 15.96526 15.965675 15.96299 15.961046 -9999 -9999 -9999 -9999 -9999 -9999 -9999 -9999 -9999 -9999 -9999 -9999 -9999 -9999 -9999 -9999 -9999 -9999 -9999 -9999 -9999
-9999 -9999 -9999 -9999 -9999 -9999 -9999 -9999 -9999 -9999 -9999 -9999 -9999 -9999 -9999 -9999 -9999 15.96103 15.961876 15.962722 15.963489 15.963463 15.963437 15.963411 15.963527 15.96379 15.964053 15.964316 15.964973 15.965677 15.966692 15.964933 15.96299 15.961046 -9999 -9999 -9999 -9999 -9999 -9999 -9999 -9999 -9999 -9999 -9999 -9999 -9999 -9999 -9999 -9999 -9999 -9999 -9999 -9999
-9999 -9999 -9999 -9999 -9999 -9999 -9999 -9999 -9999 -9999 -9999 -9999 -9999 -9999 -9999 -9999 15.96103 15.961876 15.962722 15.963489 15.963463 15.963437 15.963411 15.963527 15.96379 15.964053 15.964316 15.964984 15.965677 15.966381 15.967102 15.968213 15.964933 15.96299 15.961046 -9999 -9999 -9999 -9999 -9999 -9999 -9999 -9999 -9999 -9999 -9999 -9999 -9999 -9999 -9999 -9999 -9999 -9999 -9999
-9999 -9999 -9999 -9999 -9999 -9999 -9999 -9999 -9999 -9999 -9999 -9999 -9999 -9999 -9999 15.96103 15.961876 15.962722 15.963489 15.963463 15.963437 15.963411 15.963527 15.96379 15.964053 15.964316 15.965047 15.965772 15.966393 15.967102 15.967863 15.968624 15.968242 15.964933 15.96299 15.961046 -9999 -9999 -9999 -9999 -9999 -9999 -9999 -9999 -9999 -9999 -9999 -9999 -9999 -9999 -9999 -9999 -9999 -9999
-9999 -9999 -9999 -9999 -9999 -9999 -9999 -9999 -9999 -9999 -9999 -9999 -9999 -9999 15.96103 15.961876 15.962722 15.963489 15.963463 15.963437 15.963411 15.963527 15.96379 15.964053 15.964316 15.992256 15.965835 15.96656 15.981137 15.974328 15.968624 15.969384 15.969194 15.967019 15.964933 15.96299 15.961046 -9999 -9999 -9999 -9999 -9999 -9999 -9999 -9999 -9999 -9999 -9999 -9999 -9999 -9999 -9999 -9999 -9999
-9999 -9999 -9999 -9999 -9999 -9999 -9999 -9999 -9999 -9999 -9999 -9999 -9999 15.96103 15.961876 15.962722 15.963489 15.963463 15.963437 15.963411 15.963527 15.96379 15.964053 15.964316 16.009202 16.042714 15.993832 15.981305 16.029646 16.023002 15.975849 15.969194 15.968583 15.967971 15.966877 15.964933 15.96299 15.961046 -9999 -9999 -9999 -9999 -9999 -9999 -9999 -9999 -9999 -9999 -9999 -9999 -9999 -9999 -9999 -9999
-9999 -9999 -9999 -9999 -9999 -9999 -9999 -9999 -9999 -9999 -9999 -9999 15.96103 15.961876 15.962722 15.963489 15.963463 15.963437 15.963411 15.963527 15.96379 15.964053 15.964316 16.009202 16.059488 16.093172 16.058222 16.056976 16.078154 16.071675 16.223355 16.251717 16.246386 16.231067 16.077966 15.966877 15.964933 15.96299 15.961046 -9999 -9999 -9999 -9999 -9999 -9999 -9999 -9999 -9999 -9999 -9999 -9999 -9999 -9999 -9999
-9999 -9999 -9999 -9999 -9999 -9999 -9999 -9999 -9999 -9999 -9999 15.96103 15.961876 15.962722 15.963489 15.963463 15.963437 15.963411 15.963527 15.96379 15.964053 15.964316 16.022457 16.072568 16.122679 16.157592 16.156346 16.1551 16.153854 16.319181 16.558991 16.587824 16.541456 16.384165 16.231063 16.077962 15.966877 15.964933 15.96299 15.961046 -9999 -9999 -9999 -9999 -9999 -9999 -9999 -9999 -9999 -9999 -9999 -9999 -9999 -9999
-9999 -9999 -9999 -9999 -9999 -9999 -9999 -9999 -9999 -9999 15.96103 15.961876 15.962722 15.963489 15.963463 15.963437 15.963411 15.963527 15.96379 15.964053 15.964316 16.098974 16.173553 16.223664 16.258549 16.256599 16.254678 16.253432 16.510683 16.729447 16.894628 16.909751 16.725565 16.541421 16.384131 16.231339 16.078867 15.967378 15.964933 15.96299 15.961046 -9999 -9999 -9999 -9999 -9999 -9999 -9999 -9999 -9999 -9999 -9999 -9999 -9999
-9999 -9999 -9999 -9999 -9999 -9999 -9999 -9999 -9999 15.96103 15.961876 15.962722 15.963489 15.963463 15.963437 15.963411 15.963527 15.96379 15.964053 15.964316 16.098974 16.249895 16.324648 16.490682 16.357119 16.355172 16.353225 16.610261 16.982089 17.201318 17.278044 17.09386 16.909675 16.72553 16.474566 16.28959 16.137647 15.985704 15.968601 15.964933 15.96299 15.961046 -9999 -9999 -9999 -9999 -9999 -9999 -9999 -9999 -9999 -9999 -9999 -9999
-9999 -9999 -9999 -9999 -9999 -9999 -9999 -9999 15.96103 15.961876 15.962722 15.963489 15.963463 15.963437 15.963411 15.963527 15.96379 15.964053 15.964316 16.125158 16.273058 16.400816 16.591667 17.038137 16.623361 16.452803 16.709839 17.081667 17.453495 17.646339 17.462133 17.277959 17.093785 16.864485 16.567427 16.170679 15.985704 15.968938 15.968177 15.967766 15.964933 15.96299 15.961046 -9999 -9999 -9999 -9999 -9999 -9999 -9999 -9999 -9999 -9999 -9999
-9999 -9999 -9999 -9999 -9999 -9999 -9999 15.96103 15.961876 15.962722 15.963489 15.963463 15.963437 15.963411 15.963527 15.96379 15.964053 15.964316 16.089248 16.305431 16.453433 16.676107 17.139122 17.585592 17.172376 16.985304 17.548281 17.918912 18.218024 17.830428 17.646222 17.462048 17.267409 16.957136 16.660288 16.26354 15.968993 15.968177 15.967416 15.966672 15.966255 15.966034 15.96299 15.961046 -9999 -9999 -9999 -9999 -9999 -9999 -9999 -9999 -9999 -9999
-9999 -9999 -9999 -9999 -9999 -9999 15.96103 15.961876 15.962722 15.963489 15.963463 15.963437 15.963411 15.963527 15.96379 15.964053 15.964316 15.964973 16.089329 16.449794 16.735014 17.202523 17.670032 18.133047 17.791071 17.632739 18.518292 19.00975 18.613828 18.217906 17.830311 17.635662 17.430282 17.088389 16.753149 16.273812 15.96864 15.967472 15.966672 15.965968 15.965264 15.964846 15.965223 15.96299 15.961046 -9999 -9999 -9999 -9999 -9999 -9999 -9999 -9999 -9999
-9999 -9999 -9999 -9999 -9999 15.96103 15.961876 15.962722 15.963489 15.963463 15.963437 15.963411 15.963527 15.96379 15.964053 15.964316 15.964973 15.965677 16.08941 16.444517 16.893627 17.375903 17.844235 18.269715 18.440651 18.280173 19.094213 19.213273 19.009719 18.613797 18.207382 17.798535 17.593155 17.251506 16.767748 16.274306 15.968288 15.967016 15.965968 15.965264 15.964559 15.964162 15.963817 15.963767 15.963466 15.961046 -9999 -9999 -9999 -9999 -9999 -9999 -9999 -9999
-9999 -9999 -9999 -9999 15.96103 15.961876 15.962722 15.963489 15.963463 15.963437 15.963411 15.963527 15.96379 15.964053 15.964316 15.964973 15.965677 15.966381 16.084132 16.426276 16.875046 17.41335 17.852775 18.259261 18.571307 18.856094 18.975154 19.094213 19.213273 18.999226 18.58205 18.164875 17.756028 17.276285 16.77614 16.279126 15.967832 15.966313 15.965264 15.964559 15.964162 15.963899 15.963636 15.963291 15.962732 15.962687 15.961046 -9999 -9999 -9999 -9999 -9999 -9999 -9999
-9999 -9999 -9999 15.96103 15.961876 15.962722 15.963489 15.963463 15.963437 15.963411 15.963527 15.96379 15.964053 15.964316 15.964973 15.965677 15.966381 15.967102 16.077181 16.408036 16.856466 17.397974 17.841669 18.248808 18.547179 18.705869 18.856094 18.975154 19.020906 18.976253 18.69404 18.277354 17.78547 17.284683 16.784531 16.284976 15.966905 15.96561 15.964559 15.964162 15.963899 15.963636 15.963401 15.963427 15.963209 15.96236 15.961648 15.961046 -9999 -9999 -9999 -9999 -9999 -9999
-9999 -9999 15.96103 15.961876 15.962722 15.963489 15.963463 15.963437 15.963411 15.963527 15.96379 15.964053 15.964316 15.964973 15.965677 15.966381 15.967102 15.967863 16.077382 16.401084 16.84109 17.384019 17.827945 18.219227 18.388489 18.547179 18.705869 18.782787 18.753365 18.70876 18.652066 18.295332 17.794536 17.29374 16.790382 16.284739 15.965794 15.964683 15.964162 15.963899 15.963636 15.963401 15.963427 15.963452 15.963478 15.963072 15.962226 15.96138 15.960533 -9999 -9999 -9999 -9999 -9999
-9999 15.96103 15.961876 15.962722 15.963489 15.963463 15.963437 15.963411 15.963527 15.96379 15.964053 15.964316 15.964973 15.965677 15.966381 15.967102 15.967863 15.968624 16.077583 16.388728 16.82445 17.370063 17.795745 18.007486 18.219227 18.388489 18.449368 18.444913 18.485824 18.441267 18.634695 18.308831 17.808035 17.304503 16.794415 16.284503 15.964683 15.964162 15.963899 15.963636 15.963401 15.963427 15.963452 15.963478 15.963072 15.962226 15.96138 15.960533 15.961826 -9999 -9999 -9999 -9999 -9999
-9999 15.961876 15.962722 15.963489 15.963463 15.963437 15.963411 15.963527 15.96379 15.964053 15.964316 15.964973 15.965677 15.966381 15.967102 15.967863 15.968624 15.969384 16.065648 16.370807 16.80611 17.328747 17.584004 17.795745 18.007486 18.108117 18.092564 18.087937 18.147951 18.423896 18.64694 18.322331 17.667839 17.138065 16.628867 16.11967 15.964162 15.963899 15.963636 15.963401 15.963427 15.963452 15.963478 15.963072 15.962226 15.96138 15.960533 15.961826 15.963367 -9999 -9999 -9999 -9999 -9999
-9999 -9999 15.963489 15.963463 15.963437 15.963411 15.963527 15.96379 15.964053 15.964316 15.964973 15.965677 15.966381 15.967102 15.967863 15.968624 15.969384 15.969194 16.064535 16.353306 16.763093 17.04592 17.328747 17.584004 17.6651 17.631528 17.711889 17.730962 18.028926 18.355066 18.659186 18.182135 17.159531 16.628867 16.11967 15.964162 15.963899 15.963636 15.963401 15.963427 15.963452 15.963478 15.963072 15.962226 15.96138 15.960533 15.961826 15.963367 15.964908 -9999 -9999 -9999 -9999 -9999
-9999 -9999 -9999 15.963437 15.963411 15.963527 15.96379 15.964053 15.964316 15.964973 15.965677 15.966381 15.967102 15.967863 15.968624 15.969384 15.969194 15.968583 16.063422 16.338774 16.483716 16.763093 17.04592 17.257736 17.188742 17.154939 17.2353 17.280035 17.526321 17.853771 18.204711 17.673827 16.651224 16.11967 15.964162 15.963899 15.963636 15.963401 15.963427 15.963452 15.963478 15.963072 15.962226 15.96138 15.960533 15.961826 15.963367 15.964908 -9999 -9999 -9999 -9999 -9999 -9999
-9999 -9999 -9999 -9999 15.963527 15.96379 15.964053 15.964316 15.964973 15.965677 15.966381 15.967102 15.967863 15.968624 15.969384 15.969194 15.968583 15.967971 16.048889 16.193832 16.338774 16.483716 16.692082 16.83108 16.743066 16.67835 16.791161 16.840079 16.76025 17.030025 17.437223 16.963294 16.142916 15.964162 15.963899 15.963636 15.963401 15.963427 15.963452 15.963478 15.963072 15.962226 15.96138 15.960533 15.961826 15.963367 15.964908 -9999 -9999 -9999 -9999 -9999 -9999 -9999
-9999 -9999 -9999 -9999 -9999 15.964053 15.964316 15.964973 15.965677 15.966381 15.967102 15.967863 15.968624 15.969384 15.969194 15.968583 15.967971 15.967417 15.967417 16.048889 16.193832 16.339076 16.272504 16.404423 16.316829 16.404681 16.350865 16.400123 16.396637 16.379586 16.669735 16.197839 15.964162 15.963899 15.963636 15.963401 15.963427 15.963452 15.963478 15.963072 15.962226 15.96138 15.960533 15.961826 15.963367 15.964908 -9999 -9999 -9999 -9999 -9999 -9999 -9999 -9999
-9999 -9999 -9999 -9999 -9999 -9999 15.964973 15.965677 15.966381 15.967102 15.967863 15.968624 15.969384 15.969194 15.968583 15.967971 15.967417 15.967417 15.967417 15.967417 16.049191 16.194745 16.128674 15.984845 16.126513 16.242859 16.081038 16.036509 16.215868 16.199441 16.019296 15.964162 15.963899 15.963636 15.963401 15.963427 15.963452 15.963478 15.963072 15.962226 15.96138 15.960533 15.961826 15.963367 15.964908 -9999 -9999 -9999 -9999 -9999 -9999 -9999 -9999 -9999
-9999 -9999 -9999 -9999 -9999 -9999 -9999 15.966381 15.967102 15.967863 15.968624 15.969384 15.969194 15.968583 15.967971 15.967417 15.967417 15.967417 15.967417 15.967719 15.96833 16.050414 15.984845 15.968938 15.968177 16.081038 15.966672 15.965968 16.0351 16.019296 15.964162 15.963899 15.963636 15.963401 15.963427 15.963452 15.963478 15.963072 15.962226 15.96138 15.960533 15.961826 15.963367 15.964908 -9999 -9999 -9999 -9999 -9999 -9999 -9999 -9999 -9999 -9999
-9999 -9999 -9999 -9999 -9999 -9999 -9999 -9999 15.967863 15.968624 15.969384 15.969194 15.968583 15.967971 15.967417 15.967417 15.967417 15.967417 15.967719 15.96833 15.968942 15.969553 15.968938 15.968177 15.967416 15.966672 15.965968 15.965264 15.964559 15.964162 15.963899 15.963636 15.963401 15.963427 15.963452 15.963478 15.963072 15.962226 15.96138 15.960533 15.961826 15.963367 15.964908 -9999 -9999 -9999 -9999 -9999 -9999 -9999 -9999 -9999 -9999 -9999
-9999 -9999 -9999 -9999 -9999 -9999 -9999 -9999 -9999 15.969384 15.969194 15.968583 15.967971 15.967417 15.967417 15.967417 15.967417 15.967719 15.96833 15.968942 15.969553 15.968938 15.968177 15.967416 15.966672 15.965968 15.965264 15.964559 15.964162 15.963899 15.963636 15.963401 15.963427 15.963452 15.963478 15.963072 15.962226 15.96138 15.960533 15.961826 15.963367 15.964908 -9999 -9999 -9999 -9999 -9999 -9999 -9999 -9999 -9999 -9999 -9999 -9999
-9999 -9999 -9999 -9999 -9999 -9999 -9999 -9999 -9999 -9999 15.968583 15.967971 15.967417 15.967417 15.967417 15.967417 15.967719 15.96833 15.968942 15.969553 15.968938 15.968177 15.967416 15.966672 15.965968 15.965264 15.964559 15.964162 15.963899 15.963636 15.963401 15.963427 15.963452 15.963478 15.963072 15.962226 15.96138 15.960533 15.961826 15.963367 15.964908 -9999 -9999 -9999 -9999 -9999 -9999 -9999 -9999 -9999 -9999 -9999 -9999 -9999
-9999 -9999 -9999 -9999 -9999 -9999 -9999 -9999 -9999 -9999 -9999 15.967417 15.967417 15.967417 15.967417 15.967719 15.96833 15.968942 15.969553 15.968938 15.968177 15.967416 15.966672 15.965968 15.965264 15.964559 15.964162 15.963899 15.963636 15.963401 15.963427 15.963452 15.963478 15.963072 15.962226 15.96138 15.960533 15.961826 15.963367 15.964908 -9999 -9999 -9999 -9999 -9999 -9999 -9999 -9999 -9999 -9999 -9999 -9999 -9999 -9999
-9999 -9999 -9999 -9999 -9999 -9999 -9999 -9999 -9999 -9999 -9999 -9999 15.967417 15.967417 15.967719 15.96833 15.968942 15.969553 15.968938 15.968177 15.967416 15.966672 15.965968 15.965264 15.964559 15.964162 15.963899 15.963636 15.963401 15.963427 15.963452 15.963478 15.963072 15.962226 15.96138 15.960533 15.961826 15.963367 15.964908 -9999 -9999 -9999 -9999 -9999 -9999 -9999 -9999 -9999 -9999 -9999 -9999 -9999 -9999 -9999
-9999 -9999 -9999 -9999 -9999 -9999 -9999 -9999 -9999 -9999 -9999 -9999 -9999 15.967719 15.96833 15.968942 15.969553 15.968938 15.968177 15.967416 15.966672 15.965968 15.965264 15.964559 15.964162 15.963899 15.963636 15.963401 15.963427 15.963452 15.963478 15.963072 15.962226 15.96138 15.960533 15.961826 15.963367 15.964908 -9999 -9999 -9999 -9999 -9999 -9999 -9999 -9999 -9999 -9999 -9999 -9999 -9999 -9999 -9999 -9999
-9999 -9999 -9999 -9999 -9999 -9999 -9999 -9999 -9999 -9999 -9999 -9999 -9999 -9999 15.968942 15.969553 15.968938 15.968177 15.967416 15.966672 15.965968 15.965264 15.964559 15.964162 15.963899 15.963636 15.963401 15.963427 15.963452 15.963478 15.963072 15.962226 15.96138 15.960533 15.961826 15.963367 15.964908 -9999 -9999 -9999 -9999 -9999 -9999 -9999 -9999 -9999 -9999 -9999 -9999 -9999 -9999 -9999 -9999 -9999
