test/data/morpho2_32m/processor_outputs/default/OUTPUT_T_315_0_23h.tif
NCOLS 54
NROWS 54
XLLCORNER 354593.69
YLLCORNER 6687434.7
DX 19.678195
DY 19.678195
NODATA_VALUE -9999
[rows 0 to 38 of 54, columns 0 to 53 of 54]
-9999 -9999 -9999 -9999 -9999 -9999 -9999 -9999 -9999 -9999 -9999 -9999 -9999 -9999 -9999 -9999 -9999 -9999 -9999 -9999 -9999 -9999 -9999 -9999 -9999 -9999 -9999 -9999 -9999 -9999 -9999 -9999 -9999 -9999 -9999 -9999 -9999 -9999 -9999 -9999 -9999 -9999 -9999 -9999 -9999 -9999 -9999 -9999 -9999 -9999 -9999 -9999 -9999 -9999
-9999 -9999 -9999 -9999 -9999 -9999 -9999 -9999 -9999 -9999 -9999 -9999 -9999 -9999 -9999 -9999 -9999 -9999 -9999 -9999 -9999 -9999 -9999 -9999 -9999 -9999 -9999 -9999 16.927287 16.927053 -9999 -9999 -9999 -9999 -9999 -9999 -9999 -9999 -9999 -9999 -9999 -9999 -9999 -9999 -9999 -9999 -9999 -9999 -9999 -9999 -9999 -9999 -9999 -9999
-9999 -9999 -9999 -9999 -9999 -9999 -9999 -9999 -9999 -9999 -9999 -9999 -9999 -9999 -9999 -9999 -9999 -9999 -9999 -9999 -9999 -9999 -9999 -9999 -9999 -9999 -9999 16.927835 16.92752 16.927287 16.927053 -9999 -9999 -9999 -9999 -9999 -9999 -9999 -9999 -9999 -9999 -9999 -9999 -9999 -9999 -9999 -9999 -9999 -9999 -9999 -9999 -9999 -9999 -9999
-9999 -9999 -9999 -9999 -9999 -9999 -9999 -9999 -9999 -9999 -9999 -9999 -9999 -9999 -9999 -9999 -9999 -9999 -9999 -9999 -9999 -9999 -9999 -9999 -9999 -9999 16.930101 16.928968 16.927835 16.92752 16.927287 16.927053 -9999 -9999 -9999 -9999 -9999 -9999 -9999 -9999 -9999 -9999 -9999 -9999 -9999 -9999 -9999 -9999 -9999 -9999 -9999 -9999 -9999 -9999
-9999 -9999 -9999 -9999 -9999 -9999 -9999 -9999 -9999 -9999 -9999 -9999 -9999 -9999 -9999 -9999 -9999 -9999 -9999 -9999 -9999 -9999 -9999 -9999 -9999 16.931519 16.931234 16.930101 16.928968 16.927835 16.92752 16.927287 16.927053 -9999 -9999 -9999 -9999 -9999 -9999 -9999 -9999 -9999 -9999 -9999 -9999 -9999 -9999 -9999 -9999 -9999 -9999 -9999 -9999 -9999
-9999 -9999 -9999 -9999 -9999 -9999 -9999 -9999 -9999 -9999 -9999 -9999 -9999 -9999 -9999 -9999 -9999 -9999 -9999 -9999 -9999 -9999 -9999 -9999 16.930335 16.930927 16.931519 16.931234 16.930101 16.928968 16.927835 16.92752 16.927287 16.927053 -9999 -9999 -9999 -9999 -9999 -9999 -9999 -9999 -9999 -9999 -9999 -9999 -9999 -9999 -9999 -9999 -9999 -9999 -9999 -9999
-9999 -9999 -9999 -9999 -9999 -9999 -9999 -9999 -9999 -9999 -9999 -9999 -9999 -9999 -9999 -9999 -9999 -9999 -9999 -9999 -9999 -9999 -9999 16.92486 16.929743 16.930335 16.930927 16.931519 16.931234 16.930101 16.928968 16.927835 16.92752 16.927287 16.927053 -9999 -9999 -9999 -9999 -9999 -9999 -9999 -9999 -9999 -9999 -9999 -9999 -9999 -9999 -9999 -9999 -9999 -9999 -9999
-9999 -9999 -9999 -9999 -9999 -9999 -9999 -9999 -9999 -9999 -9999 -9999 -9999 -9999 -9999 -9999 -9999 -9999 -9999 -9999 -9999 -9999 16.914057 16.919459 16.92486 16.929743 16.930335 16.930927 16.931519 16.931234 16.930101 16.928968 16.927835 16.92752 16.927287 16.927053 -9999 -9999 -9999 -9999 -9999 -9999 -9999 -9999 -9999 -9999 -9999 -9999 -9999 -9999 -9999 -9999 -9999 -9999
-9999 -9999 -9999 -9999 -9999 -9999 -9999 -9999 -9999 -9999 -9999 -9999 -9999 -9999 -9999 -9999 -9999 -9999 -9999 -9999 -9999 16.91527 16.911375 16.914057 16.919459 16.92486 16.929743 16.930335 16.930927 16.931519 16.931234 16.930101 16.928968 16.927835 16.92752 16.927287 16.927053 -9999 -9999 -9999 -9999 -9999 -9999 -9999 -9999 -9999 -9999 -9999 -9999 -9999 -9999 -9999 -9999 -9999
-9999 -9999 -9999 -9999 -9999 -9999 -9999 -9999 -9999 -9999 -9999 -9999 -9999 -9999 -9999 -9999 -9999 -9999 -9999 -9999 16.923059 16.919164 16.91527 16.911375 16.914057 16.919459 16.92486 16.929743 16.930335 16.930927 16.931519 16.931234 16.930101 16.928968 16.927835 16.92752 16.927287 16.927053 -9999 -9999 -9999 -9999 -9999 -9999 -9999 -9999 -9999 -9999 -9999 -9999 -9999 -9999 -9999 -9999
-9999 -9999 -9999 -9999 -9999 -9999 -9999 -9999 -9999 -9999 -9999 -9999 -9999 -9999 -9999 -9999 -9999 -9999 -9999 16.928506 16.925995 16.923059 16.919164 16.91527 16.911375 16.914057 16.919459 16.92486 16.929743 16.930335 16.930927 16.931519 16.931234 16.930101 16.928968 16.927835 16.92752 16.927287 16.927053 -9999 -9999 -9999 -9999 -9999 -9999 -9999 -9999 -9999 -9999 -9999 -9999 -9999 -9999 -9999
-9999 -9999 -9999 -9999 -9999 -9999 -9999 -9999 -9999 -9999 -9999 -9999 -9999 -9999 -9999 -9999 -9999 -9999 16.933363 16.931016 16.928506 16.925995 16.923059 16.919164 16.91527 16.911375 16.914057 16.919459 16.92486 16.929743 16.930335 16.930927 16.931519 16.931234 16.930101 16.928968 16.927835 16.92752 16.927287 16.927053 -9999 -9999 -9999 -9999 -9999 -9999 -9999 -9999 -9999 -9999 -9999 -9999 -9999 -9999
-9999 -9999 -9999 -9999 -9999 -9999 -9999 -9999 -9999 -9999 -9999 -9999 -9999 -9999 -9999 -9999 -9999 16.934864 16.934113 16.933363 16.931016 16.928506 16.925995 16.923059 16.919164 16.91527 16.911375 16.914057 16.919459 16.92486 16.929743 16.930335 16.930927 16.931519 16.931234 16.930101 16.928968 16.927835 16.92752 16.927287 16.927053 -9999 -9999 -9999 -9999 -9999 -9999 -9999 -9999 -9999 -9999 -9999 -9999 -9999
-9999 -9999 -9999 -9999 -9999 -9999 -9999 -9999 -9999 -9999 -9999 -9999 -9999 -9999 -9999 -9999 16.934319 16.935614 16.934864 16.934113 16.933363 16.931016 16.928506 16.925995 16.923059 16.919164 16.91527 16.911375 16.914057 16.919459 16.92486 16.929743 16.930335 16.930927 16.931519 16.931234 16.930101 16.928968 16.927835 16.92752 16.927287 16.927053 -9999 -9999 -9999 -9999 -9999 -9999 -9999 -9999 -9999 -9999 -9999 -9999
-9999 -9999 -9999 -9999 -9999 -9999 -9999 -9999 -9999 -9999 -9999 -9999 -9999 -9999 -9999 16.927536 16.930927 16.934319 16.935614 16.934864 16.934113 16.933363 16.931016 16.928506 16.925995 16.923059 16.919164 16.91527 16.911375 16.914057 16.919459 16.92486 16.929743 16.930335 16.930927 16.931519 16.931234 16.930101 16.928968 16.927835 16.92752 16.927287 16.927053 -9999 -9999 -9999 -9999 -9999 -9999 -9999 -9999 -9999 -9999 -9999
-9999 -9999 -9999 -9999 -9999 -9999 -9999 -9999 -9999 -9999 -9999 -9999 -9999 -9999 16.923453 16.924144 16.927536 16.930927 16.934319 16.935614 16.934864 16.934113 16.933363 16.931016 16.928506 16.925995 16.923059 16.919164 16.91527 16.911375 16.914057 16.919459 16.92486 16.929743 16.930335 16.930927 16.931519 16.931234 16.930101 16.928968 16.927835 16.92752 16.927287 16.927053 -9999 -9999 -9999 -9999 -9999 -9999 -9999 -9999 -9999 -9999
-9999 -9999 -9999 -9999 -9999 -9999 -9999 -9999 -9999 -9999 -9999 -9999 -9999 16.922713 16.923083 16.923453 16.924144 16.927536 16.930927 16.934319 16.935614 16.934864 16.934113 16.933363 16.931016 16.928506 16.925995 16.923059 16.919164 16.91527 16.911375 16.914057 16.919459 16.92486 16.929743 16.930335 16.930927 16.931519 16.931234 16.930101 16.928968 16.927835 16.92752 16.927287 16.927053 -9999 -9999 -9999 -9999 -9999 -9999 -9999 -9999 -9999
-9999 -9999 -9999 -9999 -9999 -9999 -9999 -9999 -9999 -9999 -9999 -9999 16.92314 16.922608 16.922713 16.923083 16.923453 16.924144 16.927536 16.930927 16.934319 16.935614 16.934864 16.934113 16.933363 16.931016 16.928506 16.925995 16.923059 16.919164 16.81521 16.881463 16.914057 16.919459 16.92486 16.929743 16.930335 16.930927 16.931519 16.931234 16.930101 16.928968 16.927835 16.92752 16.927287 16.927053 -9999 -9999 -9999 -9999 -9999 -9999 -9999 -9999
-9999 -9999 -9999 -9999 -9999 -9999 -9999 -9999 -9999 -9999 -9999 16.924203 16.923671 16.92314 16.922608 16.922713 16.923083 16.923453 16.924144 16.927536 16.930927 16.934319 16.935614 16.934864 16.934113 16.879013 16.867342 16.864497 16.861651 16.822999 16.716477 16.783085 16.838405 16.838259 16.843276 16.848293 16.929743 16.930335 16.930927 16.931519 16.931234 16.930101 16.928968 16.927835 16.92752 16.927287 16.927053 -9999 -9999 -9999 -9999 -9999 -9999 -9999
-9999 -9999 -9999 -9999 -9999 -9999 -9999 -9999 -9999 -9999 16.928514 16.926066 16.924203 16.923671 16.92314 16.922608 16.922713 16.923083 16.923453 16.924144 16.927536 16.930927 16.934319 16.935614 16.880514 16.783074 16.685633 16.673962 16.584854 16.599552 16.617744 16.641649 16.629009 16.616369 16.616223 16.725972 16.843753 16.929743 16.930335 16.930927 16.931519 16.931234 16.930101 16.928968 16.927835 16.92752 16.927287 16.927053 -9999 -9999 -9999 -9999 -9999 -9999
-9999 -9999 -9999 -9999 -9999 -9999 -9999 -9999 -9999 16.933134 16.930962 16.928514 16.926066 16.924203 16.923671 16.92314 16.922608 16.922713 16.923083 16.923453 16.924144 16.927536 16.930927 16.879473 16.783639 16.686196 16.588753 16.405908 16.305842 16.320826 16.363411 16.355185 16.342298 16.329412 16.478302 16.629717 16.747429 16.850995 16.929743 16.930335 16.930927 16.931519 16.931234 16.930101 16.928968 16.927835 16.92752 16.927287 16.927053 -9999 -9999 -9999 -9999 -9999
-9999 -9999 -9999 -9999 -9999 -9999 -9999 -9999 16.932251 16.932693 16.933134 16.930962 16.928514 16.926066 16.924203 16.923671 16.92314 16.922608 16.922713 16.923083 16.923453 16.924144 16.872689 16.778507 16.684324 16.588491 16.405647 16.22061 16.035574 16.011215 16.005053 15.998892 15.990665 16.139555 16.328708 16.517862 16.658348 16.78858 16.873897 16.929743 16.930335 16.930927 16.931519 16.931234 16.930101 16.928968 16.927835 16.92752 16.927287 16.927053 -9999 -9999 -9999 -9999
-9999 -9999 -9999 -9999 -9999 -9999 -9999 16.93164 16.93181 16.932251 16.932693 16.933134 16.930962 16.928514 16.926066 16.924203 16.923671 16.92314 16.922608 16.922713 16.923083 16.923453 16.913849 16.820005 16.72616 16.488924 16.220349 16.035312 15.868042 15.728812 15.71037 15.704357 15.700087 15.755354 15.943965 16.23151 16.61396 16.726166 16.811365 16.895139 16.929743 16.930335 16.930927 16.931519 16.931234 16.930101 16.928968 16.927835 16.92752 16.927287 16.927053 -9999 -9999 -9999
-9999 -9999 -9999 -9999 -9999 -9999 16.931855 16.931748 16.93164 16.93181 16.932251 16.932693 16.933134 16.930962 16.928514 16.926066 16.924203 16.923671 16.92314 16.922608 16.922713 16.923083 16.923453 16.913849 16.713072 16.47283 16.118589 15.86778 15.72855 15.58932 15.450091 15.433392 15.429556 15.42572 15.579923 16.231743 16.613182 16.681778 16.770075 16.866516 16.90404 16.929743 16.930335 16.930927 16.931519 16.931234 16.930101 16.928968 16.927835 16.92752 16.927287 16.927053 -9999 -9999
-9999 -9999 -9999 -9999 -9999 16.930926 16.931963 16.931855 16.931748 16.93164 16.93181 16.932251 16.932693 16.933134 16.930962 16.928514 16.926066 16.924203 16.923671 16.92314 16.922608 16.922713 16.923083 16.914247 16.697239 16.456736 16.120261 15.811827 15.589059 15.449829 15.338083 15.233178 15.220013 15.22179 15.455838 16.231976 16.612404 16.681 16.749596 16.837893 16.8753 16.90404 16.929743 16.930335 16.930927 16.931519 16.931234 16.930101 16.928968 16.927835 16.92752 16.927287 16.927053 -9999
-9999 -9999 -9999 -9999 16.928586 16.929756 16.930926 16.931963 16.931855 16.931748 16.93164 16.93181 16.932251 16.932693 16.933134 16.930962 16.928514 16.926066 16.924203 16.923671 16.92314 16.922608 16.922713 16.913497 16.694892 16.446295 16.137713 15.829131 15.520549 15.337822 15.232917 15.128011 15.028607 15.0412 15.27665 16.107891 16.611747 16.680344 16.748941 16.817263 16.855688 16.884523 16.913358 16.929743 16.930335 16.930927 16.931519 16.931234 16.930101 16.928968 16.927835 16.92752 16.927287 16.927053
-9999 -9999 -9999 -9999 -9999 16.928586 16.929756 16.930926 16.931963 16.931855 16.931748 16.93164 16.93181 16.932251 16.932693 16.933134 16.930962 16.928514 16.926066 16.924203 16.923671 16.92314 16.922608 16.912748 16.665992 16.374805 16.081776 15.773193 15.500705 15.27927 15.12775 15.028346 14.949198 14.87005 15.097462 15.74594 16.285438 16.680316 16.748639 16.810262 16.871885 16.91031 16.926795 16.928319 16.929743 16.930335 16.930927 16.931519 16.931234 16.930101 16.928968 16.927835 16.92752 -9999
-9999 -9999 -9999 -9999 -9999 -9999 16.928586 16.929756 16.930926 16.931963 16.931855 16.931748 16.93164 16.93181 16.932251 16.932693 16.933134 16.930962 16.928514 16.926066 16.924203 16.923671 16.92314 16.877057 16.637046 16.346083 16.05512 15.753349 15.489844 15.268521 15.077379 14.948936 14.869789 14.790641 14.930465 15.445596 15.985912 16.516947 16.746751 16.808398 16.870046 16.924113 16.925271 16.926795 16.928319 16.929743 16.930335 16.930927 16.931519 16.931234 16.930101 16.928968 -9999 -9999
-9999 -9999 -9999 -9999 -9999 -9999 -9999 16.928586 16.929756 16.930926 16.931963 16.931855 16.931748 16.93164 16.93181 16.932251 16.932693 16.933134 16.930962 16.928514 16.926066 16.924203 16.87812 16.760143 16.642166 16.402155 16.095388 15.784687 15.478983 15.265952 15.104934 14.922315 14.790379 14.930203 15.200596 15.470988 15.97684 16.281178 16.585516 16.81532 16.873757 16.92384 16.924113 16.925271 16.926795 16.928319 16.929743 16.930335 16.930927 16.931519 16.931234 -9999 -9999 -9999
-9999 -9999 -9999 -9999 -9999 -9999 -9999 -9999 16.928586 16.929756 16.930926 16.931963 16.931855 16.931748 16.93164 16.93181 16.932251 16.932693 16.933134 16.930962 16.928514 16.926066 16.888501 16.77093 16.653359 16.224892 15.856099 15.54453 15.351377 15.293507 15.132489 14.949827 14.979545 15.19463 15.465005 15.73001 15.863827 16.152552 16.457217 16.761881 16.873578 16.923567 16.92384 16.924113 16.925271 16.926795 16.928319 16.929743 16.930335 16.930927 -9999 -9999 -9999 -9999
-9999 -9999 -9999 -9999 -9999 -9999 -9999 -9999 -9999 16.928586 16.929756 16.930926 16.931963 16.931855 16.931748 16.93164 16.93181 16.932251 16.932693 16.933134 16.930962 16.928514 16.926066 16.888501 16.460033 15.954189 15.448344 15.197969 15.440825 15.375681 15.160044 15.193125 15.351513 15.509901 15.719615 15.853433 15.987251 16.121068 16.409793 16.714458 16.840421 16.923294 16.923567 16.92384 16.924113 16.925271 16.926795 16.928319 16.929743 -9999 -9999 -9999 -9999 -9999
-9999 -9999 -9999 -9999 -9999 -9999 -9999 -9999 -9999 -9999 16.928586 16.929756 16.930926 16.931963 16.931855 16.931748 16.93164 16.93181 16.932251 16.932693 16.933134 16.930962 16.928514 16.926066 16.770472 16.265971 15.761469 15.409837 15.530272 15.464322 15.388969 15.416567 15.574617 15.731248 15.853224 15.981201 16.115028 16.248855 16.378836 16.667034 16.792646 16.871273 16.923294 16.923567 16.924189 16.925717 16.927537 16.929555 -9999 -9999 -9999 -9999 -9999 -9999
-9999 -9999 -9999 -9999 -9999 -9999 -9999 -9999 -9999 -9999 -9999 16.928586 16.929756 16.930926 16.931963 16.931855 16.931748 16.93164 16.93181 16.932251 16.932693 16.933134 16.930962 16.928514 16.926066 16.770472 16.265971 15.914913 15.74214 15.699715 15.711866 15.724018 15.750197 15.872173 15.99415 16.116126 16.244102 16.37793 16.5079 16.636077 16.721356 16.796314 16.871273 16.923919 16.926558 16.928706 16.929798 -9999 -9999 -9999 -9999 -9999 -9999 -9999
-9999 -9999 -9999 -9999 -9999 -9999 -9999 -9999 -9999 -9999 -9999 -9999 16.928586 16.929756 16.930926 16.931963 16.931855 16.931748 16.93164 16.93181 16.932251 16.932693 16.933134 16.930962 16.928514 16.926066 16.770472 16.41999 16.247216 16.074443 16.032123 16.044324 16.057844 16.082859 16.20496 16.322393 16.409446 16.507004 16.636965 16.719665 16.795272 16.87053 16.925578 16.927732 16.929019 16.930041 -9999 -9999 -9999 -9999 -9999 -9999 -9999 -9999
-9999 -9999 -9999 -9999 -9999 -9999 -9999 -9999 -9999 -9999 -9999 -9999 -9999 16.928586 16.929756 16.930926 16.931963 16.931855 16.931748 16.93164 16.93181 16.932251 16.932693 16.933134 16.930962 16.928514 16.926066 16.871487 16.698138 16.52479 16.35797 16.365338 16.378853 16.392368 16.41324 16.525018 16.611982 16.672348 16.720507 16.796113 16.87172 16.926758 16.92824 16.929262 16.930284 -9999 -9999 -9999 -9999 -9999 -9999 -9999 -9999 -9999
-9999 -9999 -9999 -9999 -9999 -9999 -9999 -9999 -9999 -9999 -9999 -9999 -9999 -9999 16.928586 16.929756 16.930926 16.931963 16.931855 16.931748 16.93164 16.93181 16.932251 16.932693 16.933134 16.930962 16.928514 16.926066 16.871487 16.704666 16.697313 16.68996 16.697328 16.637105 16.574125 16.727643 16.814518 16.826846 16.831682 16.872348 16.927386 16.928483 16.929505 16.930527 -9999 -9999 -9999 -9999 -9999 -9999 -9999 -9999 -9999 -9999
-9999 -9999 -9999 -9999 -9999 -9999 -9999 -9999 -9999 -9999 -9999 -9999 -9999 -9999 -9999 16.928586 16.929756 16.930926 16.931963 16.931855 16.931748 16.93164 16.93181 16.932251 16.932693 16.933134 16.930962 16.928514 16.926066 16.921947 16.914019 16.906091 16.898629 16.792514 16.730067 16.888528 16.91135 16.915923 16.920496 16.927705 16.928726 16.929748 16.93077 -9999 -9999 -9999 -9999 -9999 -9999 -9999 -9999 -9999 -9999 -9999
-9999 -9999 -9999 -9999 -9999 -9999 -9999 -9999 -9999 -9999 -9999 -9999 -9999 -9999 -9999 -9999 16.928586 16.929756 16.930926 16.931963 16.931855 16.931748 16.93164 16.93181 16.932251 16.932693 16.933134 16.930962 16.928514 16.926066 16.921947 16.914019 16.906566 16.904485 16.88601 16.908481 16.90974 16.91135 16.921478 16.928969 16.929991 16.931013 -9999 -9999 -9999 -9999 -9999 -9999 -9999 -9999 -9999 -9999 -9999 -9999
-9999 -9999 -9999 -9999 -9999 -9999 -9999 -9999 -9999 -9999 -9999 -9999 -9999 -9999 -9999 -9999 -9999 16.928586 16.929756 16.930926 16.931963 16.931855 16.931748 16.93164 16.93181 16.932251 16.932693 16.933134 16.930962 16.928514 16.926066 16.921947 16.914504 16.912423 16.907809 16.907222 16.908481 16.912522 16.929212 16.930234 16.931255 -9999 -9999 -9999 -9999 -9999 -9999 -9999 -9999 -9999 -9999 -9999 -9999 -9999
