test/data/morpho2_32m/processor_outputs/default/OUTPUT_T_225_0_23h.tif
NCOLS 54
NROWS 54
XLLCORNER 354593.69
YLLCORNER 6687434.7
DX 19.678195
DY 19.678195
NODATA_VALUE -9999
[rows 0 to 39 of 54, columns 0 to 53 of 54]
-9999 -9999 -9999 -9999 -9999 -9999 -9999 -9999 -9999 -9999 -9999 -9999 -9999 -9999 -9999 -9999 -9999 -9999 -9999 -9999 -9999 -9999 -9999 -9999 -9999 18.305271 -9999 -9999 -9999 -9999 -9999 -9999 -9999 -9999 -9999 -9999 -9999 -9999 -9999 -9999 -9999 -9999 -9999 -9999 -9999 -9999 -9999 -9999 -9999 -9999 -9999 -9999 -9999 -9999
-9999 -9999 -9999 -9999 -9999 -9999 -9999 -9999 -9999 -9999 -9999 -9999 -9999 -9999 -9999 -9999 -9999 -9999 -9999 -9999 -9999 -9999 -9999 -9999 18.30523 18.303163 18.305942 -9999 -9999 -9999 -9999 -9999 -9999 -9999 -9999 -9999 -9999 -9999 -9999 -9999 -9999 -9999 -9999 -9999 -9999 -9999 -9999 -9999 -9999 -9999 -9999 -9999 -9999 -9999
-9999 -9999 -9999 -9999 -9999 -9999 -9999 -9999 -9999 -9999 -9999 -9999 -9999 -9999 -9999 -9999 -9999 -9999 -9999 -9999 -9999 -9999 -9999 18.30523 18.303248 18.301182 18.30066 18.305873 -9999 -9999 -9999 -9999 -9999 -9999 -9999 -9999 -9999 -9999 -9999 -9999 -9999 -9999 -9999 -9999 -9999 -9999 -9999 -9999 -9999 -9999 -9999 -9999 -9999 -9999
-9999 -9999 -9999 -9999 -9999 -9999 -9999 -9999 -9999 -9999 -9999 -9999 -9999 -9999 -9999 -9999 -9999 -9999 -9999 -9999 -9999 -9999 18.30523 18.303248 18.301266 18.299201 18.29687 18.299053 18.305803 -9999 -9999 -9999 -9999 -9999 -9999 -9999 -9999 -9999 -9999 -9999 -9999 -9999 -9999 -9999 -9999 -9999 -9999 -9999 -9999 -9999 -9999 -9999 -9999 -9999
-9999 -9999 -9999 -9999 -9999 -9999 -9999 -9999 -9999 -9999 -9999 -9999 -9999 -9999 -9999 -9999 -9999 -9999 -9999 -9999 -9999 18.30523 18.303248 18.301266 18.299264 18.297057 18.294788 18.296049 18.302056 18.305734 -9999 -9999 -9999 -9999 -9999 -9999 -9999 -9999 -9999 -9999 -9999 -9999 -9999 -9999 -9999 -9999 -9999 -9999 -9999 -9999 -9999 -9999 -9999 -9999
-9999 -9999 -9999 -9999 -9999 -9999 -9999 -9999 -9999 -9999 -9999 -9999 -9999 -9999 -9999 -9999 -9999 -9999 -9999 -9999 18.30523 18.303248 18.301266 18.299264 18.297057 18.29485 18.292644 18.292259 18.295599 18.303876 18.305665 -9999 -9999 -9999 -9999 -9999 -9999 -9999 -9999 -9999 -9999 -9999 -9999 -9999 -9999 -9999 -9999 -9999 -9999 -9999 -9999 -9999 -9999 -9999
-9999 -9999 -9999 -9999 -9999 -9999 -9999 -9999 -9999 -9999 -9999 -9999 -9999 -9999 -9999 -9999 -9999 -9999 -9999 18.30523 18.303248 18.301266 18.299264 18.297057 18.29485 18.292644 18.29132 18.290909 18.291438 18.291423 18.303806 18.305596 -9999 -9999 -9999 -9999 -9999 -9999 -9999 -9999 -9999 -9999 -9999 -9999 -9999 -9999 -9999 -9999 -9999 -9999 -9999 -9999 -9999 -9999
-9999 -9999 -9999 -9999 -9999 -9999 -9999 -9999 -9999 -9999 -9999 -9999 -9999 -9999 -9999 -9999 -9999 -9999 18.30523 18.303248 18.301266 18.299264 18.297057 18.29485 18.292644 18.29132 18.290909 18.290499 18.290088 18.290986 18.294291 18.303737 18.305527 -9999 -9999 -9999 -9999 -9999 -9999 -9999 -9999 -9999 -9999 -9999 -9999 -9999 -9999 -9999 -9999 -9999 -9999 -9999 -9999 -9999
-9999 -9999 -9999 -9999 -9999 -9999 -9999 -9999 -9999 -9999 -9999 -9999 -9999 -9999 -9999 -9999 -9999 18.30523 18.303248 18.301266 18.299264 18.297057 18.29485 18.292644 18.29132 18.290909 18.290499 18.290088 18.289868 18.289671 18.289506 18.300783 18.303668 18.305457 -9999 -9999 -9999 -9999 -9999 -9999 -9999 -9999 -9999 -9999 -9999 -9999 -9999 -9999 -9999 -9999 -9999 -9999 -9999 -9999
-9999 -9999 -9999 -9999 -9999 -9999 -9999 -9999 -9999 -9999 -9999 -9999 -9999 -9999 -9999 -9999 18.30523 18.303248 18.301266 18.299264 18.297057 18.29485 18.292644 18.29132 18.290909 18.290499 18.290088 18.289868 18.289671 18.289473 18.288498 18.283793 18.301809 18.303599 18.305388 -9999 -9999 -9999 -9999 -9999 -9999 -9999 -9999 -9999 -9999 -9999 -9999 -9999 -9999 -9999 -9999 -9999 -9999 -9999
-9999 -9999 -9999 -9999 -9999 -9999 -9999 -9999 -9999 -9999 -9999 -9999 -9999 -9999 -9999 18.30523 18.303248 18.301266 18.299264 18.297057 18.29485 18.292644 18.29132 18.290909 18.290499 18.290088 18.289868 18.289671 18.289473 18.288498 18.285642 18.282785 18.286527 18.30174 18.303529 18.305319 -9999 -9999 -9999 -9999 -9999 -9999 -9999 -9999 -9999 -9999 -9999 -9999 -9999 -9999 -9999 -9999 -9999 -9999
-9999 -9999 -9999 -9999 -9999 -9999 -9999 -9999 -9999 -9999 -9999 -9999 -9999 -9999 18.30523 18.303248 18.301266 18.299264 18.297057 18.29485 18.292644 18.29132 18.290909 18.290499 18.290088 18.277351 18.289671 18.289473 18.281383 18.282348 18.282785 18.279929 18.282455 18.29635 18.301671 18.30346 18.30525 -9999 -9999 -9999 -9999 -9999 -9999 -9999 -9999 -9999 -9999 -9999 -9999 -9999 -9999 -9999 -9999 -9999
-9999 -9999 -9999 -9999 -9999 -9999 -9999 -9999 -9999 -9999 -9999 -9999 -9999 18.30523 18.303248 18.301266 18.299264 18.297057 18.29485 18.292644 18.29132 18.290909 18.290499 18.290088 18.269555 18.254303 18.276956 18.281383 18.254196 18.255076 18.276634 18.282455 18.287366 18.292278 18.298699 18.301602 18.303391 18.305181 -9999 -9999 -9999 -9999 -9999 -9999 -9999 -9999 -9999 -9999 -9999 -9999 -9999 -9999 -9999 -9999
-9999 -9999 -9999 -9999 -9999 -9999 -9999 -9999 -9999 -9999 -9999 -9999 18.30523 18.303248 18.301266 18.299264 18.297057 18.29485 18.292644 18.29132 18.290909 18.290499 18.290088 18.269555 18.246587 18.231256 18.245208 18.24016 18.227009 18.227805 18.155421 18.17904 18.19196 18.201796 18.257643 18.299743 18.301532 18.303322 18.305111 -9999 -9999 -9999 -9999 -9999 -9999 -9999 -9999 -9999 -9999 -9999 -9999 -9999 -9999 -9999
-9999 -9999 -9999 -9999 -9999 -9999 -9999 -9999 -9999 -9999 -9999 18.30523 18.303248 18.301266 18.299264 18.297057 18.29485 18.292644 18.29132 18.290909 18.290499 18.290088 18.26222 18.239348 18.216477 18.199508 18.192408 18.187351 18.185786 18.106592 17.992569 18.015881 18.083837 18.148123 18.203957 18.259791 18.299674 18.301463 18.303253 18.305042 -9999 -9999 -9999 -9999 -9999 -9999 -9999 -9999 -9999 -9999 -9999 -9999 -9999 -9999
-9999 -9999 -9999 -9999 -9999 -9999 -9999 -9999 -9999 -9999 18.30523 18.303248 18.301266 18.299264 18.297057 18.29485 18.292644 18.29132 18.290909 18.290499 18.290088 18.219874 18.183462 18.16059 18.143821 18.141815 18.139609 18.134542 17.995494 17.895159 17.829716 17.857644 17.973434 18.092329 18.156682 18.208268 18.255496 18.296084 18.301394 18.303183 18.304973 -9999 -9999 -9999 -9999 -9999 -9999 -9999 -9999 -9999 -9999 -9999 -9999 -9999
-9999 -9999 -9999 -9999 -9999 -9999 -9999 -9999 -9999 18.30523 18.303248 18.301266 18.299264 18.297057 18.29485 18.292644 18.29132 18.290909 18.290499 18.290088 18.219874 18.141212 18.104704 18.015349 18.087464 18.08545 18.083436 17.94425 17.744262 17.643625 17.631303 17.747241 17.863031 17.981921 18.119862 18.18453 18.23158 18.278631 18.287432 18.301325 18.303114 18.304904 -9999 -9999 -9999 -9999 -9999 -9999 -9999 -9999 -9999 -9999 -9999 -9999
-9999 -9999 -9999 -9999 -9999 -9999 -9999 -9999 18.30523 18.303248 18.301266 18.299264 18.297057 18.29485 18.292644 18.29132 18.290909 18.290499 18.290088 18.205383 18.128394 18.062551 17.959462 17.709273 17.939443 18.032192 17.893005 17.693018 17.493031 17.405111 17.519315 17.635967 17.752629 17.884816 18.036344 18.213962 18.278631 18.287303 18.291431 18.291458 18.301255 18.303045 18.304835 -9999 -9999 -9999 -9999 -9999 -9999 -9999 -9999 -9999 -9999 -9999
-9999 -9999 -9999 -9999 -9999 -9999 -9999 18.30523 18.303248 18.301266 18.299264 18.297057 18.29485 18.292644 18.29132 18.290909 18.290499 18.290088 18.224479 18.110478 18.033432 17.952497 17.653386 17.403197 17.632497 17.728516 17.409001 17.209773 17.052104 17.293122 17.407326 17.523973 17.638737 17.801352 17.952825 18.130444 18.287303 18.291431 18.29556 18.298904 18.299239 18.293464 18.302976 18.304765 -9999 -9999 -9999 -9999 -9999 -9999 -9999 -9999 -9999 -9999
-9999 -9999 -9999 -9999 -9999 -9999 18.30523 18.303248 18.301266 18.299264 18.297057 18.29485 18.292644 18.29132 18.290909 18.290499 18.290088 18.290564 18.225393 18.034668 17.919896 17.794027 17.463761 17.097121 17.282799 17.361101 16.839857 16.561902 16.808111 17.05432 17.295337 17.409362 17.521443 17.699292 17.869307 18.124889 18.291431 18.29556 18.298904 18.300368 18.301833 18.302168 18.297344 18.302907 18.304696 -9999 -9999 -9999 -9999 -9999 -9999 -9999 -9999 -9999
-9999 -9999 -9999 -9999 -9999 18.30523 18.303248 18.301266 18.299264 18.297057 18.29485 18.292644 18.29132 18.290909 18.290499 18.290088 18.290564 18.291147 18.226308 18.038279 17.795065 17.635557 17.305764 17.038309 16.914152 16.993686 16.513642 16.433977 16.558466 16.804688 17.050982 17.292068 17.404149 17.58188 17.876094 18.128566 18.29556 18.298904 18.300368 18.301833 18.303298 18.300869 18.30029 18.302497 18.299496 18.304627 -9999 -9999 -9999 -9999 -9999 -9999 -9999 -9999
-9999 -9999 -9999 -9999 18.30523 18.303248 18.301266 18.299264 18.297057 18.29485 18.292644 18.29132 18.290909 18.290499 18.290088 18.290564 18.291147 18.29173 18.229918 18.04841 17.805393 17.510726 17.278579 17.069106 16.859633 16.66747 16.587805 16.508141 16.428476 16.553036 16.799403 17.04577 17.286855 17.592756 17.9023 18.144584 18.298904 18.300368 18.301833 18.303298 18.300869 18.296732 18.292595 18.292015 18.300677 18.302826 18.304558 -9999 -9999 -9999 -9999 -9999 -9999 -9999
-9999 -9999 -9999 18.30523 18.303248 18.301266 18.299264 18.297057 18.29485 18.292644 18.29132 18.290909 18.290499 18.290088 18.290564 18.291147 18.29173 18.292385 18.23454 18.058542 17.815721 17.520053 17.269734 17.055307 16.856197 16.756997 16.661969 16.582304 16.549466 16.570564 16.734313 16.980333 17.295485 17.618822 17.928507 18.163393 18.300368 18.301833 18.303298 18.300869 18.296732 18.292595 18.28912 18.291926 18.294417 18.296087 18.301064 18.304489 -9999 -9999 -9999 -9999 -9999 -9999
-9999 -9999 18.30523 18.303248 18.301266 18.299264 18.297057 18.29485 18.292644 18.29132 18.290909 18.290499 18.290088 18.290564 18.291147 18.29173 18.292385 18.293217 18.235672 18.063164 17.825047 17.528937 17.27851 17.054132 16.949896 16.850696 16.751496 16.703294 16.718475 16.739554 16.765331 16.994353 17.317741 17.641129 17.947315 18.164484 18.301833 18.303298 18.300869 18.296732 18.292595 18.28912 18.291926 18.294733 18.29754 18.299785 18.301458 18.303132 18.304806 -9999 -9999 -9999 -9999 -9999
-9999 18.30523 18.303248 18.301266 18.299264 18.297057 18.29485 18.292644 18.29132 18.290909 18.290499 18.290088 18.290564 18.291147 18.29173 18.292385 18.293217 18.294048 18.236804 18.070933 17.835193 17.53782 17.297568 17.173099 17.048631 16.944395 16.903675 16.906293 16.887483 16.908545 16.78121 16.99129 17.314678 17.623035 17.89539 18.165575 18.303298 18.300869 18.296732 18.292595 18.28912 18.291926 18.294733 18.29754 18.299785 18.301458 18.303132 18.304806 18.303804 -9999 -9999 -9999 -9999 -9999
-9999 18.303248 18.301266 18.299264 18.297057 18.29485 18.292644 18.29132 18.290909 18.290499 18.290088 18.290564 18.291147 18.29173 18.292385 18.293217 18.294048 18.29488 18.2424 18.081643 17.846138 17.561108 17.416535 17.292067 17.167598 17.107743 17.115822 17.118522 17.090482 16.924424 16.77896 16.988227 17.392405 17.677257 17.949047 18.220838 18.300869 18.296732 18.292595 18.28912 18.291926 18.294733 18.29754 18.299785 18.301458 18.303132 18.304806 18.303804 18.302492 -9999 -9999 -9999 -9999 -9999
-9999 -9999 18.299264 18.297057 18.29485 18.292644 18.29132 18.290909 18.290499 18.290088 18.290564 18.291147 18.29173 18.292385 18.293217 18.294048 18.29488 18.2424 18.16629 18.090181 17.870225 17.712916 17.555606 17.411034 17.360189 17.375938 17.339139 17.330752 17.347606 17.13092 16.776709 17.065954 17.663631 17.949047 18.220838 18.300869 18.296732 18.292595 18.28912 18.291926 18.294733 18.29754 18.299785 18.301458 18.303132 18.304806 18.303804 18.302492 18.301179 -9999 -9999 -9999 -9999 -9999
-9999 -9999 -9999 18.29485 18.292644 18.29132 18.290909 18.290499 18.290088 18.290564 18.291147 18.29173 18.292385 18.293217 18.294048 18.29488 18.294308 18.250857 18.174487 18.097973 18.020047 17.864724 17.707415 17.58904 17.628277 17.644133 17.607334 17.582957 17.610045 17.39411 17.132925 17.33718 17.934857 18.220838 18.300869 18.296732 18.292595 18.28912 18.291926 18.294733 18.29754 18.299785 18.301458 18.303132 18.304806 18.303804 18.302492 18.301179 -9999 -9999 -9999 -9999 -9999 -9999
-9999 -9999 -9999 -9999 18.29132 18.290909 18.290499 18.290088 18.290564 18.291147 18.29173 18.292385 18.293217 18.294048 18.29488 18.294308 18.293113 18.291919 18.248324 18.170398 18.092471 18.014545 17.898157 17.819708 17.87331 17.912328 17.848493 17.820718 17.867567 17.80702 17.904424 18.001828 18.206082 18.300869 18.296732 18.292595 18.28912 18.291926 18.294733 18.29754 18.299785 18.301458 18.303132 18.304806 18.303804 18.302492 18.301179 -9999 -9999 -9999 -9999 -9999 -9999 -9999
-9999 -9999 -9999 -9999 -9999 18.290499 18.290088 18.290564 18.291147 18.29173 18.292385 18.293217 18.294048 18.29488 18.294308 18.293113 18.291919 18.29087 18.291226 18.247574 18.169637 18.09058 18.124957 18.050376 18.103734 18.060135 18.086451 18.058478 18.064426 18.076537 18.175107 18.273677 18.300869 18.296732 18.292595 18.28912 18.291926 18.294733 18.29754 18.299785 18.301458 18.303132 18.304806 18.303804 18.302492 18.301179 -9999 -9999 -9999 -9999 -9999 -9999 -9999 -9999
-9999 -9999 -9999 -9999 -9999 -9999 18.290564 18.291147 18.29173 18.292385 18.293217 18.294048 18.29488 18.294308 18.293113 18.291919 18.29087 18.291226 18.291583 18.291939 18.247166 18.16696 18.201067 18.277176 18.204802 18.145596 18.231056 18.255338 18.163327 18.175107 18.273677 18.300869 18.296732 18.292595 18.28912 18.291926 18.294733 18.29754 18.299785 18.301458 18.303132 18.304806 18.303804 18.302492 18.301179 -9999 -9999 -9999 -9999 -9999 -9999 -9999 -9999 -9999
-9999 -9999 -9999 -9999 -9999 -9999 -9999 18.29173 18.292385 18.293217 18.294048 18.29488 18.294308 18.293113 18.291919 18.29087 18.291226 18.291583 18.291939 18.291175 18.289262 18.243341 18.277176 18.286752 18.28845 18.231056 18.29236 18.295804 18.262227 18.273677 18.300869 18.296732 18.292595 18.28912 18.291926 18.294733 18.29754 18.299785 18.301458 18.303132 18.304806 18.303804 18.302492 18.301179 -9999 -9999 -9999 -9999 -9999 -9999 -9999 -9999 -9999 -9999
-9999 -9999 -9999 -9999 -9999 -9999 -9999 -9999 18.293217 18.294048 18.29488 18.294308 18.293113 18.291919 18.29087 18.291226 18.291583 18.291939 18.291175 18.289262 18.28735 18.285437 18.286752 18.28845 18.290147 18.29236 18.295804 18.299249 18.302694 18.300869 18.296732 18.292595 18.28912 18.291926 18.294733 18.29754 18.299785 18.301458 18.303132 18.304806 18.303804 18.302492 18.301179 -9999 -9999 -9999 -9999 -9999 -9999 -9999 -9999 -9999 -9999 -9999
-9999 -9999 -9999 -9999 -9999 -9999 -9999 -9999 -9999 18.29488 18.294308 18.293113 18.291919 18.29087 18.291226 18.291583 18.291939 18.291175 18.289262 18.28735 18.285437 18.286752 18.28845 18.290147 18.29236 18.295804 18.299249 18.302694 18.300869 18.296732 18.292595 18.28912 18.291926 18.294733 18.29754 18.299785 18.301458 18.303132 18.304806 18.303804 18.302492 18.301179 -9999 -9999 -9999 -9999 -9999 -9999 -9999 -9999 -9999 -9999 -9999 -9999
-9999 -9999 -9999 -9999 -9999 -9999 -9999 -9999 -9999 -9999 18.293113 18.291919 18.29087 18.291226 18.291583 18.291939 18.291175 18.289262 18.28735 18.285437 18.286752 18.28845 18.290147 18.29236 18.295804 18.299249 18.302694 18.300869 18.296732 18.292595 18.28912 18.291926 18.294733 18.29754 18.299785 18.301458 18.303132 18.304806 18.303804 18.302492 18.301179 -9999 -9999 -9999 -9999 -9999 -9999 -9999 -9999 -9999 -9999 -9999 -9999 -9999
-9999 -9999 -9999 -9999 -9999 -9999 -9999 -9999 -9999 -9999 -9999 18.29087 18.291226 18.291583 18.291939 18.291175 18.289262 18.28735 18.285437 18.286752 18.28845 18.290147 18.29236 18.295804 18.299249 18.302694 18.300869 18.296732 18.292595 18.28912 18.291926 18.294733 18.29754 18.299785 18.301458 18.303132 18.304806 18.303804 18.302492 18.301179 -9999 -9999 -9999 -9999 -9999 -9999 -9999 -9999 -9999 -9999 -9999 -9999 -9999 -9999
-9999 -9999 -9999 -9999 -9999 -9999 -9999 -9999 -9999 -9999 -9999 -9999 18.291583 18.291939 18.291175 18.289262 18.28735 18.285437 18.286752 18.28845 18.290147 18.29236 18.295804 18.299249 18.302694 18.300869 18.296732 18.292595 18.28912 18.291926 18.294733 18.29754 18.299785 18.301458 18.303132 18.304806 18.303804 18.302492 18.301179 -9999 -9999 -9999 -9999 -9999 -9999 -9999 -9999 -9999 -9999 -9999 -9999 -9999 -9999 -9999
-9999 -9999 -9999 -9999 -9999 -9999 -9999 -9999 -9999 -9999 -9999 -9999 -9999 18.291175 18.289262 18.28735 18.285437 18.286752 18.28845 18.290147 18.29236 18.295804 18.299249 18.302694 18.300869 18.296732 18.292595 18.28912 18.291926 18.294733 18.29754 18.299785 18.301458 18.303132 18.304806 18.303804 18.302492 18.301179 -9999 -9999 -9999 -9999 -9999 -9999 -9999 -9999 -9999 -9999 -9999 -9999 -9999 -9999 -9999 -9999
-9999 -9999 -9999 -9999 -9999 -9999 -9999 -9999 -9999 -9999 -9999 -9999 -9999 -9999 18.28735 18.285437 18.286752 18.28845 18.290147 18.29236 18.295804 18.299249 18.302694 18.300869 18.296732 18.292595 18.28912 18.291926 18.294733 18.29754 18.299785 18.301458 18.303132 18.304806 18.303804 18.302492 18.301179 -9999 -9999 -9999 -9999 -9999 -9999 -9999 -9999 -9999 -9999 -9999 -9999 -9999 -9999 -9999 -9999 -9999
-9999 -9999 -9999 -9999 -9999 -9999 -9999 -9999 -9999 -9999 -9999 -9999 -9999 -9999 -9999 18.286752 18.28845 18.290147 18.29236 18.295804 18.299249 18.302694 18.300869 18.296732 18.292595 18.28912 18.291926 18.294733 18.29754 18.299785 18.301458 18.303132 18.304806 18.303804 18.302492 18.301179 -9999 -9999 -9999 -9999 -9999 -9999 -9999 -9999 -9999 -9999 -9999 -9999 -9999 -9999 -9999 -9999 -9999 -9999
