test/data/morpho2_32m/processor_outputs/default/OUTPUT_T_225_0_12h.tif
NCOLS 54
NROWS 54
XLLCORNER 354593.69
YLLCORNER 6687434.7
DX 19.678195
DY 19.678195
NODATA_VALUE -9999
[rows 0 to 38 of 54, columns 0 to 53 of 54]
-9999 -9999 -9999 -9999 -9999 -9999 -9999 -9999 -9999 -9999 -9999 -9999 -9999 -9999 -9999 -9999 -9999 -9999 -9999 -9999 -9999 -9999 -9999 -9999 -9999 23.053606 -9999 -9999 -9999 -9999 -9999 -9999 -9999 -9999 -9999 -9999 -9999 -9999 -9999 -9999 -9999 -9999 -9999 -9999 -9999 -9999 -9999 -9999 -9999 -9999 -9999 -9999 -9999 -9999
-9999 -9999 -9999 -9999 -9999 -9999 -9999 -9999 -9999 -9999 -9999 -9999 -9999 -9999 -9999 -9999 -9999 -9999 -9999 -9999 -9999 -9999 -9999 -9999 23.061871 23.076775 23.046713 -9999 -9999 -9999 -9999 -9999 -9999 -9999 -9999 -9999 -9999 -9999 -9999 -9999 -9999 -9999 -9999 -9999 -9999 -9999 -9999 -9999 -9999 -9999 -9999 -9999 -9999 -9999
-9999 -9999 -9999 -9999 -9999 -9999 -9999 -9999 -9999 -9999 -9999 -9999 -9999 -9999 -9999 -9999 -9999 -9999 -9999 -9999 -9999 -9999 -9999 23.061871 23.08548 23.100464 23.085687 23.046713 -9999 -9999 -9999 -9999 -9999 -9999 -9999 -9999 -9999 -9999 -9999 -9999 -9999 -9999 -9999 -9999 -9999 -9999 -9999 -9999 -9999 -9999 -9999 -9999 -9999 -9999
-9999 -9999 -9999 -9999 -9999 -9999 -9999 -9999 -9999 -9999 -9999 -9999 -9999 -9999 -9999 -9999 -9999 -9999 -9999 -9999 -9999 -9999 23.061871 23.08548 23.109089 23.124153 23.101926 23.11239 23.046713 -9999 -9999 -9999 -9999 -9999 -9999 -9999 -9999 -9999 -9999 -9999 -9999 -9999 -9999 -9999 -9999 -9999 -9999 -9999 -9999 -9999 -9999 -9999 -9999 -9999
-9999 -9999 -9999 -9999 -9999 -9999 -9999 -9999 -9999 -9999 -9999 -9999 -9999 -9999 -9999 -9999 -9999 -9999 -9999 -9999 -9999 23.061871 23.08548 23.109089 23.130591 23.131114 23.125198 23.117769 23.061285 23.046713 -9999 -9999 -9999 -9999 -9999 -9999 -9999 -9999 -9999 -9999 -9999 -9999 -9999 -9999 -9999 -9999 -9999 -9999 -9999 -9999 -9999 -9999 -9999 -9999
-9999 -9999 -9999 -9999 -9999 -9999 -9999 -9999 -9999 -9999 -9999 -9999 -9999 -9999 -9999 -9999 -9999 -9999 -9999 -9999 23.061871 23.08548 23.109089 23.130591 23.131114 23.131637 23.132159 23.134008 23.144387 23.050435 23.046713 -9999 -9999 -9999 -9999 -9999 -9999 -9999 -9999 -9999 -9999 -9999 -9999 -9999 -9999 -9999 -9999 -9999 -9999 -9999 -9999 -9999 -9999 -9999
-9999 -9999 -9999 -9999 -9999 -9999 -9999 -9999 -9999 -9999 -9999 -9999 -9999 -9999 -9999 -9999 -9999 -9999 -9999 23.061871 23.08548 23.109089 23.130591 23.131114 23.131637 23.132159 23.136319 23.144241 23.14985 23.172687 23.050435 23.046713 -9999 -9999 -9999 -9999 -9999 -9999 -9999 -9999 -9999 -9999 -9999 -9999 -9999 -9999 -9999 -9999 -9999 -9999 -9999 -9999 -9999 -9999
-9999 -9999 -9999 -9999 -9999 -9999 -9999 -9999 -9999 -9999 -9999 -9999 -9999 -9999 -9999 -9999 -9999 -9999 23.061871 23.08548 23.109089 23.130591 23.131114 23.131637 23.132159 23.136319 23.144241 23.152162 23.160084 23.176404 23.122811 23.050435 23.046713 -9999 -9999 -9999 -9999 -9999 -9999 -9999 -9999 -9999 -9999 -9999 -9999 -9999 -9999 -9999 -9999 -9999 -9999 -9999 -9999 -9999
-9999 -9999 -9999 -9999 -9999 -9999 -9999 -9999 -9999 -9999 -9999 -9999 -9999 -9999 -9999 -9999 -9999 23.061871 23.08548 23.109089 23.130591 23.131114 23.131637 23.132159 23.136319 23.144241 23.152162 23.160084 23.173532 23.187649 23.204657 23.054158 23.050435 23.046713 -9999 -9999 -9999 -9999 -9999 -9999 -9999 -9999 -9999 -9999 -9999 -9999 -9999 -9999 -9999 -9999 -9999 -9999 -9999 -9999
-9999 -9999 -9999 -9999 -9999 -9999 -9999 -9999 -9999 -9999 -9999 -9999 -9999 -9999 -9999 -9999 23.061871 23.08548 23.109089 23.130591 23.131114 23.131637 23.132159 23.136319 23.144241 23.152162 23.160084 23.173532 23.187649 23.201766 23.215896 23.232984 23.054158 23.050435 23.046713 -9999 -9999 -9999 -9999 -9999 -9999 -9999 -9999 -9999 -9999 -9999 -9999 -9999 -9999 -9999 -9999 -9999 -9999 -9999
-9999 -9999 -9999 -9999 -9999 -9999 -9999 -9999 -9999 -9999 -9999 -9999 -9999 -9999 -9999 23.061871 23.08548 23.109089 23.130591 23.131114 23.131637 23.132159 23.136319 23.144241 23.152162 23.160084 23.173532 23.187649 23.201766 23.215896 23.23006 23.244223 23.184337 23.054158 23.050435 23.046713 -9999 -9999 -9999 -9999 -9999 -9999 -9999 -9999 -9999 -9999 -9999 -9999 -9999 -9999 -9999 -9999 -9999 -9999
-9999 -9999 -9999 -9999 -9999 -9999 -9999 -9999 -9999 -9999 -9999 -9999 -9999 -9999 23.061871 23.08548 23.109089 23.130591 23.131114 23.131637 23.132159 23.136319 23.144241 23.152162 23.160084 23.173532 23.187649 23.201766 23.215896 23.23006 23.244223 23.258386 23.223503 23.07109 23.054158 23.050435 23.046713 -9999 -9999 -9999 -9999 -9999 -9999 -9999 -9999 -9999 -9999 -9999 -9999 -9999 -9999 -9999 -9999 -9999
-9999 -9999 -9999 -9999 -9999 -9999 -9999 -9999 -9999 -9999 -9999 -9999 -9999 23.061871 23.08548 23.109089 23.130591 23.131114 23.131637 23.132159 23.136319 23.144241 23.152162 23.160084 23.173532 23.187649 23.201766 23.215896 23.23006 23.244223 23.258386 23.223503 23.166879 23.110256 23.05788 23.054158 23.050435 23.046713 -9999 -9999 -9999 -9999 -9999 -9999 -9999 -9999 -9999 -9999 -9999 -9999 -9999 -9999 -9999 -9999
-9999 -9999 -9999 -9999 -9999 -9999 -9999 -9999 -9999 -9999 -9999 -9999 23.061871 23.08548 23.109089 23.130591 23.131114 23.131637 23.132159 23.136319 23.144241 23.152162 23.160084 23.173532 23.187649 23.201766 23.215896 23.23006 23.244223 23.258386 23.223503 23.166879 23.110256 23.058915 23.058915 23.05788 23.054158 23.050435 23.046713 -9999 -9999 -9999 -9999 -9999 -9999 -9999 -9999 -9999 -9999 -9999 -9999 -9999 -9999 -9999
-9999 -9999 -9999 -9999 -9999 -9999 -9999 -9999 -9999 -9999 -9999 23.061871 23.08548 23.109089 23.130591 23.131114 23.131637 23.132159 23.136319 23.144241 23.152162 23.160084 23.173532 23.187649 23.201766 23.215896 23.23006 23.244223 23.258386 23.223503 23.166879 23.110256 23.058915 23.058915 23.058915 23.058915 23.05788 23.054158 23.050435 23.046713 -9999 -9999 -9999 -9999 -9999 -9999 -9999 -9999 -9999 -9999 -9999 -9999 -9999 -9999
-9999 -9999 -9999 -9999 -9999 -9999 -9999 -9999 -9999 -9999 23.061871 23.08548 23.109089 23.130591 23.131114 23.131637 23.132159 23.136319 23.144241 23.152162 23.160084 23.114937 23.163027 23.201766 23.215896 23.23006 23.244223 23.258386 23.174864 23.128291 23.110256 23.058915 23.058915 23.058915 23.058915 23.08687 23.143494 23.104328 23.054158 23.050435 23.046713 -9999 -9999 -9999 -9999 -9999 -9999 -9999 -9999 -9999 -9999 -9999 -9999 -9999
-9999 -9999 -9999 -9999 -9999 -9999 -9999 -9999 -9999 23.061871 23.08548 23.109089 23.130591 23.131114 23.131637 23.132159 23.136319 23.144241 23.152162 23.160084 23.114937 23.063369 23.111231 23.146538 23.202879 23.217185 23.23149 23.174864 23.048043 23.001227 23.021971 23.058915 23.058915 23.058915 23.08687 23.143494 23.200118 23.256741 23.217575 23.054158 23.050435 23.046713 -9999 -9999 -9999 -9999 -9999 -9999 -9999 -9999 -9999 -9999 -9999 -9999
-9999 -9999 -9999 -9999 -9999 -9999 -9999 -9999 23.061871 23.08548 23.109089 23.130591 23.131114 23.131637 23.132159 23.136319 23.144241 23.152162 23.160084 23.055663 23.010933 23.011801 23.014712 22.941827 23.08375 23.149318 23.094307 23.008573 22.921222 22.881089 22.969152 23.030014 23.058915 23.08687 23.143494 23.200118 23.256741 23.250072 23.235909 23.224669 23.054158 23.050435 23.046713 -9999 -9999 -9999 -9999 -9999 -9999 -9999 -9999 -9999 -9999 -9999
-9999 -9999 -9999 -9999 -9999 -9999 -9999 23.061871 23.08548 23.109089 23.130591 23.131114 23.131637 23.132159 23.136319 23.144241 23.152162 23.160084 23.082086 22.937647 22.892687 22.901718 22.81 22.737115 22.878649 23.03146 22.932511 22.846756 22.773942 22.82827 22.916332 22.977255 23.083927 23.143494 23.200118 23.256741 23.250072 23.235909 23.221746 23.207596 23.196351 23.15605 23.050435 23.046713 -9999 -9999 -9999 -9999 -9999 -9999 -9999 -9999 -9999 -9999
-9999 -9999 -9999 -9999 -9999 -9999 23.061871 23.08548 23.109089 23.130591 23.131114 23.131637 23.132159 23.136319 23.144241 23.152162 23.160084 23.173532 23.096662 22.846056 22.768362 22.762689 22.657124 22.532404 22.731338 22.910381 22.789302 22.703293 22.756239 22.809186 22.863513 22.978411 23.140368 23.200118 23.256741 23.250072 23.235909 23.221746 23.207596 23.193479 23.179362 23.168117 23.164373 23.050435 23.046713 -9999 -9999 -9999 -9999 -9999 -9999 -9999 -9999 -9999
-9999 -9999 -9999 -9999 -9999 23.061871 23.08548 23.109089 23.130591 23.131114 23.131637 23.132159 23.136319 23.144241 23.152162 23.160084 23.173532 23.187649 23.111238 22.859125 22.658883 22.62366 22.518326 22.514932 22.609642 22.789302 22.67952 22.67952 22.712727 22.765734 22.872655 23.034852 23.196809 23.256741 23.250072 23.235909 23.221746 23.207596 23.193479 23.179362 23.165245 23.155434 23.1452 23.1361 23.094524 23.046713 -9999 -9999 -9999 -9999 -9999 -9999 -9999 -9999
-9999 -9999 -9999 -9999 23.061871 23.08548 23.109089 23.130591 23.131114 23.131637 23.132159 23.136319 23.144241 23.152162 23.160084 23.173532 23.187649 23.201766 23.124308 22.868552 22.668133 22.51418 22.514932 22.571556 22.628179 22.67952 22.67952 22.67952 22.67952 22.76664 22.928846 23.091053 23.25325 23.250072 23.235909 23.221746 23.207596 23.193479 23.179362 23.165245 23.155434 23.147512 23.139591 23.129358 23.113119 23.104083 23.046713 -9999 -9999 -9999 -9999 -9999 -9999 -9999
-9999 -9999 -9999 23.061871 23.08548 23.109089 23.130591 23.131114 23.131637 23.132159 23.136319 23.144241 23.152162 23.160084 23.173532 23.187649 23.201766 23.215896 23.136926 22.877979 22.677383 22.556451 22.571556 22.628179 22.67952 22.67952 22.67952 22.67952 22.672527 22.779989 22.957697 23.119955 23.185018 23.235909 23.221746 23.207596 23.193479 23.179362 23.165245 23.155434 23.147512 23.139591 23.132375 23.131852 23.124891 23.101202 23.081037 23.046713 -9999 -9999 -9999 -9999 -9999 -9999
-9999 -9999 23.061871 23.08548 23.109089 23.130591 23.131114 23.131637 23.132159 23.136319 23.144241 23.152162 23.160084 23.173532 23.187649 23.201766 23.215896 23.23006 23.151566 22.890597 22.719653 22.613357 22.628179 22.67952 22.67952 22.67952 22.67952 22.672527 22.658364 22.765448 22.969069 23.067499 23.120819 23.174139 23.207596 23.193479 23.179362 23.165245 23.155434 23.147512 23.139591 23.132375 23.131852 23.13133 23.130807 23.118839 23.09523 23.071621 23.048012 -9999 -9999 -9999 -9999 -9999
-9999 23.061871 23.08548 23.109089 23.130591 23.131114 23.131637 23.132159 23.136319 23.144241 23.152162 23.160084 23.173532 23.187649 23.201766 23.215896 23.23006 23.244223 23.166206 22.940945 22.782134 22.670262 22.67952 22.67952 22.67952 22.67952 22.672527 22.658364 22.644201 22.750907 22.945092 23.091568 23.174139 23.207596 23.193479 23.179362 23.165245 23.155434 23.147512 23.139591 23.132375 23.131852 23.13133 23.130807 23.118839 23.09523 23.071621 23.048012 23.070296 -9999 -9999 -9999 -9999 -9999
-9999 23.08548 23.109089 23.130591 23.131114 23.131637 23.132159 23.136319 23.144241 23.152162 23.160084 23.173532 23.187649 23.201766 23.215896 23.23006 23.244223 23.258386 23.213105 23.00712 22.848146 22.735047 22.67952 22.67952 22.67952 22.688789 22.658364 22.644201 22.630037 22.726931 22.919999 23.066581 23.20133 23.193479 23.179362 23.165245 23.155434 23.147512 23.139591 23.132375 23.131852 23.13133 23.130807 23.118839 23.09523 23.071621 23.048012 23.070296 23.097894 -9999 -9999 -9999 -9999 -9999
-9999 -9999 23.130591 23.131114 23.131637 23.132159 23.136319 23.144241 23.152162 23.160084 23.173532 23.187649 23.201766 23.215896 23.23006 23.244223 23.258386 23.213105 23.141476 23.069847 22.916463 22.825755 22.735047 22.67952 22.712676 22.756227 22.660462 22.630037 22.693229 22.778438 22.894906 23.044716 23.186942 23.179362 23.165245 23.155434 23.147512 23.139591 23.132375 23.131852 23.13133 23.130807 23.118839 23.09523 23.071621 23.048012 23.070296 23.097894 23.125493 -9999 -9999 -9999 -9999 -9999
-9999 -9999 -9999 23.131637 23.132159 23.136319 23.144241 23.152162 23.160084 23.173532 23.187649 23.201766 23.215896 23.23006 23.244223 23.258386 23.223502 23.158415 23.086734 23.020335 23.005278 22.916463 22.825755 22.770411 22.779831 22.823665 22.727901 22.711162 22.76558 22.850749 22.940501 23.030328 23.172554 23.165245 23.155434 23.147512 23.139591 23.132375 23.131852 23.13133 23.130807 23.118839 23.09523 23.071621 23.048012 23.070296 23.097894 23.125493 -9999 -9999 -9999 -9999 -9999 -9999
-9999 -9999 -9999 -9999 23.136319 23.144241 23.152162 23.160084 23.173532 23.187649 23.201766 23.215896 23.23006 23.244223 23.258386 23.223502 23.166879 23.110255 23.050451 23.035393 23.020335 23.005278 22.951827 22.932749 22.905262 22.891104 22.880163 22.873496 22.855864 22.917149 22.992744 23.068339 23.158166 23.155434 23.147512 23.139591 23.132375 23.131852 23.13133 23.130807 23.118839 23.09523 23.071621 23.048012 23.070296 23.097894 23.125493 -9999 -9999 -9999 -9999 -9999 -9999 -9999
-9999 -9999 -9999 -9999 -9999 23.152162 23.160084 23.173532 23.187649 23.201766 23.215896 23.23006 23.244223 23.258386 23.223502 23.166879 23.110255 23.058915 23.058915 23.050451 23.035393 23.048291 23.111894 23.095086 23.067615 22.993413 23.042468 23.035831 22.99273 22.986781 23.062336 23.137891 23.155434 23.147512 23.139591 23.132375 23.131852 23.13133 23.130807 23.118839 23.09523 23.071621 23.048012 23.070296 23.097894 23.125493 -9999 -9999 -9999 -9999 -9999 -9999 -9999 -9999
-9999 -9999 -9999 -9999 -9999 -9999 23.173532 23.187649 23.201766 23.215896 23.23006 23.244223 23.258386 23.223502 23.166879 23.110255 23.058915 23.058915 23.058915 23.058915 23.078407 23.119973 23.183524 23.255153 23.157258 23.074117 23.154821 23.172696 23.068596 23.062336 23.137891 23.155434 23.147512 23.139591 23.132375 23.131852 23.13133 23.130807 23.118839 23.09523 23.071621 23.048012 23.070296 23.097894 23.125493 -9999 -9999 -9999 -9999 -9999 -9999 -9999 -9999 -9999
-9999 -9999 -9999 -9999 -9999 -9999 -9999 23.201766 23.215896 23.23006 23.244223 23.258386 23.223502 23.166879 23.110255 23.058915 23.058915 23.058915 23.058915 23.086871 23.143494 23.191654 23.255153 23.250072 23.235909 23.154821 23.207596 23.193479 23.144462 23.137891 23.155434 23.147512 23.139591 23.132375 23.131852 23.13133 23.130807 23.118839 23.09523 23.071621 23.048012 23.070296 23.097894 23.125493 -9999 -9999 -9999 -9999 -9999 -9999 -9999 -9999 -9999 -9999
-9999 -9999 -9999 -9999 -9999 -9999 -9999 -9999 23.23006 23.244223 23.258386 23.223502 23.166879 23.110255 23.058915 23.058915 23.058915 23.058915 23.086871 23.143494 23.200118 23.256741 23.250072 23.235909 23.221746 23.207596 23.193479 23.179362 23.165245 23.155434 23.147512 23.139591 23.132375 23.131852 23.13133 23.130807 23.118839 23.09523 23.071621 23.048012 23.070296 23.097894 23.125493 -9999 -9999 -9999 -9999 -9999 -9999 -9999 -9999 -9999 -9999 -9999
-9999 -9999 -9999 -9999 -9999 -9999 -9999 -9999 -9999 23.258386 23.223502 23.166879 23.110255 23.058915 23.058915 23.058915 23.058915 23.086871 23.143494 23.200118 23.256741 23.250072 23.235909 23.221746 23.207596 23.193479 23.179362 23.165245 23.155434 23.147512 23.139591 23.132375 23.131852 23.13133 23.130807 23.118839 23.09523 23.071621 23.048012 23.070296 23.097894 23.125493 -9999 -9999 -9999 -9999 -9999 -9999 -9999 -9999 -9999 -9999 -9999 -9999
-9999 -9999 -9999 -9999 -9999 -9999 -9999 -9999 -9999 -9999 23.166879 23.110255 23.058915 23.058915 23.058915 23.058915 23.086871 23.143494 23.200118 23.256741 23.250072 23.235909 23.221746 23.207596 23.193479 23.179362 23.165245 23.155434 23.147512 23.139591 23.132375 23.131852 23.13133 23.130807 23.118839 23.09523 23.071621 23.048012 23.070296 23.097894 23.125493 -9999 -9999 -9999 -9999 -9999 -9999 -9999 -9999 -9999 -9999 -9999 -9999 -9999
-9999 -9999 -9999 -9999 -9999 -9999 -9999 -9999 -9999 -9999 -9999 23.058915 23.058915 23.058915 23.058915 23.086871 23.143494 23.200118 23.256741 23.250072 23.235909 23.221746 23.207596 23.193479 23.179362 23.165245 23.155434 23.147512 23.139591 23.132375 23.131852 23.13133 23.130807 23.118839 23.09523 23.071621 23.048012 23.070296 23.097894 23.125493 -9999 -9999 -9999 -9999 -9999 -9999 -9999 -9999 -9999 -9999 -9999 -9999 -9999 -9999
-9999 -9999 -9999 -9999 -9999 -9999 -9999 -9999 -9999 -9999 -9999 -9999 23.058915 23.058915 23.086871 23.143494 23.200118 23.256741 23.250072 23.235909 23.221746 23.207596 23.193479 23.179362 23.165245 23.155434 23.147512 23.139591 23.132375 23.131852 23.13133 23.130807 23.118839 23.09523 23.071621 23.048012 23.070296 23.097894 23.125493 -9999 -9999 -9999 -9999 -9999 -9999 -9999 -9999 -9999 -9999 -9999 -9999 -9999 -9999 -9999
-9999 -9999 -9999 -9999 -9999 -9999 -9999 -9999 -9999 -9999 -9999 -9999 -9999 23.086871 23.143494 23.200118 23.256741 23.250072 23.235909 23.221746 23.207596 23.193479 23.179362 23.165245 23.155434 23.147512 23.139591 23.132375 23.131852 23.13133 23.130807 23.118839 23.09523 23.071621 23.048012 23.070296 23.097894 23.125493 -9999 -9999 -9999 -9999 -9999 -9999 -9999 -9999 -9999 -9999 -9999 -9999 -9999 -9999 -9999 -9999
-9999 -9999 -9999 -9999 -9999 -9999 -9999 -9999 -9999 -9999 -9999 -9999 -9999 -9999 23.200118 23.256741 23.250072 23.235909 23.221746 23.207596 23.193479 23.179362 23.165245 23.155434 23.147512 23.139591 23.132375 23.131852 23.13133 23.130807 23.118839 23.09523 23.071621 23.048012 23.070296 23.097894 23.125493 -9999 -9999 -9999 -9999 -9999 -9999 -9999 -9999 -9999 -9999 -9999 -9999 -9999 -9999 -9999 -9999 -9999
