test/data/morpho2_32m/processor_outputs/default/OUTPUT_T_315_0_12h.tif
NCOLS 54
NROWS 54
XLLCORNER 354593.69
YLLCORNER 6687434.7
DX 19.678195
DY 19.678195
NODATA_VALUE -9999
[rows 0 to 38 of 54, columns 0 to 53 of 54]
-9999 -9999 -9999 -9999 -9999 -9999 -9999 -9999 -9999 -9999 -9999 -9999 -9999 -9999 -9999 -9999 -9999 -9999 -9999 -9999 -9999 -9999 -9999 -9999 -9999 -9999 -9999 -9999 -9999 -9999 -9999 -9999 -9999 -9999 -9999 -9999 -9999 -9999 -9999 -9999 -9999 -9999 -9999 -9999 -9999 -9999 -9999 -9999 -9999 -9999 -9999 -9999 -9999 -9999
-9999 -9999 -9999 -9999 -9999 -9999 -9999 -9999 -9999 -9999 -9999 -9999 -9999 -9999 -9999 -9999 -9999 -9999 -9999 -9999 -9999 -9999 -9999 -9999 -9999 -9999 -9999 -9999 26.577509 26.5539 -9999 -9999 -9999 -9999 -9999 -9999 -9999 -9999 -9999 -9999 -9999 -9999 -9999 -9999 -9999 -9999 -9999 -9999 -9999 -9999 -9999 -9999 -9999 -9999
-9999 -9999 -9999 -9999 -9999 -9999 -9999 -9999 -9999 -9999 -9999 -9999 -9999 -9999 -9999 -9999 -9999 -9999 -9999 -9999 -9999 -9999 -9999 -9999 -9999 -9999 -9999 26.62262 26.601117 26.577509 26.5539 -9999 -9999 -9999 -9999 -9999 -9999 -9999 -9999 -9999 -9999 -9999 -9999 -9999 -9999 -9999 -9999 -9999 -9999 -9999 -9999 -9999 -9999 -9999
-9999 -9999 -9999 -9999 -9999 -9999 -9999 -9999 -9999 -9999 -9999 -9999 -9999 -9999 -9999 -9999 -9999 -9999 -9999 -9999 -9999 -9999 -9999 -9999 -9999 -9999 26.623665 26.623143 26.62262 26.601117 26.577509 26.5539 -9999 -9999 -9999 -9999 -9999 -9999 -9999 -9999 -9999 -9999 -9999 -9999 -9999 -9999 -9999 -9999 -9999 -9999 -9999 -9999 -9999 -9999
-9999 -9999 -9999 -9999 -9999 -9999 -9999 -9999 -9999 -9999 -9999 -9999 -9999 -9999 -9999 -9999 -9999 -9999 -9999 -9999 -9999 -9999 -9999 -9999 -9999 26.628348 26.624188 26.623665 26.623143 26.62262 26.601117 26.577509 26.5539 -9999 -9999 -9999 -9999 -9999 -9999 -9999 -9999 -9999 -9999 -9999 -9999 -9999 -9999 -9999 -9999 -9999 -9999 -9999 -9999 -9999
-9999 -9999 -9999 -9999 -9999 -9999 -9999 -9999 -9999 -9999 -9999 -9999 -9999 -9999 -9999 -9999 -9999 -9999 -9999 -9999 -9999 -9999 -9999 -9999 26.644191 26.63627 26.628348 26.624188 26.623665 26.623143 26.62262 26.601117 26.577509 26.5539 -9999 -9999 -9999 -9999 -9999 -9999 -9999 -9999 -9999 -9999 -9999 -9999 -9999 -9999 -9999 -9999 -9999 -9999 -9999 -9999
-9999 -9999 -9999 -9999 -9999 -9999 -9999 -9999 -9999 -9999 -9999 -9999 -9999 -9999 -9999 -9999 -9999 -9999 -9999 -9999 -9999 -9999 -9999 26.665561 26.652112 26.644191 26.63627 26.628348 26.624188 26.623665 26.623143 26.62262 26.601117 26.577509 26.5539 -9999 -9999 -9999 -9999 -9999 -9999 -9999 -9999 -9999 -9999 -9999 -9999 -9999 -9999 -9999 -9999 -9999 -9999 -9999
-9999 -9999 -9999 -9999 -9999 -9999 -9999 -9999 -9999 -9999 -9999 -9999 -9999 -9999 -9999 -9999 -9999 -9999 -9999 -9999 -9999 -9999 26.693795 26.679678 26.665561 26.652112 26.644191 26.63627 26.628348 26.624188 26.623665 26.623143 26.62262 26.601117 26.577509 26.5539 -9999 -9999 -9999 -9999 -9999 -9999 -9999 -9999 -9999 -9999 -9999 -9999 -9999 -9999 -9999 -9999 -9999 -9999
-9999 -9999 -9999 -9999 -9999 -9999 -9999 -9999 -9999 -9999 -9999 -9999 -9999 -9999 -9999 -9999 -9999 -9999 -9999 -9999 -9999 26.722089 26.707925 26.693795 26.679678 26.665561 26.652112 26.644191 26.63627 26.628348 26.624188 26.623665 26.623143 26.62262 26.601117 26.577509 26.5539 -9999 -9999 -9999 -9999 -9999 -9999 -9999 -9999 -9999 -9999 -9999 -9999 -9999 -9999 -9999 -9999 -9999
-9999 -9999 -9999 -9999 -9999 -9999 -9999 -9999 -9999 -9999 -9999 -9999 -9999 -9999 -9999 -9999 -9999 -9999 -9999 -9999 26.750415 26.736252 26.722089 26.707925 26.693795 26.679678 26.665561 26.652112 26.644191 26.63627 26.628348 26.624188 26.623665 26.623143 26.62262 26.601117 26.577509 26.5539 -9999 -9999 -9999 -9999 -9999 -9999 -9999 -9999 -9999 -9999 -9999 -9999 -9999 -9999 -9999 -9999
-9999 -9999 -9999 -9999 -9999 -9999 -9999 -9999 -9999 -9999 -9999 -9999 -9999 -9999 -9999 -9999 -9999 -9999 -9999 26.658908 26.715531 26.750415 26.736252 26.722089 26.707925 26.693795 26.679678 26.665561 26.652112 26.644191 26.63627 26.628348 26.624188 26.623665 26.623143 26.62262 26.601117 26.577509 26.5539 -9999 -9999 -9999 -9999 -9999 -9999 -9999 -9999 -9999 -9999 -9999 -9999 -9999 -9999 -9999
-9999 -9999 -9999 -9999 -9999 -9999 -9999 -9999 -9999 -9999 -9999 -9999 -9999 -9999 -9999 -9999 -9999 -9999 26.550943 26.602284 26.658908 26.715531 26.750415 26.736252 26.722089 26.707925 26.693795 26.679678 26.665561 26.652112 26.644191 26.63627 26.628348 26.624188 26.623665 26.623143 26.62262 26.601117 26.577509 26.5539 -9999 -9999 -9999 -9999 -9999 -9999 -9999 -9999 -9999 -9999 -9999 -9999 -9999 -9999
-9999 -9999 -9999 -9999 -9999 -9999 -9999 -9999 -9999 -9999 -9999 -9999 -9999 -9999 -9999 -9999 -9999 26.550943 26.550943 26.550943 26.602284 26.658908 26.715531 26.750415 26.736252 26.722089 26.707925 26.693795 26.679678 26.665561 26.652112 26.644191 26.63627 26.628348 26.624188 26.623665 26.623143 26.62262 26.601117 26.577509 26.5539 -9999 -9999 -9999 -9999 -9999 -9999 -9999 -9999 -9999 -9999 -9999 -9999 -9999
-9999 -9999 -9999 -9999 -9999 -9999 -9999 -9999 -9999 -9999 -9999 -9999 -9999 -9999 -9999 -9999 26.578899 26.550943 26.550943 26.550943 26.550943 26.602284 26.658908 26.715531 26.750415 26.736252 26.722089 26.707925 26.693795 26.679678 26.665561 26.652112 26.644191 26.63627 26.628348 26.624188 26.623665 26.623143 26.62262 26.601117 26.577509 26.5539 -9999 -9999 -9999 -9999 -9999 -9999 -9999 -9999 -9999 -9999 -9999 -9999
-9999 -9999 -9999 -9999 -9999 -9999 -9999 -9999 -9999 -9999 -9999 -9999 -9999 -9999 -9999 26.692146 26.635523 26.578899 26.550943 26.550943 26.550943 26.550943 26.602284 26.658908 26.715531 26.750415 26.736252 26.722089 26.707925 26.693795 26.679678 26.665561 26.652112 26.644191 26.63627 26.628348 26.624188 26.623665 26.623143 26.62262 26.601117 26.577509 26.5539 -9999 -9999 -9999 -9999 -9999 -9999 -9999 -9999 -9999 -9999 -9999
-9999 -9999 -9999 -9999 -9999 -9999 -9999 -9999 -9999 -9999 -9999 -9999 -9999 -9999 26.742101 26.74877 26.692146 26.635523 26.578899 26.550943 26.550943 26.550943 26.550943 26.602284 26.658908 26.715531 26.750415 26.736252 26.722089 26.707925 26.693795 26.679678 26.665561 26.652112 26.644191 26.63627 26.628348 26.624188 26.623665 26.623143 26.62262 26.601117 26.577509 26.5539 -9999 -9999 -9999 -9999 -9999 -9999 -9999 -9999 -9999 -9999
-9999 -9999 -9999 -9999 -9999 -9999 -9999 -9999 -9999 -9999 -9999 -9999 -9999 26.713774 26.727938 26.742101 26.74877 26.692146 26.635523 26.578899 26.550943 26.550943 26.550943 26.550943 26.602284 26.658908 26.715531 26.750415 26.736252 26.722089 26.707925 26.693795 26.679678 26.665561 26.652112 26.644191 26.63627 26.628348 26.624188 26.623665 26.623143 26.62262 26.601117 26.577509 26.5539 -9999 -9999 -9999 -9999 -9999 -9999 -9999 -9999 -9999
-9999 -9999 -9999 -9999 -9999 -9999 -9999 -9999 -9999 -9999 -9999 -9999 26.685508 26.699625 26.713774 26.727938 26.742101 26.74877 26.692146 26.635523 26.578899 26.550943 26.550943 26.550943 26.550943 26.602284 26.658908 26.715531 26.750415 26.736252 26.560903 26.659741 26.693795 26.679678 26.665561 26.652112 26.644191 26.63627 26.628348 26.624188 26.623665 26.623143 26.62262 26.601117 26.577509 26.5539 -9999 -9999 -9999 -9999 -9999 -9999 -9999 -9999
-9999 -9999 -9999 -9999 -9999 -9999 -9999 -9999 -9999 -9999 -9999 26.657274 26.671391 26.685508 26.699625 26.713774 26.727938 26.742101 26.74877 26.692146 26.635523 26.578899 26.550943 26.550943 26.550943 26.528652 26.576168 26.632655 26.689141 26.589229 26.409743 26.509153 26.596542 26.582539 26.567858 26.553177 26.652112 26.644191 26.63627 26.628348 26.624188 26.623665 26.623143 26.62262 26.601117 26.577509 26.5539 -9999 -9999 -9999 -9999 -9999 -9999 -9999
-9999 -9999 -9999 -9999 -9999 -9999 -9999 -9999 -9999 -9999 26.639541 26.647462 26.657274 26.671391 26.685508 26.699625 26.713774 26.727938 26.742101 26.74877 26.692146 26.635523 26.578899 26.550943 26.528652 26.488995 26.449338 26.496854 26.477236 26.394512 26.258583 26.295366 26.283004 26.270642 26.256639 26.438948 26.594548 26.652112 26.644191 26.63627 26.628348 26.624188 26.623665 26.623143 26.62262 26.601117 26.577509 26.5539 -9999 -9999 -9999 -9999 -9999 -9999
-9999 -9999 -9999 -9999 -9999 -9999 -9999 -9999 -9999 26.624404 26.63162 26.639541 26.647462 26.657274 26.671391 26.685508 26.699625 26.713774 26.727938 26.742101 26.74877 26.692146 26.635523 26.556608 26.488995 26.449338 26.409681 26.293919 26.263378 26.180489 26.086995 26.043772 26.031608 26.019445 26.158421 26.373747 26.52906 26.61161 26.652112 26.644191 26.63627 26.628348 26.624188 26.623665 26.623143 26.62262 26.601117 26.577509 26.5539 -9999 -9999 -9999 -9999 -9999
-9999 -9999 -9999 -9999 -9999 -9999 -9999 -9999 26.623359 26.623881 26.624404 26.63162 26.639541 26.647462 26.657274 26.671391 26.685508 26.699625 26.713774 26.727938 26.742101 26.74877 26.669855 26.573575 26.477294 26.409681 26.293919 26.176204 26.058489 25.989595 25.932606 25.875616 25.832394 25.97137 26.147964 26.324557 26.480633 26.626003 26.665561 26.652112 26.644191 26.63627 26.628348 26.624188 26.623665 26.623143 26.62262 26.601117 26.577509 26.5539 -9999 -9999 -9999 -9999
-9999 -9999 -9999 -9999 -9999 -9999 -9999 26.610867 26.622836 26.623359 26.623881 26.624404 26.63162 26.639541 26.647462 26.657274 26.671391 26.685508 26.699625 26.713774 26.727938 26.742101 26.744586 26.648443 26.552299 26.338927 26.176204 26.058489 25.98643 25.98643 25.935089 25.878465 25.821842 25.836755 26.01306 26.23481 26.501346 26.640397 26.679678 26.665561 26.652112 26.644191 26.63627 26.628348 26.624188 26.623665 26.623143 26.62262 26.601117 26.577509 26.5539 -9999 -9999 -9999
-9999 -9999 -9999 -9999 -9999 -9999 26.56365 26.587259 26.610867 26.622836 26.623359 26.623881 26.624404 26.63162 26.639541 26.647462 26.657274 26.671391 26.685508 26.699625 26.713774 26.727938 26.742101 26.744586 26.528798 26.312372 26.103497 25.98643 25.98643 25.98643 25.98643 25.935089 25.878465 25.821842 25.882198 26.27127 26.537346 26.661109 26.693795 26.679678 26.665561 26.652112 26.644191 26.63627 26.628348 26.624188 26.623665 26.623143 26.62262 26.601117 26.577509 26.5539 -9999 -9999
-9999 -9999 -9999 -9999 -9999 26.562325 26.540041 26.56365 26.587259 26.610867 26.622836 26.623359 26.623881 26.624404 26.63162 26.639541 26.647462 26.657274 26.671391 26.685508 26.699625 26.713774 26.727938 26.7318 26.502226 26.285817 26.122597 26.031437 25.98643 25.98643 25.98643 25.98643 25.935089 25.878465 25.933139 26.30773 26.573346 26.647067 26.690949 26.693795 26.679678 26.665561 26.652112 26.644191 26.63627 26.628348 26.624188 26.623665 26.623143 26.62262 26.601117 26.577509 26.5539 -9999
-9999 -9999 -9999 -9999 26.617522 26.589923 26.562325 26.540041 26.56365 26.587259 26.610867 26.622836 26.623359 26.623881 26.624404 26.63162 26.639541 26.647462 26.657274 26.671391 26.685508 26.699625 26.713774 26.717213 26.48637 26.275077 26.183551 26.092025 26.000499 25.98643 25.98643 25.98643 25.98643 25.935089 25.990499 26.358671 26.577966 26.622049 26.666133 26.707925 26.693795 26.679678 26.665561 26.652112 26.644191 26.63627 26.628348 26.624188 26.623665 26.623143 26.62262 26.601117 26.577509 26.5539
-9999 -9999 -9999 -9999 -9999 26.617522 26.589923 26.562325 26.540041 26.56365 26.587259 26.610867 26.622836 26.623359 26.623881 26.624404 26.63162 26.639541 26.647462 26.657274 26.671391 26.685508 26.699625 26.702625 26.478385 26.264569 26.063699 25.972173 25.965274 25.979437 25.98643 25.98643 25.98643 25.98643 26.047859 26.319231 26.532884 26.694459 26.736252 26.722088 26.707925 26.693795 26.679678 26.665561 26.652112 26.644191 26.63627 26.628348 26.624188 26.623665 26.623143 26.62262 26.601117 -9999
-9999 -9999 -9999 -9999 -9999 -9999 26.617522 26.589923 26.562325 26.540041 26.56365 26.587259 26.610867 26.622836 26.623359 26.623881 26.624404 26.63162 26.639541 26.647462 26.657274 26.671391 26.685508 26.652951 26.470789 26.256921 26.043054 25.936947 25.95111 25.965274 26.011367 25.98643 25.98643 25.98643 26.03101 26.231409 26.445106 26.656005 26.750415 26.736252 26.722088 26.707925 26.693795 26.679678 26.665561 26.652112 26.644191 26.63627 26.628348 26.624188 26.623665 26.623143 -9999 -9999
-9999 -9999 -9999 -9999 -9999 -9999 -9999 26.617522 26.589923 26.562325 26.540041 26.56365 26.587259 26.610867 26.622836 26.623359 26.623881 26.624404 26.63162 26.639541 26.647462 26.657274 26.624717 26.518492 26.412267 26.230105 26.112597 26.019072 25.936947 25.98304 26.146697 26.052989 25.98643 26.03101 26.102173 26.173336 26.370937 26.513471 26.656005 26.750415 26.736252 26.722088 26.707925 26.693795 26.679678 26.665561 26.652112 26.644191 26.63627 26.628348 26.624188 -9999 -9999 -9999
-9999 -9999 -9999 -9999 -9999 -9999 -9999 -9999 26.617522 26.589923 26.562325 26.540041 26.56365 26.587259 26.610867 26.622836 26.623359 26.623881 26.624404 26.63162 26.639541 26.647462 26.620692 26.514883 26.409074 26.335439 26.250229 26.156843 26.071996 26.118371 26.282028 26.187802 26.108013 26.120877 26.192098 26.263255 26.33285 26.46885 26.611682 26.715531 26.750415 26.736252 26.722088 26.707925 26.693795 26.679678 26.665561 26.652112 26.644191 26.63627 -9999 -9999 -9999 -9999
-9999 -9999 -9999 -9999 -9999 -9999 -9999 -9999 -9999 26.617522 26.589923 26.562325 26.540041 26.56365 26.587259 26.610867 26.622836 26.623359 26.623881 26.624404 26.63162 26.639541 26.647462 26.620692 26.547057 26.481429 26.415802 26.339131 26.285724 26.324014 26.417359 26.37764 26.330662 26.283683 26.296483 26.366078 26.435673 26.505268 26.602284 26.658908 26.715531 26.750415 26.736252 26.722088 26.707925 26.693795 26.679678 26.665561 26.652112 -9999 -9999 -9999 -9999 -9999
-9999 -9999 -9999 -9999 -9999 -9999 -9999 -9999 -9999 -9999 26.617522 26.589923 26.562325 26.540041 26.56365 26.587259 26.610867 26.622836 26.623359 26.623881 26.624404 26.63162 26.639541 26.647462 26.632906 26.56714 26.501373 26.509359 26.499452 26.537982 26.578784 26.586715 26.539706 26.492328 26.435945 26.443313 26.512851 26.550943 26.550943 26.602284 26.658908 26.715531 26.750415 26.736252 26.722101 26.707984 26.675139 26.643529 -9999 -9999 -9999 -9999 -9999 -9999
-9999 -9999 -9999 -9999 -9999 -9999 -9999 -9999 -9999 -9999 -9999 26.617522 26.589923 26.562325 26.540041 26.56365 26.587259 26.610867 26.622836 26.623359 26.623881 26.624404 26.63162 26.639541 26.647462 26.632906 26.56714 26.575403 26.669681 26.707733 26.72217 26.736606 26.744168 26.687785 26.631402 26.575019 26.550944 26.550943 26.550943 26.550943 26.602284 26.658908 26.715531 26.732682 26.647287 26.615732 26.641549 -9999 -9999 -9999 -9999 -9999 -9999 -9999
-9999 -9999 -9999 -9999 -9999 -9999 -9999 -9999 -9999 -9999 -9999 -9999 26.617522 26.589923 26.562325 26.540041 26.56365 26.587259 26.610867 26.622836 26.623359 26.623881 26.624404 26.63162 26.639541 26.647462 26.632906 26.641447 26.685508 26.699625 26.713774 26.727938 26.742101 26.74877 26.692147 26.635523 26.578899 26.550944 26.550943 26.550943 26.550943 26.602284 26.619435 26.58729 26.614111 26.639568 -9999 -9999 -9999 -9999 -9999 -9999 -9999 -9999
-9999 -9999 -9999 -9999 -9999 -9999 -9999 -9999 -9999 -9999 -9999 -9999 -9999 26.617522 26.589923 26.562325 26.540041 26.56365 26.587259 26.610867 26.622836 26.623359 26.623881 26.624404 26.63162 26.639541 26.647462 26.657274 26.671391 26.685508 26.699625 26.713774 26.727938 26.742101 26.74877 26.692147 26.635523 26.578899 26.550944 26.550943 26.550943 26.558849 26.586673 26.61213 26.637588 -9999 -9999 -9999 -9999 -9999 -9999 -9999 -9999 -9999
-9999 -9999 -9999 -9999 -9999 -9999 -9999 -9999 -9999 -9999 -9999 -9999 -9999 -9999 26.617522 26.589923 26.562325 26.540041 26.56365 26.587259 26.610867 26.622836 26.623359 26.623881 26.624404 26.63162 26.639541 26.647462 26.657274 26.671391 26.685508 26.699625 26.713774 26.727938 26.742101 26.74877 26.692147 26.635523 26.578899 26.550944 26.558849 26.584693 26.61015 26.635607 -9999 -9999 -9999 -9999 -9999 -9999 -9999 -9999 -9999 -9999
-9999 -9999 -9999 -9999 -9999 -9999 -9999 -9999 -9999 -9999 -9999 -9999 -9999 -9999 -9999 26.617522 26.589923 26.562325 26.540041 26.56365 26.587259 26.610867 26.622836 26.623359 26.623881 26.624404 26.63162 26.639541 26.647462 26.657274 26.671391 26.685508 26.699625 26.713774 26.727938 26.742101 26.74877 26.692147 26.635523 26.557255 26.582712 26.60817 26.633627 -9999 -9999 -9999 -9999 -9999 -9999 -9999 -9999 -9999 -9999 -9999
-9999 -9999 -9999 -9999 -9999 -9999 -9999 -9999 -9999 -9999 -9999 -9999 -9999 -9999 -9999 -9999 26.617522 26.589923 26.562325 26.540041 26.56365 26.587259 26.610867 26.622836 26.623359 26.623881 26.624404 26.63162 26.639541 26.647462 26.657274 26.671391 26.685508 26.699625 26.713774 26.727938 26.742101 26.74877 26.634672 26.580732 26.606189 26.631647 -9999 -9999 -9999 -9999 -9999 -9999 -9999 -9999 -9999 -9999 -9999 -9999
-9999 -9999 -9999 -9999 -9999 -9999 -9999 -9999 -9999 -9999 -9999 -9999 -9999 -9999 -9999 -9999 -9999 26.617522 26.589923 26.562325 26.540041 26.56365 26.587259 26.610867 26.622836 26.623359 26.623881 26.624404 26.63162 26.639541 26.647462 26.657274 26.671391 26.685508 26.699625 26.713774 26.727938 26.743855 26.578752 26.604209 26.629666 -9999 -9999 -9999 -9999 -9999 -9999 -9999 -9999 -9999 -9999 -9999 -9999 -9999
