test/data/b2010/processor_outputs/debug/OUTPUT_T_45_0_12h.tif
NCOLS 132
NROWS 132
XLLCORNER 352310.43
YLLCORNER 6689219.5
DX 17.797726
DY 17.797726
NODATA_VALUE -9999
[rows 56 to 83 of 132, columns 63 to 125 of 132]
27.946199 28.029513 28.163614 28.297716 28.431817 28.565919 28.626931 28.66373 28.691037 28.68892 28.696414 28.475943 28.267192 28.194796 28.169492 28.189195 28.229605 28.270016 28.310427 28.349907 28.382992 28.416076 28.449161 28.482246 28.496884 28.497547 28.49821 28.498874 28.498774 28.43012 28.361466 28.292812 28.224158 28.229775 28.325054 28.420334 28.515613 28.610893 28.582623 28.539875 28.497126 28.454377 28.446338 28.506538 28.566739 28.62694 28.68714 28.71766 28.73977 28.761879 -9999 -9999 -9999 -9999 -9999 -9999 -9999 -9999 -9999 -9999 -9999 -9999 -9999
28.029513 28.163614 28.297716 28.431817 28.565919 28.626931 28.669761 28.712592 28.74939 28.761232 28.804521 28.540622 28.256416 28.169492 28.189195 28.229605 28.270016 28.310427 28.349907 28.382992 28.416076 28.449161 28.482246 28.496884 28.497547 28.49821 28.498874 28.498774 28.43012 28.361466 28.292812 28.224158 28.229775 28.325054 28.420334 28.515613 28.610893 28.582623 28.539875 28.497126 28.454377 28.446338 28.506538 28.566739 28.62694 28.68714 28.71766 28.73977 28.761879 28.783988 28.785033 -9999 -9999 -9999 -9999 -9999 -9999 -9999 -9999 -9999 -9999 -9999 -9999
28.163614 28.297716 28.431817 28.565919 28.626931 28.669761 28.712592 28.755422 28.807734 28.869339 28.912628 28.680632 28.321095 28.189195 28.229605 28.270016 28.310427 28.349907 28.382992 28.416076 28.449161 28.482246 28.496884 28.497547 28.49821 28.498874 28.498774 28.43012 28.361466 28.292812 28.224158 28.229775 28.325054 28.420334 28.515613 28.610893 28.582623 28.539875 28.497126 28.454377 28.446338 28.506538 28.566739 28.62694 28.68714 28.71766 28.73977 28.761879 28.783988 28.785033 28.711932 28.638832 -9999 -9999 -9999 -9999 -9999 -9999 -9999 -9999 -9999 -9999 -9999
28.297716 28.431817 28.565919 28.626931 28.669761 28.712592 28.755422 28.807734 28.889611 28.962058 29.020735 28.820642 28.563957 28.354594 28.270016 28.310427 28.349907 28.382992 28.416076 28.449161 28.482246 28.496884 28.497547 28.49821 28.498874 28.498774 28.43012 28.361466 28.292812 28.224158 28.229775 28.325054 28.420334 28.515613 28.610893 28.582623 28.539875 28.497126 28.454377 28.446338 28.506538 28.566739 28.62694 28.68714 28.71766 28.73977 28.761879 28.783988 28.785033 28.711932 28.638832 28.565731 28.49263 -9999 -9999 -9999 -9999 -9999 -9999 -9999 -9999 -9999 -9999
28.431817 28.565919 28.626931 28.669761 28.712592 28.755422 28.807734 28.889611 28.971488 29.044997 29.113454 29.0146 28.841897 28.644778 28.435415 28.349907 28.382992 28.416076 28.449161 28.482246 28.496884 28.497547 28.49821 28.498874 28.498774 28.43012 28.361466 28.292812 28.224158 28.229775 28.325054 28.420334 28.515613 28.610893 28.582623 28.539875 28.497126 28.454377 28.446338 28.506538 28.566739 28.62694 28.68714 28.71766 28.73977 28.761879 28.783988 28.785033 28.711932 28.638832 28.565731 28.49263 28.518553 28.594746 -9999 -9999 -9999 -9999 -9999 -9999 -9999 -9999 -9999
28.565919 28.626931 28.669761 28.712592 28.755422 28.807734 28.889611 28.971488 29.053364 29.127937 29.026269 28.846324 28.669194 28.496491 28.349907 28.382992 28.416076 28.449161 28.482246 28.496884 28.497547 28.49821 28.498874 28.498774 28.43012 28.361466 28.292812 28.224158 28.229775 28.325054 28.420334 28.515613 28.610893 28.582623 28.539875 28.497126 28.454377 28.446338 28.506538 28.566739 28.62694 28.68714 28.71766 28.73977 28.761879 28.783988 28.785033 28.711932 28.638832 28.565731 28.49263 28.518553 28.594746 28.670939 28.747133 -9999 -9999 -9999 -9999 -9999 -9999 -9999 -9999
28.626931 28.669761 28.712592 28.755422 28.807734 28.889611 28.971488 29.053364 29.135241 29.013767 28.846731 28.679696 28.500918 28.349907 28.382992 28.416076 28.449161 28.482246 28.496884 28.497547 28.49821 28.498874 28.498774 28.43012 28.361466 28.292812 28.224158 28.229775 28.325054 28.420334 28.515613 28.610893 28.582623 28.539875 28.497126 28.454377 28.446338 28.506538 28.566739 28.62694 28.68714 28.71766 28.73977 28.761879 28.783988 28.785033 28.711932 28.638832 28.565731 28.49263 28.518553 28.594746 28.670939 28.747133 28.81541 28.816446 -9999 -9999 -9999 -9999 -9999 -9999 -9999
28.669761 28.712592 28.755422 28.807734 28.889611 28.971488 29.053364 29.135241 28.991366 28.74362 28.518275 28.35124 28.228589 28.382992 28.416076 28.449161 28.482246 28.496884 28.497547 28.49821 28.498874 28.498774 28.43012 28.361466 28.292812 28.224158 28.229775 28.325054 28.420334 28.515613 28.610893 28.582623 28.539875 28.497126 28.454377 28.446338 28.506538 28.566739 28.62694 28.68714 28.71766 28.73977 28.761879 28.783988 28.785033 28.711932 28.638832 28.565731 28.49263 28.518553 28.594746 28.670939 28.747133 28.81541 28.816446 28.817482 28.818518 -9999 -9999 -9999 -9999 -9999 -9999
28.712592 28.755422 28.807734 28.889611 28.971488 29.053364 29.135241 28.982661 28.737973 28.493285 28.248128 28.067169 28.249828 28.416076 28.449161 28.482246 28.496884 28.497547 28.49821 28.498874 28.498774 28.43012 28.361466 28.292812 28.224158 28.229775 28.325054 28.420334 28.515613 28.610893 28.582623 28.539875 28.497126 28.454377 28.446338 28.506538 28.566739 28.62694 28.68714 28.71766 28.73977 28.761879 28.783988 28.785033 28.711932 28.638832 28.565731 28.49263 28.518553 28.594746 28.670939 28.747133 28.81541 28.816446 28.817482 28.818518 28.819554 28.785141 -9999 -9999 -9999 -9999 -9999
28.755422 28.807734 28.889611 28.971488 29.053364 29.135241 28.979191 28.713669 28.451617 28.206929 27.995967 28.045506 28.271066 28.449161 28.482246 28.50504 28.497547 28.49821 28.498874 28.498774 28.43012 28.361466 28.292812 28.224158 28.229775 28.325054 28.420334 28.515613 28.610893 28.582623 28.539875 28.497126 28.454377 28.446338 28.506538 28.566739 28.62694 28.68714 28.71766 28.73977 28.761879 28.783988 28.785033 28.711932 28.638832 28.565731 28.49263 28.518553 28.594746 28.670939 28.747133 28.81541 28.816446 28.817482 28.818518 28.819554 28.785141 28.721415 28.657688 -9999 -9999 -9999 -9999
28.807734 28.889611 28.971488 29.053364 29.135241 28.979191 28.713669 28.448148 28.182626 27.954299 27.975327 28.007362 28.249404 28.474964 28.50504 28.52004 28.508484 28.498874 28.498774 28.43012 28.361466 28.292812 28.224158 28.229775 28.325054 28.420334 28.515613 28.610893 28.582623 28.539875 28.497126 28.454377 28.446338 28.506538 28.566739 28.62694 28.68714 28.71766 28.73977 28.761879 28.783988 28.785033 28.711932 28.638832 28.565731 28.49263 28.518553 28.594746 28.670939 28.747133 28.81541 28.816446 28.817482 28.818518 28.819554 28.785141 28.721415 28.657688 28.593962 28.530236 -9999 -9999 -9999
28.889611 28.971488 29.053364 29.135241 28.979191 28.713669 28.448148 28.182626 27.95083 27.951023 27.954686 27.975714 28.21126 28.454703 28.52004 28.53504 28.52595 28.508889 28.43012 28.361466 28.292812 28.224158 28.229775 28.325054 28.420334 28.515613 28.610893 28.582623 28.539875 28.497126 28.454377 28.446338 28.506538 28.566739 28.62694 28.68714 28.71766 28.73977 28.761879 28.783988 28.785033 28.711932 28.638832 28.565731 28.49263 28.518553 28.594746 28.670939 28.747133 28.81541 28.816446 28.817482 28.818518 28.819554 28.785141 28.721415 28.657688 28.593962 28.530236 28.517396 28.505102 -9999 -9999
28.971488 29.053364 29.135241 28.979191 28.713669 28.448148 28.182626 27.947397 27.951023 27.951217 27.95141 27.955073 28.174517 28.419022 28.509537 28.550039 28.542494 28.442701 28.361466 28.292812 28.224158 28.229775 28.325054 28.420334 28.515613 28.610893 28.582623 28.539875 28.497126 28.454377 28.446338 28.506538 28.566739 28.62694 28.68714 28.71766 28.73977 28.761879 28.783988 28.785033 28.711932 28.638832 28.565731 28.49263 28.518553 28.594746 28.670939 28.747133 28.81541 28.816446 28.817482 28.818518 28.819554 28.785141 28.721415 28.657688 28.593962 28.530236 28.517396 28.505102 28.492807 28.480513 -9999
29.041349 29.135241 28.979191 28.713669 28.448148 28.182626 27.943786 27.888485 27.836795 27.846534 27.856274 27.988459 28.138836 28.383341 28.489236 28.538572 28.476306 28.376513 28.292812 28.224158 28.229775 28.325054 28.420334 28.515613 28.610893 28.582623 28.539875 28.497126 28.454377 28.446338 28.506538 28.566739 28.62694 28.68714 28.71766 28.73977 28.761879 28.783988 28.785033 28.711932 28.638832 28.565731 28.49263 28.518553 28.594746 28.670939 28.747133 28.81541 28.816446 28.817482 28.818518 28.819554 28.785141 28.721415 28.657688 28.593962 28.530236 28.517396 28.505102 28.492807 28.480513 -9999 -9999
29.051073 28.979191 28.713669 28.448148 28.182626 27.943786 27.888485 27.833184 27.777883 27.726192 27.858378 28.083325 28.219918 28.34766 28.467971 28.430661 28.381266 28.310325 28.224158 28.229775 28.325054 28.420334 28.515613 28.610893 28.582623 28.539875 28.497126 28.454377 28.446338 28.506538 28.566739 28.62694 28.68714 28.71766 28.73977 28.761879 28.783988 28.785033 28.711932 28.638832 28.565731 28.49263 28.518553 28.594746 28.670939 28.747133 28.81541 28.816446 28.817482 28.818518 28.819554 28.785141 28.721415 28.657688 28.593962 28.530236 28.517396 28.505102 28.492807 28.480513 -9999 -9999 -9999
28.865034 28.713669 28.448148 28.182626 27.943786 27.888485 27.833184 27.777883 27.722582 27.789727 27.953244 28.178191 28.32433 28.426295 28.360061 28.322751 28.275142 28.215285 28.229775 28.325054 28.420334 28.515613 28.610893 28.582623 28.539875 28.497126 28.454377 28.446338 28.506538 28.566739 28.62694 28.68714 28.71766 28.73977 28.761879 28.783988 28.785033 28.711932 28.638832 28.565731 28.49263 28.518553 28.594746 28.670939 28.747133 28.81541 28.816446 28.817482 28.818518 28.819554 28.785141 28.721415 28.657688 28.593962 28.530236 28.517396 28.505102 28.492807 28.480513 -9999 -9999 -9999 -9999
28.588922 28.448148 28.182626 27.943786 27.888485 27.833184 27.777883 27.722582 27.789727 27.949634 28.10954 28.273057 28.426295 28.308568 28.2375 28.214841 28.169017 28.189927 28.308341 28.420334 28.515613 28.610893 28.582623 28.539875 28.497126 28.454377 28.446338 28.506538 28.566739 28.62694 28.68714 28.71766 28.73977 28.761879 28.783988 28.785033 28.711932 28.638832 28.565731 28.49263 28.518553 28.594746 28.670939 28.747133 28.81541 28.816446 28.817482 28.818518 28.819554 28.785141 28.721415 28.657688 28.593962 28.530236 28.517396 28.505102 28.492807 28.480513 -9999 -9999 -9999 -9999 -9999
28.408317 28.181004 27.943786 27.888485 27.833184 27.777883 27.722582 27.789727 27.949634 28.10954 28.269447 28.426295 28.308568 28.190841 28.112012 28.092281 28.148749 28.263768 28.380486 28.4989 28.610893 28.582623 28.539875 28.497126 28.454377 28.446338 28.506538 28.566739 28.62694 28.68714 28.71766 28.73977 28.761879 28.783988 28.785033 28.711932 28.638832 28.565731 28.49263 28.518553 28.594746 28.670939 28.747133 28.81541 28.816446 28.817482 28.818518 28.819554 28.785141 28.721415 28.657688 28.593962 28.530236 28.517396 28.505102 28.492807 28.480513 -9999 -9999 -9999 -9999 -9999 -9999
28.476307 28.031358 27.888485 27.833184 27.777883 27.722582 27.789727 27.949634 28.10954 28.269447 28.426295 28.308568 28.190841 28.073114 27.986524 28.072239 28.263768 28.378786 28.493804 28.608822 28.582623 28.539875 28.497126 28.454377 28.446338 28.506538 28.566739 28.62694 28.68714 28.71766 28.73977 28.761879 28.783988 28.785033 28.711932 28.638832 28.565731 28.49263 28.518553 28.594746 28.670939 28.747133 28.81541 28.816446 28.817482 28.818518 28.819554 28.785141 28.721415 28.657688 28.593962 28.530236 28.517396 28.505102 28.492807 28.480513 -9999 -9999 -9999 -9999 -9999 -9999 -9999
28.575258 28.343272 27.939653 27.777883 27.722582 27.789727 27.949634 28.10954 28.269447 28.427488 28.315614 28.190841 28.073114 27.955387 27.966483 28.179497 28.378786 28.493804 28.608822 28.582623 28.539875 28.497126 28.454377 28.446338 28.506538 28.566739 28.62694 28.68714 28.71766 28.73977 28.761879 28.783988 28.785033 28.711932 28.638832 28.565731 28.49263 28.518553 28.594746 28.670939 28.747133 28.81541 28.816446 28.817482 28.818518 28.819554 28.785141 28.721415 28.657688 28.593962 28.530236 28.517396 28.505102 28.492807 28.480513 -9999 -9999 -9999 -9999 -9999 -9999 -9999 -9999
28.887173 28.655187 28.267955 27.829051 27.789727 27.949634 28.10954 28.269447 28.427488 28.41806 28.324815 28.08016 27.955387 27.963548 28.123683 28.286754 28.493804 28.608822 28.582623 28.539875 28.497126 28.454377 28.446338 28.506538 28.566739 28.62694 28.68714 28.71766 28.73977 28.761879 28.783988 28.785033 28.711932 28.638832 28.565731 28.49263 28.518553 28.594746 28.670939 28.747133 28.81541 28.816446 28.817482 28.818518 28.819554 28.785141 28.721415 28.657688 28.593962 28.530236 28.517396 28.505102 28.492807 28.480513 -9999 -9999 -9999 -9999 -9999 -9999 -9999 -9999 -9999
29.093415 28.967101 28.596257 28.294332 28.096177 28.153529 28.309042 28.462517 28.424965 28.408631 28.334016 28.089361 27.963548 28.123683 28.283819 28.443954 28.607025 28.582623 28.539875 28.497126 28.454377 28.446338 28.506538 28.566739 28.62694 28.68714 28.71766 28.73977 28.761879 28.783988 28.785033 28.711932 28.638832 28.565731 28.49263 28.518553 28.594746 28.670939 28.747133 28.81541 28.816446 28.817482 28.818518 28.819554 28.785141 28.721415 28.657688 28.593962 28.530236 28.517396 28.505102 28.492807 28.480513 -9999 -9999 -9999 -9999 -9999 -9999 -9999 -9999 -9999 -9999
29.13338 29.173344 29.061538 28.863382 28.665227 28.467072 28.522387 28.492865 28.457007 28.406109 28.343217 28.175384 28.123683 28.283819 28.443954 28.60409 28.582623 28.539875 28.497126 28.454377 28.446338 28.506538 28.566739 28.62694 28.68714 28.71766 28.73977 28.761879 28.783988 28.785033 28.711932 28.638832 28.565731 28.49263 28.518553 28.594746 28.670939 28.747133 28.81541 28.816446 28.817482 28.818518 28.819554 28.785141 28.721415 28.657688 28.593962 28.530236 28.517396 28.505102 28.492807 28.480513 -9999 -9999 -9999 -9999 -9999 -9999 -9999 -9999 -9999 -9999 -9999
29.173344 29.16904 29.131199 29.018822 28.859077 28.698607 28.544426 28.523213 28.489048 28.43815 28.408102 28.354149 28.283819 28.443954 28.60409 28.582623 28.539875 28.497126 28.454377 28.446338 28.506538 28.566739 28.62694 28.68714 28.71766 28.73977 28.761879 28.783988 28.785033 28.711932 28.638832 28.565731 28.49263 28.518553 28.594746 28.670939 28.747133 28.81541 28.816446 28.817482 28.818518 28.819554 28.785141 28.721415 28.657688 28.593962 28.530236 28.517396 28.505102 28.492807 28.480513 -9999 -9999 -9999 -9999 -9999 -9999 -9999 -9999 -9999 -9999 -9999 -9999
29.16904 29.131199 29.093359 29.055518 28.942417 28.716913 28.544839 28.545252 28.521089 28.481917 28.459939 28.511776 28.457823 28.60409 28.582623 28.539875 28.497126 28.454377 28.446338 28.506538 28.566739 28.62694 28.68714 28.71766 28.73977 28.761879 28.783988 28.785033 28.711932 28.638832 28.565731 28.49263 28.518553 28.594746 28.670939 28.747133 28.81541 28.816446 28.817482 28.818518 28.819554 28.785141 28.721415 28.657688 28.593962 28.530236 28.517396 28.505102 28.492807 28.480513 -9999 -9999 -9999 -9999 -9999 -9999 -9999 -9999 -9999 -9999 -9999 -9999 -9999
29.131199 29.093359 29.055518 29.016954 28.913354 28.735218 28.545252 28.545665 28.553346 28.53984 28.514825 28.563613 28.61545 28.582623 28.539875 28.497126 28.454377 28.446338 28.506538 28.566739 28.62694 28.68714 28.71766 28.73977 28.761879 28.783988 28.785033 28.711932 28.638832 28.565731 28.49263 28.518553 28.594746 28.670939 28.747133 28.81541 28.816446 28.817482 28.818518 28.819554 28.785141 28.721415 28.657688 28.593962 28.530236 28.517396 28.505102 28.492807 28.480513 -9999 -9999 -9999 -9999 -9999 -9999 -9999 -9999 -9999 -9999 -9999 -9999 -9999 -9999
29.093359 29.055518 29.016954 28.913354 28.809754 28.706154 28.545665 28.553346 28.5698 28.586254 28.572748 28.61545 28.582623 28.539875 28.497126 28.454377 28.446338 28.506538 28.566739 28.62694 28.68714 28.71766 28.73977 28.761879 28.783988 28.785033 28.711932 28.638832 28.565731 28.49263 28.518553 28.594746 28.670939 28.747133 28.81541 28.816446 28.817482 28.818518 28.819554 28.785141 28.721415 28.657688 28.593962 28.530236 28.517396 28.505102 28.492807 28.480513 -9999 -9999 -9999 -9999 -9999 -9999 -9999 -9999 -9999 -9999 -9999 -9999 -9999 -9999 -9999
29.055518 29.016954 28.913354 28.809754 28.706154 28.602554 28.553346 28.5698 28.586254 28.602708 28.619162 28.582623 28.539875 28.497126 28.454377 28.446338 28.506538 28.566739 28.62694 28.68714 28.71766 28.73977 28.761879 28.783988 28.785033 28.711932 28.638832 28.565731 28.49263 28.518553 28.594746 28.670939 28.747133 28.81541 28.816446 28.817482 28.818518 28.819554 28.785141 28.721415 28.657688 28.593962 28.530236 28.517396 28.505102 28.492807 28.480513 -9999 -9999 -9999 -9999 -9999 -9999 -9999 -9999 -9999 -9999 -9999 -9999 -9999 -9999 -9999 -9999
