test/data/b2010/processor_outputs/debug/OUTPUT_T_45_0_12h.tif
NCOLS 132
NROWS 132
XLLCORNER 352310.43
YLLCORNER 6689219.5
DX 17.797726
DY 17.797726
NODATA_VALUE -9999
[rows 56 to 83 of 132, columns 0 to 62 of 132]
-9999 -9999 -9999 -9999 -9999 -9999 -9999 -9999 -9999 -9999 -9999 -9999 -9999 -9999 28.546822 28.4628 28.378777 28.294755 28.210732 28.254603 28.306883 28.359163 28.411443 28.417459 28.348104 28.27875 28.209395 28.14004 28.147562 28.171686 28.19581 28.219934 28.272657 28.404931 28.537205 28.669479 28.801753 28.905729 28.997948 29.090166 29.182385 29.261452 29.26512 29.268788 29.272456 29.276124 29.259482 29.228759 29.198037 29.167314 29.133588 29.010786 28.887983 28.765181 28.642379 28.489692 28.303929 28.118166 27.932404 27.746641 27.781496 27.836397 27.891298
-9999 -9999 -9999 -9999 -9999 -9999 -9999 -9999 -9999 -9999 -9999 -9999 -9999 28.546822 28.4628 28.378777 28.294755 28.210732 28.254603 28.306883 28.359163 28.411443 28.417459 28.348104 28.27875 28.209395 28.14004 28.147562 28.171686 28.19581 28.219934 28.272657 28.404931 28.537205 28.669479 28.801753 28.905729 28.997948 29.090166 29.182385 29.261452 29.26512 29.268788 29.272456 29.276124 29.259482 29.228759 29.198037 29.167314 29.133588 29.010786 28.887983 28.765181 28.642379 28.598841 28.318889 28.118166 27.932404 27.746641 27.781496 27.836397 27.891298 27.946199
-9999 -9999 -9999 -9999 -9999 -9999 -9999 -9999 -9999 -9999 -9999 -9999 28.546822 28.4628 28.378777 28.294755 28.210732 28.254603 28.306883 28.359163 28.411443 28.417459 28.348104 28.27875 28.209395 28.14004 28.147562 28.171686 28.19581 28.219934 28.272657 28.404931 28.537205 28.669479 28.801753 28.905729 28.997948 29.090166 29.182385 29.261452 29.26512 29.268788 29.272456 29.276124 29.259482 29.228759 29.198037 29.167314 29.133588 29.010786 28.887983 28.765181 28.642379 28.598841 28.643033 28.402637 27.947364 27.746641 27.781496 27.836397 27.891298 27.946199 28.029513
-9999 -9999 -9999 -9999 -9999 -9999 -9999 -9999 -9999 -9999 -9999 28.546822 28.4628 28.378777 28.294755 28.210732 28.254603 28.306883 28.359163 28.411443 28.417459 28.348104 28.27875 28.209395 28.14004 28.147562 28.171686 28.19581 28.219934 28.272657 28.404931 28.537205 28.669479 28.801753 28.905729 28.997948 29.090166 29.182385 29.261452 29.26512 29.268788 29.272456 29.276124 29.259482 29.228759 29.198037 29.167314 29.133588 29.010786 28.887983 28.765181 28.642379 28.644275 28.661715 28.687224 28.486384 28.031112 27.781496 27.836397 27.891298 27.946199 28.029513 28.163614
-9999 -9999 -9999 -9999 -9999 -9999 -9999 -9999 -9999 -9999 28.546822 28.4628 28.378777 28.294755 28.210732 28.254603 28.306883 28.359163 28.411443 28.417459 28.348104 28.27875 28.209395 28.14004 28.147562 28.171686 28.19581 28.219934 28.272657 28.404931 28.537205 28.669479 28.801753 28.905729 28.997948 29.090166 29.182385 29.261452 29.26512 29.268788 29.272456 29.276124 29.259482 29.228759 29.198037 29.167314 29.133588 29.010786 28.887983 28.765181 28.642379 28.644275 28.784185 28.81809 28.750097 28.570132 28.124677 27.836397 27.891298 27.946199 28.029513 28.163614 28.297716
-9999 -9999 -9999 -9999 -9999 -9999 -9999 -9999 -9999 28.546822 28.4628 28.378777 28.294755 28.210732 28.254603 28.306883 28.359163 28.411443 28.417459 28.348104 28.27875 28.209395 28.14004 28.147562 28.171686 28.19581 28.219934 28.272657 28.404931 28.537205 28.669479 28.801753 28.905729 28.997948 29.090166 29.182385 29.261452 29.26512 29.268788 29.272456 29.276124 29.259482 29.228759 29.198037 29.167314 29.133588 29.010786 28.887983 28.765181 28.642379 28.644275 28.784185 28.924095 28.974465 28.906472 28.618815 28.219134 27.891298 27.946199 28.029513 28.163614 28.297716 28.431817
-9999 -9999 -9999 -9999 -9999 -9999 -9999 -9999 28.546822 28.4628 28.378777 28.294755 28.210732 28.254603 28.306883 28.359163 28.411443 28.417459 28.348104 28.27875 28.209395 28.14004 28.147562 28.171686 28.19581 28.219934 28.272657 28.404931 28.537205 28.669479 28.801753 28.905729 28.997948 29.090166 29.182385 29.261452 29.26512 29.268788 29.272456 29.276124 29.259482 29.228759 29.198037 29.167314 29.133588 29.010786 28.887983 28.765181 28.642379 28.644275 28.784185 28.924095 29.064005 29.13084 28.77412 28.443763 28.26871 27.946199 28.029513 28.163614 28.297716 28.431817 28.565919
-9999 -9999 -9999 -9999 -9999 -9999 -9999 28.546822 28.4628 28.378777 28.294755 28.210732 28.254603 28.306883 28.359163 28.411443 28.417459 28.348104 28.27875 28.209395 28.14004 28.147562 28.171686 28.19581 28.219934 28.272657 28.404931 28.537205 28.669479 28.801753 28.905729 28.997948 29.090166 29.182385 29.261452 29.26512 29.268788 29.272456 29.276124 29.259482 29.228759 29.198037 29.167314 29.133588 29.010786 28.887983 28.765181 28.642379 28.644275 28.784185 28.924095 29.064005 29.203914 28.967351 28.615532 28.26871 28.093657 28.029513 28.163614 28.297716 28.431817 28.565919 28.626931
-9999 -9999 -9999 -9999 -9999 -9999 -9999 -9999 28.378777 28.294755 28.210732 28.254603 28.306883 28.359163 28.411443 28.417459 28.348104 28.27875 28.209395 28.14004 28.147562 28.171686 28.19581 28.219934 28.272657 28.404931 28.537205 28.669479 28.801753 28.905729 28.997948 29.090166 29.182385 29.261452 29.26512 29.268788 29.272456 29.276124 29.259482 29.228759 29.198037 29.167314 29.133588 29.010786 28.887983 28.765181 28.642379 28.644275 28.784185 28.924095 29.064005 29.203914 28.967351 28.69658 28.425808 28.093657 28.029513 28.163614 28.297716 28.431817 28.565919 28.626931 28.669761
-9999 -9999 -9999 -9999 -9999 -9999 -9999 -9999 -9999 28.210732 28.254603 28.306883 28.359163 28.411443 28.417459 28.348104 28.27875 28.209395 28.14004 28.147562 28.171686 28.19581 28.219934 28.272657 28.404931 28.537205 28.669479 28.801753 28.905729 28.997948 29.090166 29.182385 29.261452 29.26512 29.268788 29.272456 29.276124 29.259482 29.228759 29.198037 29.167314 29.133588 29.010786 28.887983 28.765181 28.642379 28.644275 28.784185 28.924095 29.064005 29.203914 28.998694 28.69658 28.425808 28.155037 28.029513 28.163614 28.297716 28.431817 28.565919 28.626931 28.669761 28.712592
-9999 -9999 -9999 -9999 -9999 -9999 -9999 -9999 -9999 -9999 28.306883 28.359163 28.411443 28.417459 28.348104 28.27875 28.209395 28.14004 28.147562 28.171686 28.19581 28.219934 28.272657 28.404931 28.537205 28.669479 28.801753 28.905729 28.997948 29.090166 29.182385 29.261452 29.26512 29.268788 29.272456 29.276124 29.259482 29.228759 29.198037 29.167314 29.133588 29.010786 28.887983 28.765181 28.642379 28.644275 28.784185 28.924095 29.064005 29.203914 29.030441 28.808583 28.457151 28.155037 28.029513 28.163614 28.297716 28.431817 28.565919 28.626931 28.669761 28.712592 28.755422
-9999 -9999 -9999 -9999 -9999 -9999 -9999 -9999 -9999 -9999 -9999 28.411443 28.417459 28.348104 28.27875 28.209395 28.14004 28.147562 28.171686 28.19581 28.219934 28.272657 28.404931 28.537205 28.669479 28.801753 28.905729 28.997948 29.090166 29.182385 29.261452 29.26512 29.268788 29.272456 29.276124 29.259482 29.228759 29.198037 29.167314 29.133588 29.010786 28.887983 28.765181 28.642379 28.644275 28.784185 28.924095 29.064005 29.203914 29.0778 28.828492 28.618473 28.26704 28.060855 28.163614 28.297716 28.431817 28.565919 28.626931 28.669761 28.712592 28.755422 28.807734
-9999 -9999 -9999 -9999 -9999 -9999 -9999 -9999 -9999 -9999 -9999 -9999 28.348104 28.27875 28.209395 28.14004 28.147562 28.171686 28.19581 28.219934 28.272657 28.404931 28.537205 28.669479 28.801753 28.905729 28.997948 29.090166 29.182385 29.261452 29.26512 29.268788 29.272456 29.276124 29.259482 29.228759 29.198037 29.167314 29.133588 29.010786 28.887983 28.765181 28.642379 28.644275 28.784185 28.924095 29.064005 29.203914 29.104587 28.970648 28.673902 28.424594 28.222177 28.275618 28.329058 28.431817 28.565919 28.574172 28.64833 28.712592 28.755422 28.792785 28.877595
-9999 -9999 -9999 -9999 -9999 -9999 -9999 -9999 -9999 -9999 -9999 -9999 -9999 28.209395 28.14004 28.147562 28.171686 28.19581 28.219934 28.272657 28.404931 28.537205 28.669479 28.801753 28.905729 28.997948 29.090166 29.182385 29.261452 29.26512 29.268788 29.272456 29.276124 29.259482 29.228759 29.198037 29.167314 29.133588 29.010786 28.887983 28.765181 28.642379 28.644275 28.784185 28.924095 29.064005 29.203914 29.104587 28.983521 28.862455 28.566749 28.365872 28.383791 28.449071 28.51435 28.579629 28.574172 28.551119 28.613944 28.733991 28.792785 28.813099 28.88732
-9999 -9999 -9999 -9999 -9999 -9999 -9999 -9999 -9999 -9999 -9999 -9999 -9999 -9999 28.147562 28.171686 28.19581 28.219934 28.272657 28.404931 28.537205 28.669479 28.801753 28.905729 28.997948 29.090166 29.182385 29.261452 29.26512 29.268788 29.272456 29.276124 29.259482 29.228759 29.198037 29.167314 29.133588 29.010786 28.887983 28.765181 28.642379 28.644275 28.784185 28.924095 29.064005 29.203914 29.104587 28.983521 28.862455 28.741389 28.555464 28.525947 28.49643 28.51435 28.579629 28.703625 28.624739 28.528066 28.579557 28.724544 28.8324 28.833413 28.897044
-9999 -9999 -9999 -9999 -9999 -9999 -9999 -9999 -9999 -9999 -9999 -9999 -9999 -9999 -9999 28.19581 28.219934 28.272657 28.404931 28.537205 28.669479 28.801753 28.905729 28.997948 29.090166 29.182385 29.261452 29.26512 29.268788 29.272456 29.276124 29.259482 29.228759 29.198037 29.167314 29.133588 29.010786 28.887983 28.765181 28.642379 28.644275 28.784185 28.924095 29.064005 29.203914 29.104587 28.983521 28.862455 28.741389 28.692239 28.72828 28.696334 28.664389 28.632443 28.703625 28.842228 28.791149 28.578632 28.57011 28.792859 28.922255 28.873029 28.906769
-9999 -9999 -9999 -9999 -9999 -9999 -9999 -9999 -9999 -9999 -9999 -9999 -9999 -9999 -9999 -9999 28.272657 28.404931 28.537205 28.669479 28.801753 28.905729 28.997948 29.090166 29.182385 29.261452 29.26512 29.268788 29.272456 29.276124 29.259482 29.228759 29.198037 29.167314 29.133588 29.010786 28.887983 28.765181 28.642379 28.644275 28.784185 28.924095 29.064005 29.203914 29.104587 28.983521 28.862455 28.741389 28.692239 28.771637 28.851035 28.887076 28.85513 28.794518 28.842228 28.98083 28.95756 28.746725 28.66843 28.861174 29.01211 28.962883 28.816235
-9999 -9999 -9999 -9999 -9999 -9999 -9999 -9999 -9999 -9999 -9999 -9999 -9999 -9999 -9999 -9999 -9999 28.537205 28.669479 28.801753 28.905729 28.997948 29.090166 29.182385 29.261452 29.26512 29.268788 29.272456 29.276124 29.259482 29.228759 29.198037 29.167314 29.133588 29.010786 28.887983 28.765181 28.642379 28.644275 28.784185 28.924095 29.064005 29.203914 29.104587 28.983521 28.862455 28.741389 28.692239 28.771637 28.851035 28.930433 29.009831 29.017206 28.949463 28.98083 29.119433 29.125653 28.920065 28.813961 28.959493 29.101965 29.017418 28.884226
-9999 -9999 -9999 -9999 -9999 -9999 -9999 -9999 -9999 -9999 -9999 -9999 -9999 -9999 -9999 -9999 -9999 -9999 28.801753 28.905729 28.997948 29.090166 29.182385 29.261452 29.26512 29.268788 29.272456 29.276124 29.259482 29.228759 29.198037 29.167314 29.133588 29.010786 28.887983 28.765181 28.642379 28.644275 28.784185 28.924095 29.064005 29.203914 29.104587 28.983521 28.862455 28.741389 28.692239 28.771637 28.851035 28.930433 29.009831 29.060562 29.104163 29.104408 29.119433 29.220462 29.204338 29.093405 28.959493 29.105025 29.128707 29.055701 28.952217
-9999 -9999 -9999 -9999 -9999 -9999 -9999 -9999 -9999 -9999 -9999 -9999 -9999 -9999 -9999 -9999 -9999 -9999 -9999 28.997948 29.090166 29.182385 29.261452 29.26512 29.268788 29.272456 29.276124 29.259482 29.228759 29.198037 29.167314 29.133588 29.010786 28.887983 28.765181 28.642379 28.644275 28.784185 28.924095 29.064005 29.203914 29.104587 28.983521 28.862455 28.741389 28.692239 28.771637 28.851035 28.930433 29.009831 29.060562 29.104163 29.147764 29.191365 29.220462 29.204338 29.188214 29.17209 29.105025 29.128318 29.095465 29.066191 28.993185
-9999 -9999 -9999 -9999 -9999 -9999 -9999 -9999 -9999 -9999 -9999 -9999 -9999 -9999 -9999 -9999 -9999 -9999 -9999 -9999 29.182385 29.261452 29.26512 29.268788 29.272456 29.276124 29.259482 29.228759 29.198037 29.167314 29.133588 29.010786 28.887983 28.765181 28.642379 28.644275 28.784185 28.924095 29.064005 29.203914 29.104587 28.983521 28.862455 28.741389 28.692239 28.771637 28.851035 28.930433 29.009831 29.060562 29.104163 29.147764 29.191365 29.220462 29.204338 29.188214 29.17209 29.155966 29.128318 29.095368 29.062418 29.03295 29.012931
-9999 -9999 -9999 -9999 -9999 -9999 -9999 -9999 -9999 -9999 -9999 -9999 -9999 -9999 -9999 -9999 -9999 -9999 -9999 -9999 -9999 29.26512 29.268788 29.272456 29.276124 29.259482 29.228759 29.198037 29.167314 29.133588 29.010786 28.887983 28.765181 28.642379 28.644275 28.784185 28.924095 29.064005 29.203914 29.104587 28.983521 28.862455 28.741389 28.692239 28.771637 28.851035 28.930433 29.009831 29.060562 29.104163 29.147764 29.191365 29.220462 29.204338 29.188214 29.17209 29.155966 29.128318 29.095368 29.062418 29.029468 29.008963 29.052604
-9999 -9999 -9999 -9999 -9999 -9999 -9999 -9999 -9999 -9999 -9999 -9999 -9999 -9999 -9999 -9999 -9999 -9999 -9999 -9999 -9999 -9999 29.272456 29.276124 29.259482 29.228759 29.198037 29.167314 29.133588 29.010786 28.887983 28.765181 28.642379 28.644275 28.784185 28.924095 29.064005 29.203914 29.104587 28.983521 28.862455 28.741389 28.692239 28.771637 28.851035 28.930433 29.009831 29.060562 29.104163 29.147764 29.191365 29.220462 29.204338 29.188214 29.17209 29.155966 29.128318 29.095368 29.062418 29.029468 29.005987 29.048637 29.092277
-9999 -9999 -9999 -9999 -9999 -9999 -9999 -9999 -9999 -9999 -9999 -9999 -9999 -9999 -9999 -9999 -9999 -9999 -9999 -9999 -9999 -9999 -9999 29.259482 29.228759 29.198037 29.167314 29.133588 29.010786 28.887983 28.765181 28.642379 28.644275 28.784185 28.924095 29.064005 29.203914 29.104587 28.983521 28.862455 28.741389 28.692239 28.771637 28.851035 28.930433 29.009831 29.060562 29.104163 29.147764 29.191365 29.220462 29.204338 29.188214 29.17209 29.155966 29.128318 29.095368 29.062418 29.029468 29.005987 29.047644 29.089301 29.13195
-9999 -9999 -9999 -9999 -9999 -9999 -9999 -9999 -9999 -9999 -9999 -9999 -9999 -9999 -9999 -9999 -9999 -9999 -9999 -9999 -9999 -9999 -9999 -9999 29.198037 29.167314 29.133588 29.010786 28.887983 28.765181 28.642379 28.644275 28.784185 28.924095 29.064005 29.203914 29.104587 28.983521 28.862455 28.741389 28.692239 28.771637 28.851035 28.930433 29.009831 29.060562 29.104163 29.147764 29.191365 29.220462 29.204338 29.188214 29.17209 29.155966 29.128318 29.095368 29.062418 29.029468 29.005987 29.047644 29.089301 29.130958 29.172614
-9999 -9999 -9999 -9999 -9999 -9999 -9999 -9999 -9999 -9999 -9999 -9999 -9999 -9999 -9999 -9999 -9999 -9999 -9999 -9999 -9999 -9999 -9999 -9999 -9999 29.133588 29.010786 28.887983 28.765181 28.642379 28.644275 28.784185 28.924095 29.064005 29.203914 29.104587 28.983521 28.862455 28.741389 28.692239 28.771637 28.851035 28.930433 29.009831 29.060562 29.104163 29.147764 29.191365 29.220462 29.204338 29.188214 29.17209 29.155966 29.128318 29.095368 29.062418 29.029468 29.005987 29.047644 29.089301 29.130958 29.172614 29.16904
-9999 -9999 -9999 -9999 -9999 -9999 -9999 -9999 -9999 -9999 -9999 -9999 -9999 -9999 -9999 -9999 -9999 -9999 -9999 -9999 -9999 -9999 -9999 -9999 -9999 -9999 28.887983 28.765181 28.642379 28.644275 28.784185 28.924095 29.064005 29.203914 29.104587 28.983521 28.862455 28.741389 28.692239 28.771637 28.851035 28.930433 29.009831 29.060562 29.104163 29.147764 29.191365 29.220462 29.204338 29.188214 29.17209 29.155966 29.128318 29.095368 29.062418 29.029468 29.005987 29.047644 29.089301 29.130958 29.172614 29.16904 29.131199
-9999 -9999 -9999 -9999 -9999 -9999 -9999 -9999 -9999 -9999 -9999 -9999 -9999 -9999 -9999 -9999 -9999 -9999 -9999 -9999 -9999 -9999 -9999 -9999 -9999 -9999 -9999 28.642379 28.644275 28.784185 28.924095 29.064005 29.203914 29.104587 28.983521 28.862455 28.741389 28.692239 28.771637 28.851035 28.930433 29.009831 29.060562 29.104163 29.147764 29.191365 29.220462 29.204338 29.188214 29.17209 29.155966 29.128318 29.095368 29.062418 29.029468 29.005987 29.047644 29.089301 29.130958 29.172614 29.16904 29.131199 29.093359
