test/data/b2010/processor_outputs/debug/OUTPUT_T_270_0_23h.tif
NCOLS 132
NROWS 132
XLLCORNER 352310.43
YLLCORNER 6689219.5
DX 17.797726
DY 17.797726
NODATA_VALUE -9999
[rows 58 to 86 of 132, columns 64 to 127 of 132]
13.383252 13.343211 13.312414 13.281617 13.247408 13.221151 13.194893 13.275818 14.206818 15.137817 15.993165 16.031458 16.06975 16.111285 16.173776 16.237464 16.308841 16.377706 16.441394 16.509868 16.565116 16.606333 16.648909 16.671662 16.671662 16.671662 16.671662 16.671662 16.671662 16.671662 16.671662 16.671662 16.671662 16.671662 16.671662 16.671662 16.671662 16.671662 16.671662 16.671662 16.671662 16.671662 16.671662 16.671662 16.671662 16.658533 16.645057 16.635632 -9999 -9999 -9999 -9999 -9999 -9999 -9999 -9999 -9999 -9999 -9999 -9999 -9999 -9999 -9999 -9999
13.450898 13.40743 13.376633 13.339298 13.301281 13.275024 13.244188 13.321161 14.252161 15.123297 15.902889 15.941182 15.982702 16.030334 16.092825 16.164158 16.258363 16.327228 16.395658 16.489863 16.545111 16.587655 16.650874 16.673628 16.673628 16.673628 16.673628 16.673628 16.673628 16.673628 16.673628 16.673628 16.673628 16.673628 16.673628 16.673628 16.673628 16.673628 16.673628 16.673628 16.673628 16.673628 16.673628 16.673628 16.673628 16.660499 16.651055 16.651055 -9999 -9999 -9999 -9999 -9999 -9999 -9999 -9999 -9999 -9999 -9999 -9999 -9999 -9999 -9999 -9999
13.515117 13.47165 13.434329 13.39317 13.355154 13.324331 13.289532 13.366504 14.237836 15.033021 15.812613 15.85412 15.901752 15.949383 16.019475 16.11368 16.207885 16.281449 16.375654 16.469858 16.5264 16.58962 16.65284 16.675594 16.675594 16.675594 16.675594 16.675594 16.675594 16.675594 16.675594 16.675594 16.675594 16.675594 16.675594 16.675594 16.675594 16.675594 16.675594 16.675594 16.675594 16.675594 16.675594 16.675594 16.675594 16.666478 16.666478 16.666478 -9999 -9999 -9999 -9999 -9999 -9999 -9999 -9999 -9999 -9999 -9999 -9999 -9999 -9999 -9999 -9999
13.591891 13.545337 13.504178 13.46302 13.423361 13.388561 13.353762 13.629358 14.424542 15.219727 15.743333 15.790965 15.838596 15.896971 15.990938 16.085143 16.180888 16.276806 16.371011 16.465795 16.539893 16.603113 16.666333 16.675688 16.675688 16.675688 16.675688 16.675688 16.675688 16.675688 16.675688 16.675688 16.675688 16.675688 16.675688 16.675688 16.675688 16.675688 16.675688 16.675688 16.675688 16.675688 16.675688 16.675688 16.675688 16.675688 16.675688 16.675688 -9999 -9999 -9999 -9999 -9999 -9999 -9999 -9999 -9999 -9999 -9999 -9999 -9999 -9999 -9999 -9999
13.695186 13.64873 13.607572 13.566675 13.527245 13.492445 13.748027 14.397606 15.192791 15.71656 15.717541 15.765172 15.823485 15.914499 16.008466 16.104197 16.208499 16.304417 16.399187 16.503489 16.577587 16.640806 16.664068 16.671854 16.671854 16.671854 16.671854 16.671854 16.671854 16.671854 16.671854 16.671854 16.671854 16.671854 16.671854 16.671854 16.671854 16.671854 16.671854 16.671854 16.671854 16.671854 16.671854 16.671854 16.671854 16.671854 16.671854 16.671854 -9999 -9999 -9999 -9999 -9999 -9999 -9999 -9999 -9999 -9999 -9999 -9999 -9999 -9999 -9999 -9999
13.79858 13.752124 13.711226 13.670559 13.631129 13.885754 14.516276 15.165854 15.690767 15.690767 15.691748 15.749998 15.841013 15.932027 16.027505 16.131807 16.23611 16.332578 16.43688 16.541182 16.61528 16.638602 16.660233 16.668019 16.668019 16.668019 16.668019 16.668019 16.668019 16.668019 16.668019 16.668019 16.668019 16.668019 16.668019 16.668019 16.668019 16.668019 16.668019 16.668019 16.668019 16.668019 16.668019 16.668019 16.668019 16.668019 16.668019 16.668019 -9999 -9999 -9999 -9999 -9999 -9999 -9999 -9999 -9999 -9999 -9999 -9999 -9999 -9999 -9999 -9999
13.929976 13.882896 13.842229 13.801562 13.901764 14.532286 15.162808 15.66016 15.66016 15.66016 15.662035 15.75305 15.844064 15.94082 16.047019 16.151321 16.257175 16.366439 16.470741 16.575044 16.621688 16.64332 16.664952 16.66792 16.66792 16.66792 16.66792 16.66792 16.66792 16.66792 16.66792 16.66792 16.66792 16.66792 16.66792 16.66792 16.66792 16.66792 16.66792 16.66792 16.66792 16.66792 16.66792 16.66792 16.66792 16.66792 16.66792 16.66792 -9999 -9999 -9999 -9999 -9999 -9999 -9999 -9999 -9999 -9999 -9999 -9999 -9999 -9999 -9999 -9999
14.157089 14.108368 14.067701 14.02576 14.124293 14.754815 15.294245 15.612782 15.612782 15.612782 15.614657 15.705671 15.802371 15.932126 16.038325 16.144137 16.277687 16.386951 16.491253 16.608969 16.656204 16.677835 16.680834 16.680834 16.680834 16.680834 16.680834 16.680834 16.680834 16.680834 16.680834 16.680834 16.680834 16.680834 16.680834 16.680834 16.680834 16.680834 16.680834 16.680834 16.680834 16.680834 16.680834 16.680834 16.680834 16.680834 16.680834 16.680834 -9999 -9999 -9999 -9999 -9999 -9999 -9999 -9999 -9999 -9999 -9999 -9999 -9999 -9999 -9999 -9999
14.382561 14.33384 14.291903 14.248289 14.346822 14.886641 15.246866 15.565403 15.565403 15.565403 15.567278 15.663922 15.793677 15.923432 16.031099 16.164649 16.298198 16.407463 16.525158 16.643484 16.690719 16.693749 16.693749 16.693749 16.693749 16.693749 16.693749 16.693749 16.693749 16.693749 16.693749 16.693749 16.693749 16.693749 16.693749 16.693749 16.693749 16.693749 16.693749 16.693749 16.693749 16.693749 16.693749 16.693749 16.693749 16.693749 16.693749 16.693749 -9999 -9999 -9999 -9999 -9999 -9999 -9999 -9999 -9999 -9999 -9999 -9999 -9999 -9999 -9999 -9999
14.528781 14.479462 14.435848 14.392233 14.52898 14.889206 15.249431 15.523563 15.523563 15.523563 15.526236 15.655991 15.785746 15.909176 16.032772 16.166322 16.299872 16.404318 16.522644 16.640969 16.590434 16.590434 16.590434 16.643426 16.643426 16.643426 16.696418 16.696418 16.696418 16.704889 16.704889 16.704889 16.704889 16.704889 16.704889 16.704889 16.704889 16.704889 16.704889 16.704889 16.704889 16.704889 16.704889 16.704889 16.704889 16.704889 16.704889 16.704889 -9999 -9999 -9999 -9999 -9999 -9999 -9999 -9999 -9999 -9999 -9999 -9999 -9999 -9999 -9999 -9999
14.113332 14.065421 14.021806 14.235143 14.886169 15.246395 15.521044 15.521044 15.521044 15.521044 15.523717 15.653472 15.777089 15.777089 15.900686 16.034236 16.040622 16.138874 16.257199 15.806351 15.661836 15.661836 15.989369 16.144088 16.144088 16.430727 16.626339 16.626339 16.665622 16.703427 16.703427 16.703427 16.703427 16.703427 16.703427 16.703427 16.703427 16.703427 16.703427 16.703427 16.703427 16.703427 16.703427 16.703427 16.703427 16.703427 16.703427 16.703427 -9999 -9999 -9999 -9999 -9999 -9999 -9999 -9999 -9999 -9999 -9999 -9999 -9999 -9999 -9999 -9999
13.69929 13.651379 13.863605 14.592332 15.243358 15.518526 15.518526 15.518526 15.518526 15.518526 15.521199 15.645003 15.645003 15.645003 15.768599 15.775178 15.775178 15.873429 15.423536 14.877752 14.733238 15.060152 15.490031 15.644749 15.93077 16.360648 16.55626 16.595444 16.66416 16.701966 16.701966 16.701966 16.701966 16.701966 16.701966 16.701966 16.701966 16.701966 16.701966 16.701966 16.701966 16.701966 16.701966 16.701966 16.701966 16.701966 16.701966 16.701966 -9999 -9999 -9999 -9999 -9999 -9999 -9999 -9999 -9999 -9999 -9999 -9999 -9999 -9999 -9999 -9999
13.320201 13.454033 14.18276 14.911488 15.467596 15.467596 15.467596 15.466247 15.466247 15.466247 15.4651 15.4651 15.4651 15.4651 15.464121 15.464121 15.464121 15.021445 14.475661 13.929877 14.137113 14.566991 14.99687 15.439198 15.869077 16.298955 16.527031 16.595747 16.664463 16.700631 16.700631 16.700631 16.700631 16.700631 16.700631 16.700631 16.700631 16.700631 16.700631 16.700631 16.700631 16.700631 16.700631 16.700631 16.700631 16.700631 16.700631 16.700631 -9999 -9999 -9999 -9999 -9999 -9999 -9999 -9999 -9999 -9999 -9999 -9999 -9999 -9999 -9999 -9999
13.618717 12.217244 12.945972 13.489083 13.436157 13.436157 13.428335 13.378258 13.378258 13.37619 13.32908 13.32908 13.32908 13.290118 13.287054 13.287054 13.663287 13.284951 12.739167 13.328433 13.896673 14.326551 15.102604 15.720554 16.150432 16.461631 16.599504 16.66822 16.704487 16.704487 16.704487 16.704487 16.704487 16.704487 16.704487 16.704487 16.704487 16.704487 16.704487 16.704487 16.704487 16.704487 16.704487 16.704487 16.704487 16.704487 16.704487 16.704487 -9999 -9999 -9999 -9999 -9999 -9999 -9999 -9999 -9999 -9999 -9999 -9999 -9999 -9999 -9999 -9999
12.381929 10.980456 11.524712 11.457644 11.404717 11.396977 11.340347 11.29027 11.288271 11.24017 11.19306 11.19306 11.154156 11.113051 11.109987 11.485585 11.926793 11.548457 12.135567 13.087993 13.656233 14.431534 15.383959 16.001909 16.313409 16.534104 16.671977 16.708343 16.708343 16.708343 16.708343 16.708343 16.708343 16.708343 16.708343 16.708343 16.708343 16.708343 16.708343 16.708343 16.708343 16.708343 16.708343 16.708343 16.708343 16.708343 16.708343 16.708343 -9999 -9999 -9999 -9999 -9999 -9999 -9999 -9999 -9999 -9999 -9999 -9999 -9999 -9999 -9999 -9999
11.14514 9.5603412 9.4932728 9.4262044 9.3656192 9.3089888 9.2523583 9.2003523 9.1522511 9.10415 9.0570398 9.0181954 8.9770895 8.9359835 9.3078828 9.749091 10.190299 10.942701 11.895127 12.847552 13.760464 14.712889 15.665315 16.165187 16.385882 16.606578 16.712199 16.712199 16.712199 16.712199 16.712199 16.712199 16.712199 16.712199 16.712199 16.712199 16.712199 16.712199 16.712199 16.712199 16.712199 16.712199 16.712199 16.712199 16.712199 16.712199 16.712199 16.712199 -9999 -9999 -9999 -9999 -9999 -9999 -9999 -9999 -9999 -9999 -9999 -9999 -9999 -9999 -9999 -9999
11.585172 11.56465 11.497582 11.291015 10.403405 10.346774 10.288691 10.199816 10.151715 10.103614 10.03039 9.9892845 9.9481786 10.721635 11.198451 11.639659 11.827113 12.635658 13.588083 13.982338 14.710206 15.662631 16.137562 16.316382 16.537078 16.677509 16.699876 16.699876 16.699876 16.699876 16.699876 16.699876 16.699876 16.699876 16.699876 16.699876 16.699876 16.699876 16.699876 16.699876 16.699876 16.699876 16.699876 16.699876 16.699876 16.699876 16.699876 16.699876 -9999 -9999 -9999 -9999 -9999 -9999 -9999 -9999 -9999 -9999 -9999 -9999 -9999 -9999 -9999 -9999
13.920138 13.899616 13.694549 12.584901 11.697291 11.639262 11.545051 11.456177 11.408076 11.334184 11.259414 11.218308 11.990383 12.909375 13.386191 13.57413 13.678476 14.487021 14.882495 14.986842 15.71471 16.190861 16.295208 16.474028 16.614705 16.663859 16.686226 16.686226 16.686226 16.686226 16.686226 16.686226 16.686226 16.686226 16.686226 16.686226 16.686226 16.686226 16.686226 16.686226 16.686226 16.686226 16.686226 16.686226 16.686226 16.686226 16.686226 16.686226 -9999 -9999 -9999 -9999 -9999 -9999 -9999 -9999 -9999 -9999 -9999 -9999 -9999 -9999 -9999 -9999
16.255103 16.098083 14.988435 13.878788 12.989833 12.895622 12.801412 12.712538 12.638685 12.563207 12.488438 13.259131 14.178123 15.097115 15.321146 15.425493 15.529839 15.782653 15.887 15.991346 16.24416 16.348506 16.452853 16.551902 16.601056 16.65021 16.672577 16.672577 16.672577 16.672577 16.672577 16.672577 16.672577 16.672577 16.672577 16.672577 16.672577 16.672577 16.672577 16.672577 16.672577 16.672577 16.672577 16.672577 16.672577 16.672577 16.672577 16.672577 -9999 -9999 -9999 -9999 -9999 -9999 -9999 -9999 -9999 -9999 -9999 -9999 -9999 -9999 -9999 -9999
16.666169 16.32663 15.216983 14.145459 14.125594 14.031383 13.937173 13.922712 13.847235 13.771758 13.778924 14.697915 15.616907 15.847601 15.944171 16.048517 16.084637 16.171281 16.275627 16.321674 16.398391 16.502737 16.55871 16.590173 16.639327 16.67037 16.67037 16.67037 16.67037 16.67037 16.67037 16.67037 16.67037 16.67037 16.67037 16.67037 16.67037 16.67037 16.67037 16.67037 16.67037 16.67037 16.67037 16.67037 16.67037 16.67037 16.67037 16.67037 -9999 -9999 -9999 -9999 -9999 -9999 -9999 -9999 -9999 -9999 -9999 -9999 -9999 -9999 -9999 -9999
16.668241 16.328703 15.255582 15.255582 15.235717 15.141506 15.135645 15.12691 15.051433 15.039558 15.05849 15.977482 16.209498 16.209498 16.306068 16.342338 16.342338 16.428982 16.475179 16.475179 16.551896 16.608019 16.608019 16.639482 16.670595 16.670595 16.670595 16.670595 16.670595 16.670595 16.670595 16.670595 16.670595 16.670595 16.670595 16.670595 16.670595 16.670595 16.670595 16.670595 16.670595 16.670595 16.670595 16.670595 16.670595 16.670595 16.670595 16.670595 -9999 -9999 -9999 -9999 -9999 -9999 -9999 -9999 -9999 -9999 -9999 -9999 -9999 -9999 -9999 -9999
16.670313 16.365705 16.365705 16.365705 16.34584 16.339843 16.339843 16.331108 16.319124 16.319124 16.338057 16.571395 16.571395 16.571395 16.600039 16.600039 16.600039 16.628683 16.628683 16.628683 16.657327 16.657327 16.657327 16.670821 16.670821 16.670821 16.670821 16.670821 16.670821 16.670821 16.670821 16.670821 16.670821 16.670821 16.670821 16.670821 16.670821 16.670821 16.670821 16.670821 16.670821 16.670821 16.670821 16.670821 16.670821 16.670821 16.670821 16.670821 -9999 -9999 -9999 -9999 -9999 -9999 -9999 -9999 -9999 -9999 -9999 -9999 -9999 -9999 -9999 -9999
16.67185 16.67185 16.67185 16.67185 16.67185 16.67185 16.67185 16.67185 16.67185 16.67185 16.67185 16.67185 16.67185 16.67185 16.67185 16.67185 16.67185 16.67185 16.67185 16.67185 16.67185 16.67185 16.67185 16.67185 16.67185 16.67185 16.67185 16.67185 16.67185 16.67185 16.67185 16.67185 16.67185 16.67185 16.67185 16.67185 16.67185 16.67185 16.67185 16.67185 16.67185 16.67185 16.67185 16.67185 16.67185 16.67185 16.67185 16.67185 -9999 -9999 -9999 -9999 -9999 -9999 -9999 -9999 -9999 -9999 -9999 -9999 -9999 -9999 -9999 -9999
16.673183 16.673183 16.673183 16.673183 16.673183 16.673183 16.673183 16.673183 16.673183 16.673183 16.673183 16.673183 16.673183 16.673183 16.673183 16.673183 16.673183 16.673183 16.673183 16.673183 16.673183 16.673183 16.673183 16.673183 16.673183 16.673183 16.673183 16.673183 16.673183 16.673183 16.673183 16.673183 16.673183 16.673183 16.673183 16.673183 16.673183 16.673183 16.673183 16.673183 16.673183 16.673183 16.673183 16.673183 16.673183 16.673183 16.673183 16.673183 -9999 -9999 -9999 -9999 -9999 -9999 -9999 -9999 -9999 -9999 -9999 -9999 -9999 -9999 -9999 -9999
16.674517 16.674517 16.674517 16.674517 16.674517 16.674517 16.674517 16.674517 16.674517 16.674517 16.674517 16.674517 16.674517 16.674517 16.674517 16.674517 16.674517 16.674517 16.674517 16.674517 16.674517 16.674517 16.674517 16.674517 16.674517 16.674517 16.674517 16.674517 16.674517 16.674517 16.674517 16.674517 16.674517 16.674517 16.674517 16.674517 16.674517 16.674517 16.674517 16.674517 16.674517 16.674517 16.674517 16.674517 16.674517 16.674517 16.674517 16.674517 -9999 -9999 -9999 -9999 -9999 -9999 -9999 -9999 -9999 -9999 -9999 -9999 -9999 -9999 -9999 -9999
16.680507 16.680507 16.680507 16.680507 16.680507 16.680507 16.680507 16.680507 16.680507 16.680507 16.680507 16.680507 16.680507 16.680507 16.680507 16.680507 16.680507 16.680507 16.680507 16.680507 16.680507 16.680507 16.680507 16.680507 16.680507 16.680507 16.680507 16.680507 16.680507 16.680507 16.680507 16.680507 16.680507 16.680507 16.680507 16.680507 16.680507 16.680507 16.680507 16.680507 16.680507 16.680507 16.680507 16.680507 16.680507 16.680507 16.680507 16.680507 -9999 -9999 -9999 -9999 -9999 -9999 -9999 -9999 -9999 -9999 -9999 -9999 -9999 -9999 -9999 -9999
16.689284 16.689284 16.689284 16.689284 16.689284 16.689284 16.689284 16.689284 16.689284 16.689284 16.689284 16.689284 16.689284 16.689284 16.689284 16.689284 16.689284 16.689284 16.689284 16.689284 16.689284 16.689284 16.689284 16.689284 16.689284 16.689284 16.689284 16.689284 16.689284 16.689284 16.689284 16.689284 16.689284 16.689284 16.689284 16.689284 16.689284 16.689284 16.689284 16.689284 16.689284 16.689284 16.689284 16.689284 16.689284 16.689284 16.689284 16.689284 -9999 -9999 -9999 -9999 -9999 -9999 -9999 -9999 -9999 -9999 -9999 -9999 -9999 -9999 -9999 -9999
16.698061 16.698061 16.698061 16.698061 16.698061 16.698061 16.698061 16.698061 16.698061 16.698061 16.698061 16.698061 16.698061 16.698061 16.698061 16.698061 16.698061 16.698061 16.698061 16.698061 16.698061 16.698061 16.698061 16.698061 16.698061 16.698061 16.698061 16.698061 16.698061 16.698061 16.698061 16.698061 16.698061 16.698061 16.698061 16.698061 16.698061 16.698061 16.698061 16.698061 16.698061 16.698061 16.698061 16.698061 16.698061 16.698061 16.698061 16.698061 -9999 -9999 -9999 -9999 -9999 -9999 -9999 -9999 -9999 -9999 -9999 -9999 -9999 -9999 -9999 -9999
16.700227 16.700227 16.700227 16.700227 16.700227 16.700227 16.700227 16.700227 16.700227 16.700227 16.700227 16.700227 16.700227 16.700227 16.700227 16.700227 16.700227 16.700227 16.700227 16.700227 16.700227 16.700227 16.700227 16.700227 16.700227 16.700227 16.700227 16.700227 16.700227 16.700227 16.700227 16.700227 16.700227 16.700227 16.700227 16.700227 16.700227 16.700227 16.700227 16.700227 16.700227 16.700227 16.700227 16.700227 16.700227 16.700227 16.700227 16.700227 -9999 -9999 -9999 -9999 -9999 -9999 -9999 -9999 -9999 -9999 -9999 -9999 -9999 -9999 -9999 -9999
