test/data/b2010/processor_outputs/debug/OUTPUT_T_270_0_23h.tif
NCOLS 132
NROWS 132
XLLCORNER 352310.43
YLLCORNER 6689219.5
DX 17.797726
DY 17.797726
NODATA_VALUE -9999
[rows 29 to 57 of 132, columns 64 to 127 of 132]
16.648177 16.648177 16.648177 16.648177 16.648177 16.648177 16.648177 16.648177 16.648177 16.648177 16.648177 16.648177 16.648177 16.648177 16.648177 16.648177 16.648177 16.648177 16.648177 16.648177 16.648177 16.648177 16.648177 16.648177 16.648177 16.648177 16.648177 16.648177 16.648177 16.648177 16.648177 16.648177 16.648177 16.648177 16.648177 16.648177 16.648177 16.648177 16.648177 16.648177 16.648177 16.648177 16.648177 16.648177 16.648177 16.648177 16.648177 16.648177 -9999 -9999 -9999 -9999 -9999 -9999 -9999 -9999 -9999 -9999 -9999 -9999 -9999 -9999 -9999 -9999
16.647446 16.647446 16.647446 16.647446 16.647446 16.647446 16.647446 16.647446 16.647446 16.647446 16.647446 16.647446 16.647446 16.647446 16.647446 16.647446 16.647446 16.647446 16.647446 16.647446 16.647446 16.647446 16.647446 16.647446 16.647446 16.647446 16.647446 16.647446 16.647446 16.647446 16.647446 16.647446 16.647446 16.647446 16.647446 16.647446 16.647446 16.647446 16.647446 16.647446 16.647446 16.647446 16.647446 16.647446 16.647446 16.647446 16.647446 16.647446 -9999 -9999 -9999 -9999 -9999 -9999 -9999 -9999 -9999 -9999 -9999 -9999 -9999 -9999 -9999 -9999
16.653972 16.653972 16.653972 16.653972 16.653972 16.653972 16.653972 16.653972 16.653972 16.653972 16.653972 16.653972 16.653972 16.653972 16.653972 16.653972 16.653972 16.653972 16.653972 16.653972 16.653972 16.653972 16.653972 16.653972 16.653972 16.653972 16.653972 16.653972 16.653972 16.653972 16.653972 16.653972 16.653972 16.653972 16.653972 16.653972 16.653972 16.653972 16.653972 16.653972 16.653972 16.653972 16.653972 16.653972 16.653972 16.653972 16.653972 16.653972 -9999 -9999 -9999 -9999 -9999 -9999 -9999 -9999 -9999 -9999 -9999 -9999 -9999 -9999 -9999 -9999
16.660498 16.660498 16.660498 16.660498 16.660498 16.660498 16.660498 16.660498 16.660498 16.660498 16.660498 16.660498 16.660498 16.660498 16.660498 16.660498 16.660498 16.660498 16.660498 16.660498 16.660498 16.660498 16.660498 16.660498 16.660498 16.660498 16.660498 16.660498 16.660498 16.660498 16.660498 16.660498 16.660498 16.660498 16.660498 16.660498 16.660498 16.660498 16.660498 16.660498 16.660498 16.660498 16.660498 16.660498 16.660498 16.660498 16.660498 16.660498 -9999 -9999 -9999 -9999 -9999 -9999 -9999 -9999 -9999 -9999 -9999 -9999 -9999 -9999 -9999 -9999
16.665424 16.665424 16.665424 16.665424 16.665424 16.665424 16.665424 16.665424 16.665424 16.665424 16.665424 16.665424 16.665424 16.665424 16.665424 16.665424 16.665424 16.665424 16.665424 16.665424 16.665424 16.665424 16.665424 16.665424 16.665424 16.665424 16.665424 16.665424 16.665424 16.665424 16.665424 16.665424 16.665424 16.665424 16.665424 16.665424 16.665424 16.665424 16.665424 16.665424 16.665424 16.665424 16.665424 16.665424 16.665424 16.665424 16.665424 16.665424 -9999 -9999 -9999 -9999 -9999 -9999 -9999 -9999 -9999 -9999 -9999 -9999 -9999 -9999 -9999 -9999
16.664639 16.664639 16.664639 16.664639 16.664639 16.664639 16.664639 16.664639 16.664639 16.664639 16.664639 16.664639 16.664639 16.664639 16.664639 16.664639 16.664639 16.664639 16.664639 16.664639 16.664639 16.664639 16.664639 16.664639 16.664639 16.664639 16.664639 16.664639 16.664639 16.664639 16.664639 16.664639 16.664639 16.664639 16.664639 16.664639 16.664639 16.664639 16.664639 16.664639 16.664639 16.664639 16.664639 16.664639 16.664639 16.664639 16.664639 16.664639 -9999 -9999 -9999 -9999 -9999 -9999 -9999 -9999 -9999 -9999 -9999 -9999 -9999 -9999 -9999 -9999
16.663854 16.663854 16.663854 16.663854 16.663854 16.663854 16.663854 16.663854 16.663854 16.663854 16.663854 16.663854 16.663854 16.663854 16.663854 16.663854 16.663854 16.663854 16.663854 16.663854 16.663854 16.663854 16.663854 16.663854 16.663854 16.663854 16.663854 16.663854 16.663854 16.663854 16.663854 16.663854 16.663854 16.663854 16.663854 16.663854 16.663854 16.663854 16.663854 16.663854 16.663854 16.663854 16.663854 16.663854 16.663854 16.663854 16.663854 16.663854 -9999 -9999 -9999 -9999 -9999 -9999 -9999 -9999 -9999 -9999 -9999 -9999 -9999 -9999 -9999 -9999
16.663449 16.663449 16.663449 16.663449 16.663449 16.663449 16.663449 16.663449 16.663449 16.663449 16.663449 16.663449 16.663449 16.663449 16.663449 16.663449 16.663449 16.663449 16.663449 16.663449 16.663449 16.663449 16.663449 16.663449 16.663449 16.663449 16.663449 16.663449 16.663449 16.663449 16.663449 16.663449 16.663449 16.663449 16.663449 16.663449 16.663449 16.663449 16.663449 16.663449 16.663449 16.663449 16.663449 16.663449 16.663449 16.663449 16.663449 16.663449 -9999 -9999 -9999 -9999 -9999 -9999 -9999 -9999 -9999 -9999 -9999 -9999 -9999 -9999 -9999 -9999
16.665852 16.665852 16.665852 16.665852 16.665852 16.665852 16.665852 16.665852 16.665852 16.665852 16.665852 16.665852 16.665852 16.665852 16.665852 16.665852 16.665852 16.665852 16.665852 16.665852 16.665852 16.665852 16.665852 16.665852 16.665852 16.665852 16.665852 16.665852 16.665852 16.665852 16.665852 16.665852 16.665852 16.665852 16.665852 16.665852 16.665852 16.665852 16.665852 16.665852 16.665852 16.665852 16.665852 16.665852 16.665852 16.665852 16.665852 16.665852 -9999 -9999 -9999 -9999 -9999 -9999 -9999 -9999 -9999 -9999 -9999 -9999 -9999 -9999 -9999 -9999
16.668255 16.668255 16.668255 16.668255 16.668255 16.668255 16.668255 16.668255 16.668255 16.668255 16.668255 16.668255 16.668255 16.668255 16.668255 16.668255 16.668255 16.668255 16.668255 16.668255 16.668255 16.668255 16.668255 16.668255 16.668255 16.668255 16.668255 16.668255 16.668255 16.668255 16.668255 16.668255 16.668255 16.668255 16.668255 16.668255 16.668255 16.668255 16.668255 16.668255 16.668255 16.668255 16.668255 16.668255 16.668255 16.668255 16.668255 16.668255 -9999 -9999 -9999 -9999 -9999 -9999 -9999 -9999 -9999 -9999 -9999 -9999 -9999 -9999 -9999 -9999
16.670598 16.670598 16.670598 16.670598 16.670598 16.670598 16.670598 16.670598 16.670598 16.670598 16.670598 16.670598 16.670598 16.670598 16.670598 16.670598 16.670598 16.670598 16.670598 16.670598 16.670598 16.670598 16.670598 16.670598 16.670598 16.670598 16.670598 16.670598 16.670598 16.670598 16.670598 16.670598 16.670598 16.670598 16.670598 16.670598 16.670598 16.670598 16.670598 16.670598 16.670598 16.670598 16.670598 16.670598 16.670598 16.670598 16.670598 16.670598 -9999 -9999 -9999 -9999 -9999 -9999 -9999 -9999 -9999 -9999 -9999 -9999 -9999 -9999 -9999 -9999
16.669973 16.669973 16.669973 16.669973 16.669973 16.669973 16.669973 16.669973 16.669973 16.669973 16.669973 16.669973 16.669973 16.669973 16.669973 16.669973 16.669973 16.669973 16.669973 16.669973 16.669973 16.669973 16.669973 16.669973 16.669973 16.669973 16.669973 16.669973 16.669973 16.669973 16.669973 16.669973 16.669973 16.669973 16.669973 16.669973 16.669973 16.669973 16.669973 16.669973 16.669973 16.669973 16.669973 16.669973 16.669973 16.669973 16.669973 16.669973 -9999 -9999 -9999 -9999 -9999 -9999 -9999 -9999 -9999 -9999 -9999 -9999 -9999 -9999 -9999 -9999
16.669349 16.669349 16.669349 16.669349 16.669349 16.669349 16.669349 16.669349 16.669349 16.669349 16.669349 16.669349 16.669349 16.669349 16.669349 16.669349 16.669349 16.669349 16.669349 16.669349 16.669349 16.669349 16.669349 16.669349 16.669349 16.669349 16.669349 16.669349 16.669349 16.669349 16.669349 16.669349 16.669349 16.669349 16.669349 16.669349 16.669349 16.669349 16.669349 16.669349 16.669349 16.669349 16.669349 16.669349 16.669349 16.669349 16.669349 16.669349 -9999 -9999 -9999 -9999 -9999 -9999 -9999 -9999 -9999 -9999 -9999 -9999 -9999 -9999 -9999 -9999
16.668724 16.668724 16.668724 16.668724 16.668724 16.668724 16.668724 16.668724 16.668724 16.668724 16.668724 16.668724 16.668724 16.668724 16.668724 16.668724 16.668724 16.668724 16.668724 16.668724 16.668724 16.668724 16.668724 16.668724 16.668724 16.668724 16.668724 16.668724 16.668724 16.668724 16.668724 16.668724 16.668724 16.668724 16.668724 16.668724 16.668724 16.668724 16.668724 16.668724 16.668724 16.668724 16.668724 16.668724 16.668724 16.668724 16.668724 16.668724 -9999 -9999 -9999 -9999 -9999 -9999 -9999 -9999 -9999 -9999 -9999 -9999 -9999 -9999 -9999 -9999
16.668988 16.668988 16.668988 16.668988 16.668988 16.668988 16.668988 16.668988 16.668988 16.668988 16.668988 16.668988 16.668988 16.668988 16.668988 16.668988 16.668988 16.668988 16.668988 16.668988 16.668988 16.668988 16.668988 16.668988 16.668988 16.668988 16.668988 16.668988 16.668988 16.668988 16.668988 16.668988 16.668988 16.668988 16.668988 16.668988 16.668988 16.668988 16.668988 16.668988 16.668988 16.668988 16.668988 16.668988 16.668988 16.668988 16.668988 16.668988 -9999 -9999 -9999 -9999 -9999 -9999 -9999 -9999 -9999 -9999 -9999 -9999 -9999 -9999 -9999 -9999
16.669329 16.669329 16.669329 16.669329 16.669329 16.669329 16.669329 16.669329 16.669329 16.669329 16.669329 16.669329 16.669329 16.669329 16.669329 16.669329 16.669329 16.669329 16.669329 16.669329 16.669329 16.669329 16.669329 16.669329 16.669329 16.669329 16.669329 16.669329 16.669329 16.669329 16.669329 16.669329 16.669329 16.669329 16.669329 16.669329 16.669329 16.669329 16.669329 16.669329 16.669329 16.669329 16.669329 16.669329 16.669329 16.669329 16.669329 16.669329 -9999 -9999 -9999 -9999 -9999 -9999 -9999 -9999 -9999 -9999 -9999 -9999 -9999 -9999 -9999 -9999
16.66967 16.66967 16.66967 16.66967 16.66967 16.66967 16.66967 16.66967 16.66967 16.66967 16.66967 16.66967 16.66967 16.66967 16.66967 16.66967 16.66967 16.66967 16.66967 16.66967 16.66967 16.66967 16.66967 16.66967 16.66967 16.66967 16.66967 16.66967 16.66967 16.66967 16.66967 16.66967 16.66967 16.66967 16.66967 16.66967 16.66967 16.66967 16.66967 16.66967 16.66967 16.66967 16.66967 16.66967 16.66967 16.66967 16.66967 16.66967 -9999 -9999 -9999 -9999 -9999 -9999 -9999 -9999 -9999 -9999 -9999 -9999 -9999 -9999 -9999 -9999
16.538987 16.457845 16.457845 16.459945 16.514737 16.514737 16.514737 16.581256 16.581256 16.581256 16.647775 16.647775 16.647775 16.666577 16.668458 16.668458 16.668458 16.668458 16.668458 16.668458 16.668458 16.668458 16.668458 16.668458 16.668458 16.668458 16.668458 16.668458 16.668458 16.668458 16.668458 16.668458 16.668458 16.668458 16.668458 16.668458 16.668458 16.668458 16.668458 16.668458 16.668458 16.668458 16.668458 16.668458 16.658543 16.65822 16.65822 16.65822 -9999 -9999 -9999 -9999 -9999 -9999 -9999 -9999 -9999 -9999 -9999 -9999 -9999 -9999 -9999 -9999
16.280768 16.199625 16.201625 16.271058 16.32585 16.32585 16.401647 16.473433 16.473433 16.541508 16.621017 16.621017 16.639782 16.665025 16.666906 16.666906 16.666906 16.666906 16.666906 16.666906 16.666906 16.666906 16.666906 16.666906 16.666906 16.666906 16.666906 16.666906 16.666906 16.666906 16.666906 16.666906 16.666906 16.666906 16.666906 16.666906 16.666906 16.666906 16.666906 16.666906 16.666906 16.666906 16.666906 16.657009 16.644514 16.644192 16.644192 16.644192 -9999 -9999 -9999 -9999 -9999 -9999 -9999 -9999 -9999 -9999 -9999 -9999 -9999 -9999 -9999 -9999
16.022548 15.943306 16.012738 16.08217 16.136962 16.212643 16.293824 16.365611 16.433569 16.51475 16.594259 16.612988 16.63823 16.663473 16.665354 16.665354 16.665354 16.665354 16.665354 16.665354 16.665354 16.665354 16.665354 16.665354 16.665354 16.665354 16.665354 16.665354 16.665354 16.665354 16.665354 16.665354 16.665354 16.665354 16.665354 16.665354 16.665354 16.665354 16.665354 16.665354 16.665354 16.665354 16.655475 16.64298 16.630486 16.630163 16.630163 16.630163 -9999 -9999 -9999 -9999 -9999 -9999 -9999 -9999 -9999 -9999 -9999 -9999 -9999 -9999 -9999 -9999
15.732499 15.685208 15.75464 15.824073 15.788047 15.869228 15.95041 16.007678 16.088859 16.170041 16.329943 16.355186 16.380428 16.513379 16.527698 16.527698 16.633422 16.666017 16.666017 16.66709 16.667715 16.667715 16.667715 16.667715 16.667715 16.667715 16.667715 16.667715 16.667715 16.667715 16.667715 16.667715 16.667715 16.667715 16.667715 16.667715 16.667715 16.667715 16.667715 16.667715 16.667715 16.666849 16.654354 16.64186 16.627921 16.627545 16.627545 16.627545 -9999 -9999 -9999 -9999 -9999 -9999 -9999 -9999 -9999 -9999 -9999 -9999 -9999 -9999 -9999 -9999
15.447616 15.400325 15.469758 15.399858 15.353458 15.434639 15.488111 15.539921 15.621102 15.784283 15.972971 15.998213 16.130925 16.323051 16.337369 16.442817 16.634943 16.667539 16.668608 16.670965 16.67159 16.67159 16.67159 16.67159 16.67159 16.67159 16.67159 16.67159 16.67159 16.67159 16.67159 16.67159 16.67159 16.67159 16.67159 16.67159 16.67159 16.67159 16.67159 16.67159 16.67159 16.670724 16.658229 16.644293 16.629718 16.629341 16.629341 16.629341 -9999 -9999 -9999 -9999 -9999 -9999 -9999 -9999 -9999 -9999 -9999 -9999 -9999 -9999 -9999 -9999
15.162734 15.115443 15.045759 14.965269 14.918868 14.972388 15.020354 15.072164 15.235185 15.427311 15.615999 15.74847 15.940596 16.132722 16.252212 16.444338 16.636464 16.670126 16.672483 16.67484 16.675465 16.675465 16.675465 16.675465 16.675465 16.675465 16.675465 16.675465 16.675465 16.675465 16.675465 16.675465 16.675465 16.675465 16.675465 16.675465 16.675465 16.675465 16.675465 16.675465 16.675465 16.674599 16.660666 16.64609 16.631515 16.631138 16.631138 16.631138 -9999 -9999 -9999 -9999 -9999 -9999 -9999 -9999 -9999 -9999 -9999 -9999 -9999 -9999 -9999 -9999
14.571297 14.504045 14.423555 14.343064 14.310101 14.358067 14.406032 14.416123 14.608249 14.800375 14.884497 15.076623 15.268749 15.581303 15.789868 15.981994 16.273565 16.345539 16.347897 16.496219 16.605496 16.605496 16.635396 16.676692 16.676692 16.676692 16.676692 16.676692 16.676692 16.676692 16.676692 16.676692 16.676692 16.676692 16.676692 16.676692 16.676692 16.676692 16.676692 16.676692 16.676692 16.675682 16.661107 16.646531 16.640623 16.640623 16.640623 16.633905 -9999 -9999 -9999 -9999 -9999 -9999 -9999 -9999 -9999 -9999 -9999 -9999 -9999 -9999 -9999 -9999
13.83171 13.767528 13.687038 13.633887 13.606479 13.654445 13.637802 13.624699 13.816825 13.897612 13.919264 14.11139 14.423627 14.836329 15.044894 15.336147 15.748849 15.820824 15.968556 16.381258 16.490535 16.520269 16.63501 16.676307 16.676307 16.676307 16.676307 16.676307 16.676307 16.676307 16.676307 16.676307 16.676307 16.676307 16.676307 16.676307 16.676307 16.676307 16.676307 16.676307 16.676307 16.675297 16.660721 16.654793 16.654793 16.654793 16.648094 16.634645 -9999 -9999 -9999 -9999 -9999 -9999 -9999 -9999 -9999 -9999 -9999 -9999 -9999 -9999 -9999 -9999
13.095193 13.031011 12.977813 12.930265 12.902857 12.886341 12.846378 12.833275 12.914313 12.932379 12.954031 13.26595 13.678652 14.091355 14.398729 14.811432 15.224134 15.440892 15.853594 16.266296 16.405143 16.519884 16.634625 16.675922 16.675922 16.675922 16.675922 16.675922 16.675922 16.675922 16.675922 16.675922 16.675922 16.675922 16.675922 16.675922 16.675922 16.675922 16.675922 16.675922 16.675922 16.674912 16.668962 16.668962 16.668962 16.662282 16.648833 16.635385 -9999 -9999 -9999 -9999 -9999 -9999 -9999 -9999 -9999 -9999 -9999 -9999 -9999 -9999 -9999 -9999
12.837026 12.793616 12.746068 12.69852 12.661299 12.621337 12.581374 12.555268 12.573334 12.591401 13.093283 13.505985 13.918687 14.164206 14.549004 14.961706 15.251766 15.605256 16.017958 16.341219 16.442442 16.557183 16.660077 16.674912 16.674912 16.674912 16.674912 16.674912 16.674912 16.674912 16.674912 16.674912 16.674912 16.674912 16.674912 16.674912 16.674912 16.674912 16.674912 16.674912 16.674912 16.674912 16.674912 16.674912 16.674912 16.66181 16.648361 16.634901 -9999 -9999 -9999 -9999 -9999 -9999 -9999 -9999 -9999 -9999 -9999 -9999 -9999 -9999 -9999 -9999
13.034174 12.994313 12.946766 12.911453 12.878724 12.838761 12.807506 12.786378 12.804444 13.31569 14.236012 14.648714 14.894772 14.933065 15.317863 15.608425 15.672113 16.025603 16.349366 16.413054 16.514277 16.617277 16.658494 16.673329 16.673329 16.673329 16.673329 16.673329 16.673329 16.673329 16.673329 16.673329 16.673329 16.673329 16.673329 16.673329 16.673329 16.673329 16.673329 16.673329 16.673329 16.673329 16.673329 16.673329 16.673329 16.660228 16.646768 16.633291 -9999 -9999 -9999 -9999 -9999 -9999 -9999 -9999 -9999 -9999 -9999 -9999 -9999 -9999 -9999 -9999
13.234872 13.195011 13.159675 13.128878 13.096148 13.064873 13.038615 13.017488 13.52742 14.45842 15.378741 15.625338 15.663631 15.701923 15.965084 16.028772 16.09246 16.357513 16.421201 16.484889 16.574476 16.615694 16.656912 16.671747 16.671747 16.671747 16.671747 16.671747 16.671747 16.671747 16.671747 16.671747 16.671747 16.671747 16.671747 16.671747 16.671747 16.671747 16.671747 16.671747 16.671747 16.671747 16.671747 16.671747 16.671747 16.658634 16.645157 16.63168 -9999 -9999 -9999 -9999 -9999 -9999 -9999 -9999 -9999 -9999 -9999 -9999 -9999 -9999 -9999 -9999
