test/data/b2010/processor_outputs/debug/OUTPUT_T_270_0_23h.tif
NCOLS 132
NROWS 132
XLLCORNER 352310.43
YLLCORNER 6689219.5
DX 17.797726
DY 17.797726
NODATA_VALUE -9999
[rows 58 to 86 of 132, columns 0 to 63 of 132]
-9999 -9999 -9999 -9999 -9999 -9999 -9999 -9999 -9999 -9999 -9999 -9999 -9999 -9999 -9999 -9999 -9999 -9999 -9999 -9999 -9999 -9999 16.630472 16.630472 16.630472 16.630472 16.630472 16.630472 16.630472 16.630472 16.630472 16.630472 16.630472 16.630472 16.630472 16.630472 16.630472 16.630472 16.630472 16.630472 16.630472 16.630472 16.630472 16.630472 16.630472 16.630472 16.630472 16.630472 16.630472 16.630472 16.630472 16.630472 16.630472 16.630472 16.630472 16.619735 15.697849 14.71054 13.723231 13.590519 13.546946 13.503373 13.456196 13.419724
-9999 -9999 -9999 -9999 -9999 -9999 -9999 -9999 -9999 -9999 -9999 -9999 -9999 -9999 -9999 -9999 -9999 -9999 -9999 -9999 -9999 -9999 16.633674 16.633674 16.633674 16.633674 16.633674 16.633674 16.633674 16.633674 16.633674 16.633674 16.633674 16.633674 16.633674 16.633674 16.633674 16.633674 16.633674 16.633674 16.633674 16.633674 16.633674 16.633674 16.633674 16.633674 16.633674 16.633674 16.633674 16.633674 16.633674 16.633674 16.633674 16.633674 16.624128 15.796924 14.875038 13.887729 13.740031 13.682584 13.63901 13.582869 13.532979 13.496507
-9999 -9999 -9999 -9999 -9999 -9999 -9999 -9999 -9999 -9999 -9999 -9999 -9999 -9999 -9999 -9999 -9999 -9999 -9999 -9999 -9999 -9999 16.636877 16.636877 16.636877 16.636877 16.636877 16.636877 16.636877 16.636877 16.636877 16.636877 16.636877 16.636877 16.636877 16.636877 16.636877 16.636877 16.636877 16.636877 16.636877 16.636877 16.636877 16.636877 16.636877 16.636877 16.636877 16.636877 16.636877 16.636877 16.636877 16.636877 16.636877 16.62852 15.801316 14.974112 14.052226 13.90321 13.832095 13.774648 13.718528 13.659652 13.609762 13.564172
-9999 -9999 -9999 -9999 -9999 -9999 -9999 -9999 -9999 -9999 -9999 -9999 -9999 -9999 -9999 -9999 -9999 -9999 -9999 -9999 -9999 -9999 16.639009 16.639009 16.639009 16.639009 16.639009 16.639009 16.639009 16.639009 16.639009 16.639009 16.639009 16.639009 16.639009 16.639009 16.639009 16.639009 16.639009 16.639009 16.639009 16.639009 16.639009 16.639009 16.639009 16.639009 16.639009 16.639009 16.639009 16.639009 16.639009 16.639009 16.639009 16.071133 15.243929 14.416724 14.070197 13.999082 13.927967 13.86272 13.803844 13.744968 13.689999 13.640945
-9999 -9999 -9999 -9999 -9999 -9999 -9999 -9999 -9999 -9999 -9999 -9999 -9999 -9999 -9999 -9999 -9999 -9999 -9999 -9999 -9999 -9999 16.638896 16.638896 16.638896 16.638896 16.638896 16.638896 16.638896 16.638896 16.638896 16.638896 16.638896 16.638896 16.638896 16.638896 16.638896 16.638896 16.638896 16.638896 16.638896 16.638896 16.638896 16.638896 16.638896 16.638896 16.638896 16.638896 16.638896 16.638896 16.638896 16.638896 16.638896 16.07102 15.243816 14.511585 14.17406 14.102945 14.031312 13.96595 13.907074 13.848126 13.79313 13.744076
-9999 -9999 -9999 -9999 -9999 -9999 -9999 -9999 -9999 -9999 -9999 -9999 -9999 -9999 -9999 -9999 -9999 -9999 -9999 -9999 -9999 -9999 16.638783 16.638783 16.638783 16.638783 16.638783 16.638783 16.638783 16.638783 16.638783 16.638783 16.638783 16.638783 16.638783 16.638783 16.638783 16.638783 16.638783 16.638783 16.638783 16.638783 16.638783 16.638783 16.638783 16.638783 16.638783 16.638783 16.638783 16.638783 16.638783 16.638783 16.638783 16.070907 15.338526 14.615448 14.277924 14.206291 14.134541 14.06918 14.010232 13.951257 13.896261 13.847371
-9999 -9999 -9999 -9999 -9999 -9999 -9999 -9999 -9999 -9999 -9999 -9999 -9999 -9999 -9999 -9999 -9999 -9999 -9999 -9999 -9999 -9999 16.640437 16.640437 16.640437 16.640437 16.640437 16.640437 16.640437 16.640437 16.640437 16.640437 16.640437 16.640437 16.640437 16.640437 16.640437 16.640437 16.640437 16.640437 16.640437 16.640437 16.640437 16.640437 16.640437 16.640437 16.640437 16.640437 16.640437 16.640437 16.640437 16.640437 16.640437 16.055271 15.332194 14.609116 14.411351 14.339602 14.267852 14.201326 14.142351 14.083375 14.027559 13.978768
-9999 -9999 -9999 -9999 -9999 -9999 -9999 -9999 -9999 -9999 -9999 -9999 -9999 -9999 -9999 -9999 -9999 -9999 -9999 -9999 -9999 -9999 16.648245 16.648245 16.648245 16.648245 16.648245 16.648245 16.648245 16.648245 16.648245 16.648245 16.648245 16.648245 16.648245 16.648245 16.648245 16.648245 16.648245 16.648245 16.648245 16.648245 16.648245 16.648245 16.648245 16.648245 16.648245 16.648245 16.648245 16.648245 16.648245 16.648245 16.286415 15.665065 14.941987 14.730237 14.649449 14.577699 14.502356 14.434423 14.375448 14.313886 14.256507 14.207716
-9999 -9999 -9999 -9999 -9999 -9999 -9999 -9999 -9999 -9999 -9999 -9999 -9999 -9999 -9999 -9999 -9999 -9999 -9999 -9999 -9999 -9999 16.656054 16.656054 16.656054 16.656054 16.656054 16.656054 16.656054 16.656054 16.656054 16.656054 16.656054 16.656054 16.656054 16.656054 16.656054 16.656054 16.656054 16.656054 16.656054 16.656054 16.656054 16.656054 16.656054 16.656054 16.656054 16.656054 16.656054 16.656054 16.656054 16.294797 15.896209 15.274858 15.062203 14.968335 14.887547 14.812211 14.735453 14.66752 14.605964 14.542834 14.485455 14.434833
-9999 -9999 -9999 -9999 -9999 -9999 -9999 -9999 -9999 -9999 -9999 -9999 -9999 -9999 -9999 -9999 -9999 -9999 -9999 -9999 -9999 -9999 16.663041 16.663041 16.663041 16.663041 16.663041 16.663041 16.663041 16.663041 16.663041 16.663041 16.663041 16.663041 16.663041 16.663041 16.663041 16.663041 16.663041 16.663041 16.663041 16.663041 16.663041 16.663041 16.663041 16.663041 16.663041 16.663041 16.663041 16.663041 16.351493 15.952904 15.554316 15.311575 15.217707 15.123838 15.040883 14.964125 14.887368 14.817947 14.754816 14.691685 14.633326 14.581053
-9999 -9999 -9999 -9999 -9999 -9999 -9999 -9999 -9999 -9999 -9999 -9999 -9999 -9999 -9999 -9999 -9999 -9999 -9999 -9999 -9999 -9999 16.664198 16.664198 16.664198 16.664198 16.664198 16.664198 16.664198 16.664198 16.664198 16.664198 16.664198 16.664198 16.664198 16.664198 16.664198 16.664198 16.664198 16.664198 16.664198 16.664198 16.664198 16.664198 16.664198 16.664198 16.664198 16.664198 16.664198 16.664198 16.35265 15.954062 15.20568 14.880621 14.786752 14.697478 14.616361 14.539603 14.465725 14.398076 14.334945 14.273578 14.216821 14.164549
-9999 -9999 -9999 -9999 -9999 -9999 -9999 -9999 -9999 -9999 -9999 -9999 -9999 -9999 -9999 -9999 -9999 -9999 -9999 -9999 -9999 -9999 16.665356 16.665356 16.665356 16.665356 16.665356 16.665356 16.665356 16.665356 16.665356 16.665356 16.665356 16.665356 16.665356 16.665356 16.665356 16.665356 16.665356 16.665356 16.665356 16.665356 16.665356 16.665356 16.665356 16.665356 16.665356 16.665356 16.665356 16.665356 16.353807 15.606048 14.774726 14.449666 14.360383 14.272956 14.191839 14.117954 14.045854 13.978206 13.916833 13.857073 13.800317 13.749096
-9999 -9999 -9999 -9999 -9999 -9999 -9999 -9999 -9999 -9999 -9999 -9999 -9999 -9999 -9999 -9999 -9999 -9999 -9999 -9999 -9999 -9999 16.666525 16.666525 16.666525 16.666525 16.666525 16.666525 16.666525 16.666525 16.666525 16.666525 16.666525 16.666525 16.666525 16.666525 16.666525 16.666525 16.666525 16.666525 16.666525 16.666525 16.666525 16.666525 16.666525 16.666525 16.666525 16.666525 16.666525 16.666525 16.016739 15.185417 14.354094 14.053265 13.965838 13.878411 13.802132 13.730032 13.657933 13.593675 13.533915 13.474156 13.419812 13.370007
-9999 -9999 -9999 -9999 -9999 -9999 -9999 -9999 -9999 -9999 -9999 -9999 -9999 -9999 -9999 -9999 -9999 -9999 -9999 -9999 -9999 -9999 16.668207 16.668207 16.668207 16.668207 16.668207 16.668207 16.668207 16.668207 16.668207 16.668207 16.668207 16.668207 16.668207 16.668207 16.668207 16.668207 16.668207 16.668207 16.668207 16.668207 16.668207 16.668207 16.668207 16.668207 16.668207 16.668207 16.668207 16.668207 16.018421 15.187099 14.945092 14.885073 14.797646 14.763878 14.721241 14.649142 14.614435 14.58478 14.52502 14.490569 14.470591 14.420785
-9999 -9999 -9999 -9999 -9999 -9999 -9999 -9999 -9999 -9999 -9999 -9999 -9999 -9999 -9999 -9999 -9999 -9999 -9999 -9999 -9999 -9999 16.669889 16.669889 16.669889 16.669889 16.669889 16.669889 16.669889 16.669889 16.669889 16.669889 16.669889 16.669889 16.669889 16.669889 16.669889 16.669889 16.669889 16.669889 16.669889 16.669889 16.669889 16.669889 16.669889 16.669889 16.669889 16.669889 16.669889 16.669889 16.020103 15.7769 15.7769 15.716881 15.682988 15.682988 15.64035 15.60554 15.60554 15.575885 15.541347 15.541347 15.521369 14.722598
-9999 -9999 -9999 -9999 -9999 -9999 -9999 -9999 -9999 -9999 -9999 -9999 -9999 -9999 -9999 -9999 -9999 -9999 -9999 -9999 -9999 -9999 16.671571 16.671571 16.671571 16.671571 16.671571 16.671571 16.671571 16.671571 16.671571 16.671571 16.671571 16.671571 16.671571 16.671571 16.671571 16.671571 16.671571 16.671571 16.671571 16.671571 16.671571 16.671571 16.671571 16.671571 16.671571 16.671571 16.671571 16.671571 16.608708 16.608708 16.608708 16.602097 16.602097 16.602097 16.596645 16.596645 16.596645 16.592126 16.592126 16.592126 15.826478 13.485809
-9999 -9999 -9999 -9999 -9999 -9999 -9999 -9999 -9999 -9999 -9999 -9999 -9999 -9999 -9999 -9999 -9999 -9999 -9999 -9999 -9999 -9999 16.66954 16.66954 16.66954 16.66954 16.66954 16.66954 16.66954 16.66954 16.66954 16.66954 16.66954 16.66954 16.66954 16.66954 16.66954 16.66954 16.66954 16.66954 16.66954 16.66954 16.66954 16.66954 16.66954 16.66954 16.66954 16.66954 16.66954 16.66954 16.66954 16.66954 16.66954 16.66954 16.66954 16.66954 16.66954 16.66954 16.66954 16.66954 16.66954 16.66954 15.730661 13.389992
-9999 -9999 -9999 -9999 -9999 -9999 -9999 -9999 -9999 -9999 -9999 -9999 -9999 -9999 -9999 -9999 -9999 -9999 -9999 -9999 -9999 -9999 16.667205 16.667205 16.667205 16.667205 16.667205 16.667205 16.667205 16.667205 16.667205 16.667205 16.667205 16.667205 16.667205 16.667205 16.667205 16.667205 16.667205 16.667205 16.667205 16.667205 16.667205 16.667205 16.667205 16.667205 16.667205 16.667205 16.667205 16.667205 16.667205 16.667205 16.667205 16.667205 16.667205 16.667205 16.667205 16.667205 16.667205 16.667205 16.667205 16.667205 15.728325 13.920138
-9999 -9999 -9999 -9999 -9999 -9999 -9999 -9999 -9999 -9999 -9999 -9999 -9999 -9999 -9999 -9999 -9999 -9999 -9999 -9999 -9999 -9999 16.664869 16.664869 16.664869 16.664869 16.664869 16.664869 16.664869 16.664869 16.664869 16.664869 16.664869 16.664869 16.664869 16.664869 16.664869 16.664869 16.664869 16.664869 16.664869 16.664869 16.664869 16.664869 16.664869 16.664869 16.664869 16.664869 16.664869 16.664869 16.664869 16.664869 16.664869 16.664869 16.664869 16.664869 16.664869 16.664869 16.664869 16.664869 16.664869 16.664869 16.255103 16.255103
-9999 -9999 -9999 -9999 -9999 -9999 -9999 -9999 -9999 -9999 -9999 -9999 -9999 -9999 -9999 -9999 -9999 -9999 -9999 -9999 -9999 -9999 16.666169 16.666169 16.666169 16.666169 16.666169 16.666169 16.666169 16.666169 16.666169 16.666169 16.666169 16.666169 16.666169 16.666169 16.666169 16.666169 16.666169 16.666169 16.666169 16.666169 16.666169 16.666169 16.666169 16.666169 16.666169 16.666169 16.666169 16.666169 16.666169 16.666169 16.666169 16.666169 16.666169 16.666169 16.666169 16.666169 16.666169 16.666169 16.666169 16.666169 16.666169 16.666169
-9999 -9999 -9999 -9999 -9999 -9999 -9999 -9999 -9999 -9999 -9999 -9999 -9999 -9999 -9999 -9999 -9999 -9999 -9999 -9999 -9999 -9999 16.668241 16.668241 16.668241 16.668241 16.668241 16.668241 16.668241 16.668241 16.668241 16.668241 16.668241 16.668241 16.668241 16.668241 16.668241 16.668241 16.668241 16.668241 16.668241 16.668241 16.668241 16.668241 16.668241 16.668241 16.668241 16.668241 16.668241 16.668241 16.668241 16.668241 16.668241 16.668241 16.668241 16.668241 16.668241 16.668241 16.668241 16.668241 16.668241 16.668241 16.668241 16.668241
-9999 -9999 -9999 -9999 -9999 -9999 -9999 -9999 -9999 -9999 -9999 -9999 -9999 -9999 -9999 -9999 -9999 -9999 -9999 -9999 -9999 -9999 16.670313 16.670313 16.670313 16.670313 16.670313 16.670313 16.670313 16.670313 16.670313 16.670313 16.670313 16.670313 16.670313 16.670313 16.670313 16.670313 16.670313 16.670313 16.670313 16.670313 16.670313 16.670313 16.670313 16.670313 16.670313 16.670313 16.670313 16.670313 16.670313 16.670313 16.670313 16.670313 16.670313 16.670313 16.670313 16.670313 16.670313 16.670313 16.670313 16.670313 16.670313 16.670313
-9999 -9999 -9999 -9999 -9999 -9999 -9999 -9999 -9999 -9999 -9999 -9999 -9999 -9999 -9999 -9999 -9999 -9999 -9999 -9999 -9999 -9999 16.67185 16.67185 16.67185 16.67185 16.67185 16.67185 16.67185 16.67185 16.67185 16.67185 16.67185 16.67185 16.67185 16.67185 16.67185 16.67185 16.67185 16.67185 16.67185 16.67185 16.67185 16.67185 16.67185 16.67185 16.67185 16.67185 16.67185 16.67185 16.67185 16.67185 16.67185 16.67185 16.67185 16.67185 16.67185 16.67185 16.67185 16.67185 16.67185 16.67185 16.67185 16.67185
-9999 -9999 -9999 -9999 -9999 -9999 -9999 -9999 -9999 -9999 -9999 -9999 -9999 -9999 -9999 -9999 -9999 -9999 -9999 -9999 -9999 -9999 16.673183 16.673183 16.673183 16.673183 16.673183 16.673183 16.673183 16.673183 16.673183 16.673183 16.673183 16.673183 16.673183 16.673183 16.673183 16.673183 16.673183 16.673183 16.673183 16.673183 16.673183 16.673183 16.673183 16.673183 16.673183 16.673183 16.673183 16.673183 16.673183 16.673183 16.673183 16.673183 16.673183 16.673183 16.673183 16.673183 16.673183 16.673183 16.673183 16.673183 16.673183 16.673183
-9999 -9999 -9999 -9999 -9999 -9999 -9999 -9999 -9999 -9999 -9999 -9999 -9999 -9999 -9999 -9999 -9999 -9999 -9999 -9999 -9999 -9999 16.674517 16.674517 16.674517 16.674517 16.674517 16.674517 16.674517 16.674517 16.674517 16.674517 16.674517 16.674517 16.674517 16.674517 16.674517 16.674517 16.674517 16.674517 16.674517 16.674517 16.674517 16.674517 16.674517 16.674517 16.674517 16.674517 16.674517 16.674517 16.674517 16.674517 16.674517 16.674517 16.674517 16.674517 16.674517 16.674517 16.674517 16.674517 16.674517 16.674517 16.674517 16.674517
-9999 -9999 -9999 -9999 -9999 -9999 -9999 -9999 -9999 -9999 -9999 -9999 -9999 -9999 -9999 -9999 -9999 -9999 -9999 -9999 -9999 -9999 16.680507 16.680507 16.680507 16.680507 16.680507 16.680507 16.680507 16.680507 16.680507 16.680507 16.680507 16.680507 16.680507 16.680507 16.680507 16.680507 16.680507 16.680507 16.680507 16.680507 16.680507 16.680507 16.680507 16.680507 16.680507 16.680507 16.680507 16.680507 16.680507 16.680507 16.680507 16.680507 16.680507 16.680507 16.680507 16.680507 16.680507 16.680507 16.680507 16.680507 16.680507 16.680507
-9999 -9999 -9999 -9999 -9999 -9999 -9999 -9999 -9999 -9999 -9999 -9999 -9999 -9999 -9999 -9999 -9999 -9999 -9999 -9999 -9999 -9999 16.689284 16.689284 16.689284 16.689284 16.689284 16.689284 16.689284 16.689284 16.689284 16.689284 16.689284 16.689284 16.689284 16.689284 16.689284 16.689284 16.689284 16.689284 16.689284 16.689284 16.689284 16.689284 16.689284 16.689284 16.689284 16.689284 16.689284 16.689284 16.689284 16.689284 16.689284 16.689284 16.689284 16.689284 16.689284 16.689284 16.689284 16.689284 16.689284 16.689284 16.689284 16.689284
-9999 -9999 -9999 -9999 -9999 -9999 -9999 -9999 -9999 -9999 -9999 -9999 -9999 -9999 -9999 -9999 -9999 -9999 -9999 -9999 -9999 -9999 16.698061 16.698061 16.698061 16.698061 16.698061 16.698061 16.698061 16.698061 16.698061 16.698061 16.698061 16.698061 16.698061 16.698061 16.698061 16.698061 16.698061 16.698061 16.698061 16.698061 16.698061 16.698061 16.698061 16.698061 16.698061 16.698061 16.698061 16.698061 16.698061 16.698061 16.698061 16.698061 16.698061 16.698061 16.698061 16.698061 16.698061 16.698061 16.698061 16.698061 16.698061 16.698061
-9999 -9999 -9999 -9999 -9999 -9999 -9999 -9999 -9999 -9999 -9999 -9999 -9999 -9999 -9999 -9999 -9999 -9999 -9999 -9999 -9999 -9999 16.700227 16.700227 16.700227 16.700227 16.700227 16.700227 16.700227 16.700227 16.700227 16.700227 16.700227 16.700227 16.700227 16.700227 16.700227 16.700227 16.700227 16.700227 16.700227 16.700227 16.700227 16.700227 16.700227 16.700227 16.700227 16.700227 16.700227 16.700227 16.700227 16.700227 16.700227 16.700227 16.700227 16.700227 16.700227 16.700227 16.700227 16.700227 16.700227 16.700227 16.700227 16.700227
