test/data/b2010/processor_outputs/debug/OUTPUT_T_270_0_23h.tif
NCOLS 132
NROWS 132
XLLCORNER 352310.43
YLLCORNER 6689219.5
DX 17.797726
DY 17.797726
NODATA_VALUE -9999
[rows 29 to 57 of 132, columns 0 to 63 of 132]
-9999 -9999 -9999 -9999 -9999 -9999 -9999 -9999 -9999 -9999 -9999 -9999 -9999 -9999 -9999 -9999 -9999 -9999 -9999 -9999 -9999 -9999 16.648177 16.648177 16.648177 16.648177 16.648177 16.648177 16.648177 16.648177 16.648177 16.648177 16.648177 16.648177 16.648177 16.648177 16.648177 16.648177 16.648177 16.648177 16.648177 16.648177 16.648177 16.648177 16.648177 16.648177 16.648177 16.648177 16.648177 16.648177 16.648177 16.648177 16.648177 16.648177 16.648177 16.648177 16.648177 16.648177 16.648177 16.648177 16.648177 16.648177 16.648177 16.648177
-9999 -9999 -9999 -9999 -9999 -9999 -9999 -9999 -9999 -9999 -9999 -9999 -9999 -9999 -9999 -9999 -9999 -9999 -9999 -9999 -9999 -9999 16.647446 16.647446 16.647446 16.647446 16.647446 16.647446 16.647446 16.647446 16.647446 16.647446 16.647446 16.647446 16.647446 16.647446 16.647446 16.647446 16.647446 16.647446 16.647446 16.647446 16.647446 16.647446 16.647446 16.647446 16.647446 16.647446 16.647446 16.647446 16.647446 16.647446 16.647446 16.647446 16.647446 16.647446 16.647446 16.647446 16.647446 16.647446 16.647446 16.647446 16.647446 16.647446
-9999 -9999 -9999 -9999 -9999 -9999 -9999 -9999 -9999 -9999 -9999 -9999 -9999 -9999 -9999 -9999 -9999 -9999 -9999 -9999 -9999 -9999 16.653972 16.653972 16.653972 16.653972 16.653972 16.653972 16.653972 16.653972 16.653972 16.653972 16.653972 16.653972 16.653972 16.653972 16.653972 16.653972 16.653972 16.653972 16.653972 16.653972 16.653972 16.653972 16.653972 16.653972 16.653972 16.653972 16.653972 16.653972 16.653972 16.653972 16.653972 16.653972 16.653972 16.653972 16.653972 16.653972 16.653972 16.653972 16.653972 16.653972 16.653972 16.653972
-9999 -9999 -9999 -9999 -9999 -9999 -9999 -9999 -9999 -9999 -9999 -9999 -9999 -9999 -9999 -9999 -9999 -9999 -9999 -9999 -9999 -9999 16.660498 16.660498 16.660498 16.660498 16.660498 16.660498 16.660498 16.660498 16.660498 16.660498 16.660498 16.660498 16.660498 16.660498 16.660498 16.660498 16.660498 16.660498 16.660498 16.660498 16.660498 16.660498 16.660498 16.660498 16.660498 16.660498 16.660498 16.660498 16.660498 16.660498 16.660498 16.660498 16.660498 16.660498 16.660498 16.660498 16.660498 16.660498 16.660498 16.660498 16.660498 16.660498
-9999 -9999 -9999 -9999 -9999 -9999 -9999 -9999 -9999 -9999 -9999 -9999 -9999 -9999 -9999 -9999 -9999 -9999 -9999 -9999 -9999 -9999 16.665424 16.665424 16.665424 16.665424 16.665424 16.665424 16.665424 16.665424 16.665424 16.665424 16.665424 16.665424 16.665424 16.665424 16.665424 16.665424 16.665424 16.665424 16.665424 16.665424 16.665424 16.665424 16.665424 16.665424 16.665424 16.665424 16.665424 16.665424 16.665424 16.665424 16.665424 16.665424 16.665424 16.665424 16.665424 16.665424 16.665424 16.665424 16.665424 16.665424 16.665424 16.665424
-9999 -9999 -9999 -9999 -9999 -9999 -9999 -9999 -9999 -9999 -9999 -9999 -9999 -9999 -9999 -9999 -9999 -9999 -9999 -9999 -9999 -9999 16.664639 16.664639 16.664639 16.664639 16.664639 16.664639 16.664639 16.664639 16.664639 16.664639 16.664639 16.664639 16.664639 16.664639 16.664639 16.664639 16.664639 16.664639 16.664639 16.664639 16.664639 16.664639 16.664639 16.664639 16.664639 16.664639 16.664639 16.664639 16.664639 16.664639 16.664639 16.664639 16.664639 16.664639 16.664639 16.664639 16.664639 16.664639 16.664639 16.664639 16.664639 16.664639
-9999 -9999 -9999 -9999 -9999 -9999 -9999 -9999 -9999 -9999 -9999 -9999 -9999 -9999 -9999 -9999 -9999 -9999 -9999 -9999 -9999 -9999 16.663854 16.663854 16.663854 16.663854 16.663854 16.663854 16.663854 16.663854 16.663854 16.663854 16.663854 16.663854 16.663854 16.663854 16.663854 16.663854 16.663854 16.663854 16.663854 16.663854 16.663854 16.663854 16.663854 16.663854 16.663854 16.663854 16.663854 16.663854 16.663854 16.663854 16.663854 16.663854 16.663854 16.663854 16.663854 16.663854 16.663854 16.663854 16.663854 16.663854 16.663854 16.663854
-9999 -9999 -9999 -9999 -9999 -9999 -9999 -9999 -9999 -9999 -9999 -9999 -9999 -9999 -9999 -9999 -9999 -9999 -9999 -9999 -9999 -9999 16.663449 16.663449 16.663449 16.663449 16.663449 16.663449 16.663449 16.663449 16.663449 16.663449 16.663449 16.663449 16.663449 16.663449 16.663449 16.663449 16.663449 16.663449 16.663449 16.663449 16.663449 16.663449 16.663449 16.663449 16.663449 16.663449 16.663449 16.663449 16.663449 16.663449 16.663449 16.663449 16.663449 16.663449 16.663449 16.663449 16.663449 16.663449 16.663449 16.663449 16.663449 16.663449
-9999 -9999 -9999 -9999 -9999 -9999 -9999 -9999 -9999 -9999 -9999 -9999 -9999 -9999 -9999 -9999 -9999 -9999 -9999 -9999 -9999 -9999 16.665852 16.665852 16.665852 16.665852 16.665852 16.665852 16.665852 16.665852 16.665852 16.665852 16.665852 16.665852 16.665852 16.665852 16.665852 16.665852 16.665852 16.665852 16.665852 16.665852 16.665852 16.665852 16.665852 16.665852 16.665852 16.665852 16.665852 16.665852 16.665852 16.665852 16.665852 16.665852 16.665852 16.665852 16.665852 16.665852 16.665852 16.665852 16.665852 16.665852 16.665852 16.665852
-9999 -9999 -9999 -9999 -9999 -9999 -9999 -9999 -9999 -9999 -9999 -9999 -9999 -9999 -9999 -9999 -9999 -9999 -9999 -9999 -9999 -9999 16.668255 16.668255 16.668255 16.668255 16.668255 16.668255 16.668255 16.668255 16.668255 16.668255 16.668255 16.668255 16.668255 16.668255 16.668255 16.668255 16.668255 16.668255 16.668255 16.668255 16.668255 16.668255 16.668255 16.668255 16.668255 16.668255 16.668255 16.668255 16.668255 16.668255 16.668255 16.668255 16.668255 16.668255 16.668255 16.668255 16.668255 16.668255 16.668255 16.668255 16.668255 16.668255
-9999 -9999 -9999 -9999 -9999 -9999 -9999 -9999 -9999 -9999 -9999 -9999 -9999 -9999 -9999 -9999 -9999 -9999 -9999 -9999 -9999 -9999 16.670598 16.670598 16.670598 16.670598 16.670598 16.670598 16.670598 16.670598 16.670598 16.670598 16.670598 16.670598 16.670598 16.670598 16.670598 16.670598 16.670598 16.670598 16.670598 16.670598 16.670598 16.670598 16.670598 16.670598 16.670598 16.670598 16.670598 16.670598 16.670598 16.670598 16.670598 16.670598 16.670598 16.670598 16.670598 16.670598 16.670598 16.670598 16.670598 16.670598 16.670598 16.670598
-9999 -9999 -9999 -9999 -9999 -9999 -9999 -9999 -9999 -9999 -9999 -9999 -9999 -9999 -9999 -9999 -9999 -9999 -9999 -9999 -9999 -9999 16.669973 16.669973 16.669973 16.669973 16.669973 16.669973 16.669973 16.669973 16.669973 16.669973 16.669973 16.669973 16.669973 16.669973 16.669973 16.669973 16.669973 16.669973 16.669973 16.669973 16.669973 16.669973 16.669973 16.669973 16.669973 16.669973 16.669973 16.669973 16.669973 16.669973 16.669973 16.669973 16.669973 16.669973 16.669973 16.669973 16.669973 16.669973 16.669973 16.669973 16.669973 16.669973
-9999 -9999 -9999 -9999 -9999 -9999 -9999 -9999 -9999 -9999 -9999 -9999 -9999 -9999 -9999 -9999 -9999 -9999 -9999 -9999 -9999 -9999 16.669349 16.669349 16.669349 16.669349 16.669349 16.669349 16.669349 16.669349 16.669349 16.669349 16.669349 16.669349 16.669349 16.669349 16.669349 16.669349 16.669349 16.669349 16.669349 16.669349 16.669349 16.669349 16.669349 16.669349 16.669349 16.669349 16.669349 16.669349 16.669349 16.669349 16.669349 16.669349 16.669349 16.669349 16.669349 16.669349 16.669349 16.669349 16.669349 16.669349 16.669349 16.669349
-9999 -9999 -9999 -9999 -9999 -9999 -9999 -9999 -9999 -9999 -9999 -9999 -9999 -9999 -9999 -9999 -9999 -9999 -9999 -9999 -9999 -9999 16.668724 16.668724 16.668724 16.668724 16.668724 16.668724 16.668724 16.668724 16.668724 16.668724 16.668724 16.668724 16.668724 16.668724 16.668724 16.668724 16.668724 16.668724 16.668724 16.668724 16.668724 16.668724 16.668724 16.668724 16.668724 16.668724 16.668724 16.668724 16.668724 16.668724 16.668724 16.668724 16.668724 16.668724 16.668724 16.668724 16.668724 16.668724 16.668724 16.668724 16.668724 16.668724
-9999 -9999 -9999 -9999 -9999 -9999 -9999 -9999 -9999 -9999 -9999 -9999 -9999 -9999 -9999 -9999 -9999 -9999 -9999 -9999 -9999 -9999 16.668988 16.668988 16.668988 16.668988 16.668988 16.668988 16.668988 16.668988 16.668988 16.668988 16.668988 16.668988 16.668988 16.668988 16.668988 16.668988 16.668988 16.668988 16.668988 16.668988 16.668988 16.668988 16.668988 16.668988 16.668988 16.668988 16.668988 16.668988 16.668988 16.668988 16.668988 16.668988 16.668988 16.668988 16.668988 16.668988 16.668988 16.668988 16.668988 16.668988 16.668988 16.668988
-9999 -9999 -9999 -9999 -9999 -9999 -9999 -9999 -9999 -9999 -9999 -9999 -9999 -9999 -9999 -9999 -9999 -9999 -9999 -9999 -9999 -9999 16.669329 16.669329 16.669329 16.669329 16.669329 16.669329 16.669329 16.669329 16.669329 16.669329 16.669329 16.669329 16.669329 16.669329 16.669329 16.669329 16.669329 16.669329 16.669329 16.669329 16.669329 16.669329 16.669329 16.669329 16.669329 16.669329 16.669329 16.669329 16.669329 16.669329 16.669329 16.669329 16.669329 16.669329 16.669329 16.669329 16.669329 16.669329 16.669329 16.669329 16.669329 16.669329
-9999 -9999 -9999 -9999 -9999 -9999 -9999 -9999 -9999 -9999 -9999 -9999 -9999 -9999 -9999 -9999 -9999 -9999 -9999 -9999 -9999 -9999 16.66967 16.66967 16.66967 16.66967 16.66967 16.66967 16.66967 16.66967 16.66967 16.66967 16.66967 16.66967 16.66967 16.66967 16.66967 16.66967 16.66967 16.66967 16.66967 16.66967 16.66967 16.66967 16.66967 16.66967 16.66967 16.66967 16.66967 16.66967 16.66967 16.66967 16.66967 16.66967 16.66967 16.66967 16.66967 16.66967 16.66967 16.66967 16.66967 16.66967 16.66967 16.66967
-9999 -9999 -9999 -9999 -9999 -9999 -9999 -9999 -9999 -9999 -9999 -9999 -9999 -9999 -9999 -9999 -9999 -9999 -9999 -9999 -9999 -9999 16.65822 16.65822 16.65822 16.65822 16.65822 16.65822 16.65822 16.65822 16.65822 16.65822 16.65822 16.65822 16.65822 16.65822 16.65822 16.65822 16.65822 16.65822 16.65822 16.65822 16.65822 16.65822 16.65822 16.65822 16.65822 16.65822 16.65822 16.65822 16.65822 16.65822 16.65822 16.65822 16.65822 16.65822 16.65822 16.65822 16.65822 16.65822 16.65822 16.630078 16.553646 16.553646
-9999 -9999 -9999 -9999 -9999 -9999 -9999 -9999 -9999 -9999 -9999 -9999 -9999 -9999 -9999 -9999 -9999 -9999 -9999 -9999 -9999 -9999 16.644192 16.644192 16.644192 16.644192 16.644192 16.644192 16.644192 16.644192 16.644192 16.644192 16.644192 16.644192 16.644192 16.644192 16.644192 16.644192 16.644192 16.644192 16.644192 16.644192 16.644192 16.644192 16.644192 16.644192 16.644192 16.644192 16.644192 16.644192 16.644192 16.644192 16.644192 16.644192 16.644192 16.644192 16.644192 16.644192 16.644192 16.644192 16.616234 16.488608 16.412176 16.397685
-9999 -9999 -9999 -9999 -9999 -9999 -9999 -9999 -9999 -9999 -9999 -9999 -9999 -9999 -9999 -9999 -9999 -9999 -9999 -9999 -9999 -9999 16.630163 16.630163 16.630163 16.630163 16.630163 16.630163 16.630163 16.630163 16.630163 16.630163 16.630163 16.630163 16.630163 16.630163 16.630163 16.630163 16.630163 16.630163 16.630163 16.630163 16.630163 16.630163 16.630163 16.630163 16.630163 16.630163 16.630163 16.630163 16.630163 16.630163 16.630163 16.630163 16.630163 16.630163 16.630163 16.630163 16.630163 16.602389 16.474763 16.347138 16.256383 16.139466
-9999 -9999 -9999 -9999 -9999 -9999 -9999 -9999 -9999 -9999 -9999 -9999 -9999 -9999 -9999 -9999 -9999 -9999 -9999 -9999 -9999 -9999 16.627545 16.627545 16.627545 16.627545 16.627545 16.627545 16.627545 16.627545 16.627545 16.627545 16.627545 16.627545 16.627545 16.627545 16.627545 16.627545 16.627545 16.627545 16.627545 16.627545 16.627545 16.627545 16.627545 16.627545 16.627545 16.627545 16.627545 16.627545 16.627545 16.627545 16.627545 16.627545 16.627545 16.627545 16.627545 16.627545 16.627545 16.564211 16.436586 16.272007 15.965863 15.848945
-9999 -9999 -9999 -9999 -9999 -9999 -9999 -9999 -9999 -9999 -9999 -9999 -9999 -9999 -9999 -9999 -9999 -9999 -9999 -9999 -9999 -9999 16.629341 16.629341 16.629341 16.629341 16.629341 16.629341 16.629341 16.629341 16.629341 16.629341 16.629341 16.629341 16.629341 16.629341 16.629341 16.629341 16.629341 16.629341 16.629341 16.629341 16.629341 16.629341 16.629341 16.629341 16.629341 16.629341 16.629341 16.629341 16.629341 16.629341 16.629341 16.629341 16.629341 16.629341 16.629341 16.629341 16.629341 16.566008 16.401868 15.968986 15.662843 15.54637
-9999 -9999 -9999 -9999 -9999 -9999 -9999 -9999 -9999 -9999 -9999 -9999 -9999 -9999 -9999 -9999 -9999 -9999 -9999 -9999 -9999 -9999 16.631138 16.631138 16.631138 16.631138 16.631138 16.631138 16.631138 16.631138 16.631138 16.631138 16.631138 16.631138 16.631138 16.631138 16.631138 16.631138 16.631138 16.631138 16.631138 16.631138 16.631138 16.631138 16.631138 16.631138 16.631138 16.631138 16.631138 16.631138 16.631138 16.631138 16.631138 16.631138 16.631138 16.631138 16.631138 16.631138 16.631138 16.53173 16.098848 15.665966 15.360241 15.261487
-9999 -9999 -9999 -9999 -9999 -9999 -9999 -9999 -9999 -9999 -9999 -9999 -9999 -9999 -9999 -9999 -9999 -9999 -9999 -9999 -9999 -9999 16.632279 16.632279 16.632279 16.632279 16.632279 16.632279 16.632279 16.632279 16.632279 16.632279 16.632279 16.632279 16.632279 16.632279 16.632279 16.632279 16.632279 16.632279 16.632279 16.632279 16.632279 16.632279 16.632279 16.632279 16.632279 16.632279 16.632279 16.632279 16.632279 16.632279 16.632279 16.632279 16.632279 16.632279 16.632279 16.632279 16.498704 15.707495 15.274613 14.8496 14.768804 14.670051
-9999 -9999 -9999 -9999 -9999 -9999 -9999 -9999 -9999 -9999 -9999 -9999 -9999 -9999 -9999 -9999 -9999 -9999 -9999 -9999 -9999 -9999 16.633018 16.633018 16.633018 16.633018 16.633018 16.633018 16.633018 16.633018 16.633018 16.633018 16.633018 16.633018 16.633018 16.633018 16.633018 16.633018 16.633018 16.633018 16.633018 16.633018 16.633018 16.633018 16.633018 16.633018 16.633018 16.633018 16.633018 16.633018 16.633018 16.633018 16.633018 16.633018 16.633018 16.633018 16.633018 16.50109 15.356897 14.565688 14.140151 14.071382 13.990586 13.891832
-9999 -9999 -9999 -9999 -9999 -9999 -9999 -9999 -9999 -9999 -9999 -9999 -9999 -9999 -9999 -9999 -9999 -9999 -9999 -9999 -9999 -9999 16.633758 16.633758 16.633758 16.633758 16.633758 16.633758 16.633758 16.633758 16.633758 16.633758 16.633758 16.633758 16.633758 16.633758 16.633758 16.633758 16.633758 16.633758 16.633758 16.633758 16.633758 16.633758 16.633758 16.633758 16.633758 16.633758 16.633758 16.633758 16.633758 16.633758 16.633758 16.633758 16.633758 16.633758 16.503476 15.359283 14.215089 13.430702 13.361933 13.293164 13.212368 13.152185
-9999 -9999 -9999 -9999 -9999 -9999 -9999 -9999 -9999 -9999 -9999 -9999 -9999 -9999 -9999 -9999 -9999 -9999 -9999 -9999 -9999 -9999 16.633272 16.633272 16.633272 16.633272 16.633272 16.633272 16.633272 16.633272 16.633272 16.633272 16.633272 16.633272 16.633272 16.633272 16.633272 16.633272 16.633272 16.633272 16.633272 16.633272 16.633272 16.633272 16.633272 16.633272 16.633272 16.633272 16.633272 16.633272 16.633272 16.633272 16.633272 16.633272 16.633272 16.633272 15.956627 14.812433 13.670953 13.139465 13.070696 13.001927 12.95101 12.894018
-9999 -9999 -9999 -9999 -9999 -9999 -9999 -9999 -9999 -9999 -9999 -9999 -9999 -9999 -9999 -9999 -9999 -9999 -9999 -9999 -9999 -9999 16.631661 16.631661 16.631661 16.631661 16.631661 16.631661 16.631661 16.631661 16.631661 16.631661 16.631661 16.631661 16.631661 16.631661 16.631661 16.631661 16.631661 16.631661 16.631661 16.631661 16.631661 16.631661 16.631661 16.631661 16.631661 16.631661 16.631661 16.631661 16.631661 16.631661 16.631661 16.631661 16.631661 16.631661 15.955016 14.81331 13.826001 13.294513 13.225744 13.180173 13.131217 13.074225
-9999 -9999 -9999 -9999 -9999 -9999 -9999 -9999 -9999 -9999 -9999 -9999 -9999 -9999 -9999 -9999 -9999 -9999 -9999 -9999 -9999 -9999 16.63005 16.63005 16.63005 16.63005 16.63005 16.63005 16.63005 16.63005 16.63005 16.63005 16.63005 16.63005 16.63005 16.63005 16.63005 16.63005 16.63005 16.63005 16.63005 16.63005 16.63005 16.63005 16.63005 16.63005 16.63005 16.63005 16.63005 16.63005 16.63005 16.63005 16.63005 16.63005 16.63005 16.63005 15.955668 14.968359 13.981049 13.449561 13.403954 13.36038 13.311425 13.271344
