test/data/b2010/processor_outputs/debug/OUTPUT_T_45_0_12h.tif
NCOLS 132
NROWS 132
XLLCORNER 352310.43
YLLCORNER 6689219.5
DX 17.797726
DY 17.797726
NODATA_VALUE -9999
[rows 28 to 55 of 132, columns 0 to 62 of 132]
-9999 -9999 -9999 -9999 -9999 -9999 -9999 -9999 -9999 -9999 -9999 -9999 -9999 -9999 -9999 -9999 -9999 -9999 -9999 -9999 -9999 -9999 -9999 -9999 -9999 -9999 -9999 -9999 -9999 -9999 -9999 -9999 -9999 -9999 -9999 -9999 -9999 -9999 -9999 -9999 -9999 -9999 28.546822 28.4628 28.378777 28.294755 28.210732 28.254603 28.306883 28.359163 28.411443 28.417459 28.348104 28.27875 28.209395 28.14004 28.147562 28.171686 28.19581 28.219934 28.272657 28.404931 28.537205
-9999 -9999 -9999 -9999 -9999 -9999 -9999 -9999 -9999 -9999 -9999 -9999 -9999 -9999 -9999 -9999 -9999 -9999 -9999 -9999 -9999 -9999 -9999 -9999 -9999 -9999 -9999 -9999 -9999 -9999 -9999 -9999 -9999 -9999 -9999 -9999 -9999 -9999 -9999 -9999 -9999 28.546822 28.4628 28.378777 28.294755 28.210732 28.254603 28.306883 28.359163 28.411443 28.417459 28.348104 28.27875 28.209395 28.14004 28.147562 28.171686 28.19581 28.219934 28.272657 28.404931 28.537205 28.669479
-9999 -9999 -9999 -9999 -9999 -9999 -9999 -9999 -9999 -9999 -9999 -9999 -9999 -9999 -9999 -9999 -9999 -9999 -9999 -9999 -9999 -9999 -9999 -9999 -9999 -9999 -9999 -9999 -9999 -9999 -9999 -9999 -9999 -9999 -9999 -9999 -9999 -9999 -9999 -9999 28.546822 28.4628 28.378777 28.294755 28.210732 28.254603 28.306883 28.359163 28.411443 28.417459 28.348104 28.27875 28.209395 28.14004 28.147562 28.171686 28.19581 28.219934 28.272657 28.404931 28.537205 28.669479 28.801753
-9999 -9999 -9999 -9999 -9999 -9999 -9999 -9999 -9999 -9999 -9999 -9999 -9999 -9999 -9999 -9999 -9999 -9999 -9999 -9999 -9999 -9999 -9999 -9999 -9999 -9999 -9999 -9999 -9999 -9999 -9999 -9999 -9999 -9999 -9999 -9999 -9999 -9999 -9999 28.546822 28.4628 28.378777 28.294755 28.210732 28.254603 28.306883 28.359163 28.411443 28.417459 28.348104 28.27875 28.209395 28.14004 28.147562 28.171686 28.19581 28.219934 28.272657 28.404931 28.537205 28.669479 28.801753 28.905729
-9999 -9999 -9999 -9999 -9999 -9999 -9999 -9999 -9999 -9999 -9999 -9999 -9999 -9999 -9999 -9999 -9999 -9999 -9999 -9999 -9999 -9999 -9999 -9999 -9999 -9999 -9999 -9999 -9999 -9999 -9999 -9999 -9999 -9999 -9999 -9999 -9999 -9999 28.546822 28.4628 28.378777 28.294755 28.210732 28.254603 28.306883 28.359163 28.411443 28.417459 28.348104 28.27875 28.209395 28.14004 28.147562 28.171686 28.19581 28.219934 28.272657 28.404931 28.537205 28.669479 28.801753 28.905729 28.997948
-9999 -9999 -9999 -9999 -9999 -9999 -9999 -9999 -9999 -9999 -9999 -9999 -9999 -9999 -9999 -9999 -9999 -9999 -9999 -9999 -9999 -9999 -9999 -9999 -9999 -9999 -9999 -9999 -9999 -9999 -9999 -9999 -9999 -9999 -9999 -9999 -9999 28.546822 28.4628 28.378777 28.294755 28.210732 28.254603 28.306883 28.359163 28.411443 28.417459 28.348104 28.27875 28.209395 28.14004 28.147562 28.171686 28.19581 28.219934 28.272657 28.404931 28.537205 28.669479 28.801753 28.905729 28.997948 29.090166
-9999 -9999 -9999 -9999 -9999 -9999 -9999 -9999 -9999 -9999 -9999 -9999 -9999 -9999 -9999 -9999 -9999 -9999 -9999 -9999 -9999 -9999 -9999 -9999 -9999 -9999 -9999 -9999 -9999 -9999 -9999 -9999 -9999 -9999 -9999 -9999 28.546822 28.4628 28.378777 28.294755 28.210732 28.254603 28.306883 28.359163 28.411443 28.417459 28.348104 28.27875 28.209395 28.14004 28.147562 28.171686 28.19581 28.219934 28.272657 28.404931 28.537205 28.669479 28.801753 28.905729 28.997948 29.090166 29.182385
-9999 -9999 -9999 -9999 -9999 -9999 -9999 -9999 -9999 -9999 -9999 -9999 -9999 -9999 -9999 -9999 -9999 -9999 -9999 -9999 -9999 -9999 -9999 -9999 -9999 -9999 -9999 -9999 -9999 -9999 -9999 -9999 -9999 -9999 -9999 28.546822 28.4628 28.378777 28.294755 28.210732 28.254603 28.306883 28.359163 28.411443 28.417459 28.348104 28.27875 28.209395 28.14004 28.147562 28.171686 28.19581 28.219934 28.272657 28.404931 28.537205 28.669479 28.801753 28.905729 28.997948 29.090166 29.182385 29.261452
-9999 -9999 -9999 -9999 -9999 -9999 -9999 -9999 -9999 -9999 -9999 -9999 -9999 -9999 -9999 -9999 -9999 -9999 -9999 -9999 -9999 -9999 -9999 -9999 -9999 -9999 -9999 -9999 -9999 -9999 -9999 -9999 -9999 -9999 28.546822 28.4628 28.378777 28.294755 28.210732 28.254603 28.306883 28.359163 28.411443 28.417459 28.348104 28.27875 28.209395 28.14004 28.147562 28.171686 28.19581 28.219934 28.272657 28.404931 28.537205 28.669479 28.801753 28.905729 28.997948 29.090166 29.182385 29.261452 29.26512
-9999 -9999 -9999 -9999 -9999 -9999 -9999 -9999 -9999 -9999 -9999 -9999 -9999 -9999 -9999 -9999 -9999 -9999 -9999 -9999 -9999 -9999 -9999 -9999 -9999 -9999 -9999 -9999 -9999 -9999 -9999 -9999 -9999 28.546822 28.4628 28.378777 28.294755 28.210732 28.254603 28.306883 28.359163 28.411443 28.417459 28.348104 28.27875 28.209395 28.14004 28.147562 28.171686 28.19581 28.219934 28.272657 28.404931 28.537205 28.669479 28.801753 28.905729 28.997948 29.090166 29.182385 29.261452 29.26512 29.268788
-9999 -9999 -9999 -9999 -9999 -9999 -9999 -9999 -9999 -9999 -9999 -9999 -9999 -9999 -9999 -9999 -9999 -9999 -9999 -9999 -9999 -9999 -9999 -9999 -9999 -9999 -9999 -9999 -9999 -9999 -9999 -9999 28.546822 28.4628 28.378777 28.294755 28.210732 28.254603 28.306883 28.359163 28.411443 28.417459 28.348104 28.27875 28.209395 28.14004 28.147562 28.171686 28.19581 28.219934 28.272657 28.404931 28.537205 28.669479 28.801753 28.905729 28.997948 29.090166 29.182385 29.261452 29.26512 29.268788 29.272456
-9999 -9999 -9999 -9999 -9999 -9999 -9999 -9999 -9999 -9999 -9999 -9999 -9999 -9999 -9999 -9999 -9999 -9999 -9999 -9999 -9999 -9999 -9999 -9999 -9999 -9999 -9999 -9999 -9999 -9999 -9999 28.546822 28.4628 28.378777 28.294755 28.210732 28.254603 28.306883 28.359163 28.411443 28.417459 28.348104 28.27875 28.209395 28.14004 28.147562 28.171686 28.19581 28.219934 28.272657 28.404931 28.537205 28.669479 28.801753 28.905729 28.997948 29.090166 29.182385 29.261452 29.26512 29.268788 29.272456 29.276124
-9999 -9999 -9999 -9999 -9999 -9999 -9999 -9999 -9999 -9999 -9999 -9999 -9999 -9999 -9999 -9999 -9999 -9999 -9999 -9999 -9999 -9999 -9999 -9999 -9999 -9999 -9999 -9999 -9999 -9999 28.546822 28.4628 28.378777 28.294755 28.210732 28.254603 28.306883 28.359163 28.411443 28.417459 28.348104 28.27875 28.209395 28.14004 28.147562 28.171686 28.19581 28.219934 28.272657 28.404931 28.537205 28.669479 28.801753 28.905729 28.997948 29.090166 29.182385 29.261452 29.26512 29.268788 29.272456 29.276124 29.259482
-9999 -9999 -9999 -9999 -9999 -9999 -9999 -9999 -9999 -9999 -9999 -9999 -9999 -9999 -9999 -9999 -9999 -9999 -9999 -9999 -9999 -9999 -9999 -9999 -9999 -9999 -9999 -9999 -9999 28.546822 28.4628 28.378777 28.294755 28.210732 28.254603 28.306883 28.359163 28.411443 28.417459 28.348104 28.27875 28.209395 28.14004 28.147562 28.171686 28.19581 28.219934 28.272657 28.404931 28.537205 28.669479 28.801753 28.905729 28.997948 29.090166 29.182385 29.261452 29.26512 29.268788 29.272456 29.276124 29.259482 29.228759
-9999 -9999 -9999 -9999 -9999 -9999 -9999 -9999 -9999 -9999 -9999 -9999 -9999 -9999 -9999 -9999 -9999 -9999 -9999 -9999 -9999 -9999 -9999 -9999 -9999 -9999 -9999 -9999 28.546822 28.4628 28.378777 28.294755 28.210732 28.254603 28.306883 28.359163 28.411443 28.417459 28.348104 28.27875 28.209395 28.14004 28.147562 28.171686 28.19581 28.219934 28.272657 28.404931 28.537205 28.669479 28.801753 28.905729 28.997948 29.090166 29.182385 29.261452 29.26512 29.268788 29.272456 29.276124 29.259482 29.228759 29.198037
-9999 -9999 -9999 -9999 -9999 -9999 -9999 -9999 -9999 -9999 -9999 -9999 -9999 -9999 -9999 -9999 -9999 -9999 -9999 -9999 -9999 -9999 -9999 -9999 -9999 -9999 -9999 28.546822 28.4628 28.378777 28.294755 28.210732 28.254603 28.306883 28.359163 28.411443 28.417459 28.348104 28.27875 28.209395 28.14004 28.147562 28.171686 28.19581 28.219934 28.272657 28.404931 28.537205 28.669479 28.801753 28.905729 28.997948 29.090166 29.182385 29.261452 29.26512 29.268788 29.272456 29.276124 29.259482 29.228759 29.198037 29.167314
-9999 -9999 -9999 -9999 -9999 -9999 -9999 -9999 -9999 -9999 -9999 -9999 -9999 -9999 -9999 -9999 -9999 -9999 -9999 -9999 -9999 -9999 -9999 -9999 -9999 -9999 28.546822 28.4628 28.378777 28.294755 28.210732 28.254603 28.306883 28.359163 28.411443 28.417459 28.348104 28.27875 28.209395 28.14004 28.147562 28.171686 28.19581 28.219934 28.272657 28.404931 28.537205 28.669479 28.801753 28.905729 28.997948 29.090166 29.182385 29.261452 29.26512 29.268788 29.272456 29.276124 29.259482 29.228759 29.198037 29.167314 29.133588
-9999 -9999 -9999 -9999 -9999 -9999 -9999 -9999 -9999 -9999 -9999 -9999 -9999 -9999 -9999 -9999 -9999 -9999 -9999 -9999 -9999 -9999 -9999 -9999 -9999 28.546822 28.4628 28.378777 28.294755 28.210732 28.254603 28.306883 28.359163 28.411443 28.417459 28.348104 28.27875 28.209395 28.14004 28.147562 28.171686 28.19581 28.219934 28.272657 28.404931 28.537205 28.669479 28.801753 28.905729 28.997948 29.090166 29.182385 29.261452 29.26512 29.268788 29.272456 29.276124 29.259482 29.228759 29.198037 29.167314 29.131228 28.968349
-9999 -9999 -9999 -9999 -9999 -9999 -9999 -9999 -9999 -9999 -9999 -9999 -9999 -9999 -9999 -9999 -9999 -9999 -9999 -9999 -9999 -9999 -9999 -9999 28.546822 28.4628 28.378777 28.294755 28.210732 28.254603 28.306883 28.359163 28.411443 28.417459 28.348104 28.27875 28.209395 28.14004 28.147562 28.171686 28.19581 28.219934 28.272657 28.404931 28.537205 28.669479 28.801753 28.905729 28.997948 29.090166 29.182385 29.261452 29.26512 29.268788 29.272456 29.276124 29.259482 29.228759 29.198037 29.167314 29.131228 28.936069 28.760744
-9999 -9999 -9999 -9999 -9999 -9999 -9999 -9999 -9999 -9999 -9999 -9999 -9999 -9999 -9999 -9999 -9999 -9999 -9999 -9999 -9999 -9999 -9999 28.546822 28.4628 28.378777 28.294755 28.210732 28.254603 28.306883 28.359163 28.411443 28.417459 28.348104 28.27875 28.209395 28.14004 28.147562 28.171686 28.19581 28.219934 28.272657 28.404931 28.537205 28.669479 28.801753 28.905729 28.997948 29.090166 29.182385 29.261452 29.26512 29.268788 29.272456 29.276124 29.259482 29.228759 29.198037 29.167314 29.130209 28.913671 28.74091 28.553138
-9999 -9999 -9999 -9999 -9999 -9999 -9999 -9999 -9999 -9999 -9999 -9999 -9999 -9999 -9999 -9999 -9999 -9999 -9999 -9999 -9999 -9999 28.546822 28.4628 28.378777 28.294755 28.210732 28.254603 28.306883 28.359163 28.411443 28.417459 28.348104 28.27875 28.209395 28.14004 28.147562 28.171686 28.19581 28.219934 28.272657 28.404931 28.537205 28.669479 28.801753 28.905729 28.997948 29.090166 29.182385 29.261452 29.26512 29.268788 29.272456 29.276124 29.259482 29.228759 29.198037 29.167314 29.130209 28.903794 28.68188 28.523353 28.350592
-9999 -9999 -9999 -9999 -9999 -9999 -9999 -9999 -9999 -9999 -9999 -9999 -9999 -9999 -9999 -9999 -9999 -9999 -9999 -9999 -9999 28.546822 28.4628 28.378777 28.294755 28.210732 28.254603 28.306883 28.359163 28.411443 28.417459 28.348104 28.27875 28.209395 28.14004 28.147562 28.171686 28.19581 28.219934 28.272657 28.404931 28.537205 28.669479 28.801753 28.905729 28.997948 29.090166 29.182385 29.261452 29.26512 29.268788 29.272456 29.276124 29.259482 29.228759 29.198037 29.167314 29.133588 28.991525 28.67738 28.450965 28.291562 28.176149
-9999 -9999 -9999 -9999 -9999 -9999 -9999 -9999 -9999 -9999 -9999 -9999 -9999 -9999 -9999 -9999 -9999 -9999 -9999 -9999 28.546822 28.4628 28.378777 28.294755 28.210732 28.254603 28.306883 28.359163 28.411443 28.417459 28.348104 28.27875 28.209395 28.14004 28.147562 28.171686 28.19581 28.219934 28.272657 28.404931 28.537205 28.669479 28.801753 28.905729 28.997948 29.090166 29.182385 29.261452 29.26512 29.268788 29.272456 29.276124 29.259482 29.228759 29.198037 29.167314 29.133588 29.010786 28.886546 28.538696 28.22455 28.102885 28.035189
-9999 -9999 -9999 -9999 -9999 -9999 -9999 -9999 -9999 -9999 -9999 -9999 -9999 -9999 -9999 -9999 -9999 -9999 -9999 28.546822 28.4628 28.378777 28.294755 28.210732 28.254603 28.306883 28.359163 28.411443 28.417459 28.348104 28.27875 28.209395 28.14004 28.147562 28.171686 28.19581 28.219934 28.272657 28.404931 28.537205 28.669479 28.801753 28.905729 28.997948 29.090166 29.182385 29.261452 29.26512 29.268788 29.272456 29.276124 29.259482 29.228759 29.198037 29.167314 29.133588 29.010786 28.887983 28.765181 28.433717 28.154343 27.987415 27.915904
-9999 -9999 -9999 -9999 -9999 -9999 -9999 -9999 -9999 -9999 -9999 -9999 -9999 -9999 -9999 -9999 -9999 -9999 28.546822 28.4628 28.378777 28.294755 28.210732 28.254603 28.306883 28.359163 28.411443 28.417459 28.348104 28.27875 28.209395 28.14004 28.147562 28.171686 28.19581 28.219934 28.272657 28.404931 28.537205 28.669479 28.801753 28.905729 28.997948 29.090166 29.182385 29.261452 29.26512 29.268788 29.272456 29.276124 29.259482 29.228759 29.198037 29.167314 29.133588 29.010786 28.887983 28.765181 28.642379 28.397214 28.193628 27.990042 27.823114
-9999 -9999 -9999 -9999 -9999 -9999 -9999 -9999 -9999 -9999 -9999 -9999 -9999 -9999 -9999 -9999 -9999 28.546822 28.4628 28.378777 28.294755 28.210732 28.254603 28.306883 28.359163 28.411443 28.417459 28.348104 28.27875 28.209395 28.14004 28.147562 28.171686 28.19581 28.219934 28.272657 28.404931 28.537205 28.669479 28.801753 28.905729 28.997948 29.090166 29.182385 29.261452 29.26512 29.268788 29.272456 29.276124 29.259482 29.228759 29.198037 29.167314 29.133588 29.010786 28.887983 28.765181 28.642379 28.489692 28.303929 28.118166 27.932404 27.746641
-9999 -9999 -9999 -9999 -9999 -9999 -9999 -9999 -9999 -9999 -9999 -9999 -9999 -9999 -9999 -9999 28.546822 28.4628 28.378777 28.294755 28.210732 28.254603 28.306883 28.359163 28.411443 28.417459 28.348104 28.27875 28.209395 28.14004 28.147562 28.171686 28.19581 28.219934 28.272657 28.404931 28.537205 28.669479 28.801753 28.905729 28.997948 29.090166 29.182385 29.261452 29.26512 29.268788 29.272456 29.276124 29.259482 29.228759 29.198037 29.167314 29.133588 29.010786 28.887983 28.765181 28.642379 28.489692 28.303929 28.118166 27.932404 27.746641 27.781496
-9999 -9999 -9999 -9999 -9999 -9999 -9999 -9999 -9999 -9999 -9999 -9999 -9999 -9999 -9999 28.546822 28.4628 28.378777 28.294755 28.210732 28.254603 28.306883 28.359163 28.411443 28.417459 28.348104 28.27875 28.209395 28.14004 28.147562 28.171686 28.19581 28.219934 28.272657 28.404931 28.537205 28.669479 28.801753 28.905729 28.997948 29.090166 29.182385 29.261452 29.26512 29.268788 29.272456 29.276124 29.259482 29.228759 29.198037 29.167314 29.133588 29.010786 28.887983 28.765181 28.642379 28.489692 28.303929 28.118166 27.932404 27.746641 27.781496 27.836397
