test/data/b2010/processor_outputs/debug/OUTPUT_T_45_0_12h.tif
NCOLS 132
NROWS 132
XLLCORNER 352310.43
YLLCORNER 6689219.5
DX 17.797726
DY 17.797726
NODATA_VALUE -9999
[rows 28 to 55 of 132, columns 63 to 125 of 132]
28.669479 28.801753 28.905729 28.997948 29.090166 29.182385 29.261452 29.26512 29.268788 29.272456 29.276124 29.259482 29.228759 29.198037 29.167314 29.133588 29.010786 28.887983 28.765181 28.642379 28.598646 28.642427 -9999 -9999 -9999 -9999 -9999 -9999 -9999 -9999 -9999 -9999 -9999 -9999 -9999 -9999 -9999 -9999 -9999 -9999 -9999 -9999 -9999 -9999 -9999 -9999 -9999 -9999 -9999 -9999 -9999 -9999 -9999 -9999 -9999 -9999 -9999 -9999 -9999 -9999 -9999 -9999 -9999
28.801753 28.905729 28.997948 29.090166 29.182385 29.261452 29.26512 29.268788 29.272456 29.276124 29.259482 29.228759 29.198037 29.167314 29.133588 29.010786 28.887983 28.765181 28.642379 28.598646 28.642427 28.686207 28.729987 -9999 -9999 -9999 -9999 -9999 -9999 -9999 -9999 -9999 -9999 -9999 -9999 -9999 -9999 -9999 -9999 -9999 -9999 -9999 -9999 -9999 -9999 -9999 -9999 -9999 -9999 -9999 -9999 -9999 -9999 -9999 -9999 -9999 -9999 -9999 -9999 -9999 -9999 -9999 -9999
28.905729 28.997948 29.090166 29.182385 29.261452 29.26512 29.268788 29.272456 29.276124 29.259482 29.228759 29.198037 29.167314 29.133588 29.010786 28.887983 28.765181 28.642379 28.598646 28.642427 28.686207 28.729987 28.773768 28.630252 -9999 -9999 -9999 -9999 -9999 -9999 -9999 -9999 -9999 -9999 -9999 -9999 -9999 -9999 -9999 -9999 -9999 -9999 -9999 -9999 -9999 -9999 -9999 -9999 -9999 -9999 -9999 -9999 -9999 -9999 -9999 -9999 -9999 -9999 -9999 -9999 -9999 -9999 -9999
28.997948 29.090166 29.182385 29.261452 29.26512 29.268788 29.272456 29.276124 29.259482 29.228759 29.198037 29.167314 29.133588 29.010786 28.887983 28.765181 28.642379 28.598646 28.642427 28.686207 28.729987 28.773768 28.630252 28.469718 28.309184 -9999 -9999 -9999 -9999 -9999 -9999 -9999 -9999 -9999 -9999 -9999 -9999 -9999 -9999 -9999 -9999 -9999 -9999 -9999 -9999 -9999 -9999 -9999 -9999 -9999 -9999 -9999 -9999 -9999 -9999 -9999 -9999 -9999 -9999 -9999 -9999 -9999 -9999
29.090166 29.182385 29.261452 29.26512 29.268788 29.272456 29.276124 29.259482 29.228759 29.198037 29.167314 29.133588 29.010786 28.887983 28.765181 28.642379 28.598646 28.642427 28.686207 28.729987 28.773768 28.630252 28.469718 28.309184 28.14865 28.087216 -9999 -9999 -9999 -9999 -9999 -9999 -9999 -9999 -9999 -9999 -9999 -9999 -9999 -9999 -9999 -9999 -9999 -9999 -9999 -9999 -9999 -9999 -9999 -9999 -9999 -9999 -9999 -9999 -9999 -9999 -9999 -9999 -9999 -9999 -9999 -9999 -9999
29.182385 29.261452 29.26512 29.268788 29.272456 29.276124 29.259482 29.228759 29.198037 29.167314 29.133588 29.010786 28.887983 28.765181 28.642379 28.598646 28.642427 28.686207 28.729987 28.773768 28.630252 28.469718 28.309184 28.14865 28.087216 28.202923 28.318629 -9999 -9999 -9999 -9999 -9999 -9999 -9999 -9999 -9999 -9999 -9999 -9999 -9999 -9999 -9999 -9999 -9999 -9999 -9999 -9999 -9999 -9999 -9999 -9999 -9999 -9999 -9999 -9999 -9999 -9999 -9999 -9999 -9999 -9999 -9999 -9999
29.261452 29.26512 29.268788 29.272456 29.276124 29.259482 29.228759 29.198037 29.167314 29.133588 29.010786 28.887983 28.765181 28.642379 28.598646 28.642427 28.686207 28.729987 28.773768 28.630252 28.469718 28.309184 28.14865 28.087216 28.202923 28.318629 28.434335 28.550042 -9999 -9999 -9999 -9999 -9999 -9999 -9999 -9999 -9999 -9999 -9999 -9999 -9999 -9999 -9999 -9999 -9999 -9999 -9999 -9999 -9999 -9999 -9999 -9999 -9999 -9999 -9999 -9999 -9999 -9999 -9999 -9999 -9999 -9999 -9999
29.26512 29.268788 29.272456 29.276124 29.259482 29.228759 29.198037 29.167314 29.133588 29.010786 28.887983 28.765181 28.642379 28.598646 28.642427 28.686207 28.729987 28.773768 28.630252 28.469718 28.309184 28.14865 28.087216 28.202923 28.318629 28.434335 28.550042 28.521045 28.456051 -9999 -9999 -9999 -9999 -9999 -9999 -9999 -9999 -9999 -9999 -9999 -9999 -9999 -9999 -9999 -9999 -9999 -9999 -9999 -9999 -9999 -9999 -9999 -9999 -9999 -9999 -9999 -9999 -9999 -9999 -9999 -9999 -9999 -9999
29.268788 29.272456 29.276124 29.259482 29.228759 29.198037 29.167314 29.133588 29.010786 28.887983 28.765181 28.642379 28.598646 28.642427 28.686207 28.729987 28.773768 28.630252 28.469718 28.309184 28.14865 28.087216 28.202923 28.318629 28.434335 28.550042 28.521045 28.456051 28.391057 28.326063 -9999 -9999 -9999 -9999 -9999 -9999 -9999 -9999 -9999 -9999 -9999 -9999 -9999 -9999 -9999 -9999 -9999 -9999 -9999 -9999 -9999 -9999 -9999 -9999 -9999 -9999 -9999 -9999 -9999 -9999 -9999 -9999 -9999
29.272456 29.276124 29.259482 29.228759 29.198037 29.167314 29.133588 29.010786 28.887983 28.765181 28.642379 28.598646 28.642427 28.686207 28.729987 28.773768 28.630252 28.469718 28.309184 28.14865 28.087216 28.202923 28.318629 28.434335 28.550042 28.521045 28.456051 28.391057 28.326063 28.270707 28.245403 -9999 -9999 -9999 -9999 -9999 -9999 -9999 -9999 -9999 -9999 -9999 -9999 -9999 -9999 -9999 -9999 -9999 -9999 -9999 -9999 -9999 -9999 -9999 -9999 -9999 -9999 -9999 -9999 -9999 -9999 -9999 -9999
29.276124 29.259482 29.228759 29.198037 29.167314 29.133588 29.010786 28.887983 28.765181 28.642379 28.598646 28.642427 28.686207 28.729987 28.773768 28.630252 28.469718 28.309184 28.14865 28.087216 28.202923 28.318629 28.434335 28.550042 28.521045 28.456051 28.391057 28.326063 28.270707 28.245403 28.220099 28.194796 -9999 -9999 -9999 -9999 -9999 -9999 -9999 -9999 -9999 -9999 -9999 -9999 -9999 -9999 -9999 -9999 -9999 -9999 -9999 -9999 -9999 -9999 -9999 -9999 -9999 -9999 -9999 -9999 -9999 -9999 -9999
29.259482 29.228759 29.198037 29.167314 29.133588 29.010786 28.887983 28.765181 28.642379 28.598646 28.642427 28.686207 28.729987 28.773768 28.630252 28.469718 28.309184 28.14865 28.087216 28.202923 28.318629 28.434335 28.550042 28.521045 28.456051 28.391057 28.326063 28.270707 28.245403 28.220099 28.194796 28.169492 28.189195 -9999 -9999 -9999 -9999 -9999 -9999 -9999 -9999 -9999 -9999 -9999 -9999 -9999 -9999 -9999 -9999 -9999 -9999 -9999 -9999 -9999 -9999 -9999 -9999 -9999 -9999 -9999 -9999 -9999 -9999
29.228759 29.198037 29.167314 29.133588 29.010786 28.887983 28.765181 28.642379 28.598646 28.642427 28.686207 28.729987 28.773768 28.630252 28.469718 28.309184 28.14865 28.087216 28.202923 28.318629 28.434335 28.550042 28.521045 28.456051 28.391057 28.326063 28.270707 28.245403 28.220099 28.194796 28.169492 28.189195 28.229605 28.270016 -9999 -9999 -9999 -9999 -9999 -9999 -9999 -9999 -9999 -9999 -9999 -9999 -9999 -9999 -9999 -9999 -9999 -9999 -9999 -9999 -9999 -9999 -9999 -9999 -9999 -9999 -9999 -9999 -9999
29.198037 29.167314 29.133588 29.010786 28.887983 28.765181 28.642379 28.598646 28.642427 28.686207 28.729987 28.773768 28.630252 28.469718 28.309184 28.14865 28.087216 28.202923 28.318629 28.434335 28.550042 28.521045 28.456051 28.391057 28.326063 28.270707 28.245403 28.220099 28.194796 28.169492 28.189195 28.229605 28.270016 28.310427 28.349907 -9999 -9999 -9999 -9999 -9999 -9999 -9999 -9999 -9999 -9999 -9999 -9999 -9999 -9999 -9999 -9999 -9999 -9999 -9999 -9999 -9999 -9999 -9999 -9999 -9999 -9999 -9999 -9999
29.167314 29.133588 29.010786 28.887983 28.765181 28.642379 28.598646 28.642427 28.686207 28.729987 28.773768 28.630252 28.469718 28.309184 28.14865 28.087216 28.202923 28.318629 28.434335 28.550042 28.521045 28.456051 28.391057 28.326063 28.270707 28.245403 28.220099 28.194796 28.169492 28.189195 28.229605 28.270016 28.310427 28.349907 28.382992 28.416076 -9999 -9999 -9999 -9999 -9999 -9999 -9999 -9999 -9999 -9999 -9999 -9999 -9999 -9999 -9999 -9999 -9999 -9999 -9999 -9999 -9999 -9999 -9999 -9999 -9999 -9999 -9999
29.133588 29.010786 28.887983 28.765181 28.642379 28.598646 28.642427 28.686207 28.729987 28.773768 28.630252 28.469718 28.309184 28.14865 28.087216 28.202923 28.318629 28.434335 28.550042 28.521045 28.456051 28.391057 28.326063 28.270707 28.245403 28.220099 28.194796 28.169492 28.189195 28.229605 28.270016 28.310427 28.349907 28.382992 28.416076 28.449161 28.482246 -9999 -9999 -9999 -9999 -9999 -9999 -9999 -9999 -9999 -9999 -9999 -9999 -9999 -9999 -9999 -9999 -9999 -9999 -9999 -9999 -9999 -9999 -9999 -9999 -9999 -9999
29.010786 28.887983 28.765181 28.642379 28.598646 28.642427 28.686207 28.729987 28.773768 28.630252 28.469718 28.309184 28.14865 28.087216 28.202923 28.318629 28.434335 28.550042 28.521045 28.456051 28.391057 28.326063 28.270707 28.245403 28.220099 28.194796 28.169492 28.189195 28.229605 28.270016 28.310427 28.349907 28.382992 28.416076 28.449161 28.482246 28.496884 28.497547 -9999 -9999 -9999 -9999 -9999 -9999 -9999 -9999 -9999 -9999 -9999 -9999 -9999 -9999 -9999 -9999 -9999 -9999 -9999 -9999 -9999 -9999 -9999 -9999 -9999
28.887983 28.765181 28.642379 28.598646 28.642427 28.686207 28.729987 28.773768 28.630252 28.469718 28.309184 28.14865 28.087216 28.202923 28.318629 28.434335 28.550042 28.521045 28.456051 28.391057 28.326063 28.270707 28.245403 28.220099 28.194796 28.169492 28.189195 28.229605 28.270016 28.310427 28.349907 28.382992 28.416076 28.449161 28.482246 28.496884 28.497547 28.49821 28.498874 -9999 -9999 -9999 -9999 -9999 -9999 -9999 -9999 -9999 -9999 -9999 -9999 -9999 -9999 -9999 -9999 -9999 -9999 -9999 -9999 -9999 -9999 -9999 -9999
28.722745 28.642379 28.598646 28.642427 28.686207 28.729987 28.773768 28.630252 28.469718 28.309184 28.14865 28.087216 28.202923 28.318629 28.434335 28.550042 28.521045 28.456051 28.391057 28.326063 28.270707 28.245403 28.220099 28.194796 28.169492 28.189195 28.229605 28.270016 28.310427 28.349907 28.382992 28.416076 28.449161 28.482246 28.496884 28.497547 28.49821 28.498874 28.498774 28.43012 -9999 -9999 -9999 -9999 -9999 -9999 -9999 -9999 -9999 -9999 -9999 -9999 -9999 -9999 -9999 -9999 -9999 -9999 -9999 -9999 -9999 -9999 -9999
28.515139 28.55621 28.642427 28.686207 28.729987 28.773768 28.630252 28.469718 28.309184 28.14865 28.087216 28.202923 28.318629 28.434335 28.550042 28.521045 28.456051 28.391057 28.326063 28.270707 28.245403 28.220099 28.194796 28.169492 28.189195 28.229605 28.270016 28.310427 28.349907 28.382992 28.416076 28.449161 28.482246 28.496884 28.497547 28.49821 28.498874 28.498774 28.43012 28.361466 28.292812 -9999 -9999 -9999 -9999 -9999 -9999 -9999 -9999 -9999 -9999 -9999 -9999 -9999 -9999 -9999 -9999 -9999 -9999 -9999 -9999 -9999 -9999
28.386603 28.515187 28.643771 28.729987 28.773768 28.675201 28.492095 28.309184 28.14865 28.087216 28.202923 28.318629 28.434335 28.550042 28.521045 28.456051 28.391057 28.326063 28.270707 28.245403 28.220099 28.194796 28.169492 28.189195 28.229605 28.270016 28.310427 28.349907 28.382992 28.416076 28.449161 28.482246 28.496884 28.497547 28.49821 28.498874 28.498774 28.43012 28.361466 28.292812 28.224158 28.229775 -9999 -9999 -9999 -9999 -9999 -9999 -9999 -9999 -9999 -9999 -9999 -9999 -9999 -9999 -9999 -9999 -9999 -9999 -9999 -9999 -9999
28.194621 28.348682 28.502743 28.656804 28.675201 28.563699 28.389028 28.171027 28.087216 28.202923 28.318629 28.434335 28.550042 28.521045 28.456051 28.391057 28.326063 28.270707 28.245403 28.220099 28.194796 28.169492 28.189195 28.229605 28.270016 28.310427 28.349907 28.382992 28.416076 28.449161 28.482246 28.496884 28.497547 28.49821 28.498874 28.498774 28.43012 28.361466 28.292812 28.224158 28.229775 28.325054 28.420334 -9999 -9999 -9999 -9999 -9999 -9999 -9999 -9999 -9999 -9999 -9999 -9999 -9999 -9999 -9999 -9999 -9999 -9999 -9999 -9999
27.967493 27.985965 28.140026 28.431731 28.526668 28.452198 28.285961 28.146257 28.198835 28.318629 28.434335 28.550042 28.521045 28.456051 28.391057 28.326063 28.270707 28.245403 28.220099 28.194796 28.169492 28.189195 28.229605 28.270016 28.310427 28.349907 28.382992 28.416076 28.449161 28.482246 28.496884 28.497547 28.49821 28.498874 28.498774 28.43012 28.361466 28.292812 28.224158 28.229775 28.325054 28.420334 28.515613 28.610893 -9999 -9999 -9999 -9999 -9999 -9999 -9999 -9999 -9999 -9999 -9999 -9999 -9999 -9999 -9999 -9999 -9999 -9999 -9999
27.844393 27.772883 27.914953 28.219165 28.341165 28.303665 28.261192 28.26144 28.304043 28.430247 28.550042 28.521045 28.456051 28.391057 28.326063 28.270707 28.245403 28.220099 28.194796 28.169492 28.189195 28.229605 28.270016 28.310427 28.349907 28.382992 28.416076 28.449161 28.482246 28.496884 28.497547 28.49821 28.498874 28.498774 28.43012 28.361466 28.292812 28.224158 28.229775 28.325054 28.420334 28.515613 28.610893 28.582623 28.539875 -9999 -9999 -9999 -9999 -9999 -9999 -9999 -9999 -9999 -9999 -9999 -9999 -9999 -9999 -9999 -9999 -9999 -9999
27.751603 27.805728 27.860374 28.006599 28.155661 28.206271 28.355386 28.376624 28.409251 28.535456 28.55959 28.456051 28.391057 28.326063 28.270707 28.245403 28.220099 28.194796 28.169492 28.189195 28.229605 28.270016 28.310427 28.349907 28.382992 28.416076 28.449161 28.482246 28.496884 28.497547 28.49821 28.498874 28.498774 28.43012 28.361466 28.292812 28.224158 28.229775 28.325054 28.420334 28.515613 28.610893 28.582623 28.539875 28.497126 28.454377 -9999 -9999 -9999 -9999 -9999 -9999 -9999 -9999 -9999 -9999 -9999 -9999 -9999 -9999 -9999 -9999 -9999
27.784449 27.849989 27.906197 27.95202 28.058268 28.266371 28.428625 28.470818 28.514459 28.570768 28.593584 28.429602 28.326063 28.270707 28.245403 28.220099 28.194796 28.169492 28.189195 28.229605 28.270016 28.310427 28.349907 28.382992 28.416076 28.449161 28.482246 28.496884 28.497547 28.49821 28.498874 28.498774 28.43012 28.361466 28.292812 28.224158 28.229775 28.325054 28.420334 28.515613 28.610893 28.582623 28.539875 28.497126 28.454377 28.446338 28.506538 -9999 -9999 -9999 -9999 -9999 -9999 -9999 -9999 -9999 -9999 -9999 -9999 -9999 -9999 -9999 -9999
27.836397 27.894251 27.95202 28.029513 28.163614 28.326471 28.501864 28.544058 28.571243 28.588692 28.627577 28.463596 28.288742 28.245403 28.220099 28.194796 28.169492 28.189195 28.229605 28.270016 28.310427 28.349907 28.382992 28.416076 28.449161 28.482246 28.496884 28.497547 28.49821 28.498874 28.498774 28.43012 28.361466 28.292812 28.224158 28.229775 28.325054 28.420334 28.515613 28.610893 28.582623 28.539875 28.497126 28.454377 28.446338 28.506538 28.566739 28.62694 -9999 -9999 -9999 -9999 -9999 -9999 -9999 -9999 -9999 -9999 -9999 -9999 -9999 -9999 -9999
27.891298 27.946199 28.029513 28.163614 28.297716 28.431817 28.575104 28.605376 28.632074 28.628088 28.645538 28.486718 28.277967 28.220099 28.194796 28.169492 28.189195 28.229605 28.270016 28.310427 28.349907 28.382992 28.416076 28.449161 28.482246 28.496884 28.497547 28.49821 28.498874 28.498774 28.43012 28.361466 28.292812 28.224158 28.229775 28.325054 28.420334 28.515613 28.610893 28.582623 28.539875 28.497126 28.454377 28.446338 28.506538 28.566739 28.62694 28.68714 28.71766 -9999 -9999 -9999 -9999 -9999 -9999 -9999 -9999 -9999 -9999 -9999 -9999 -9999 -9999
