test/data/seminaire_final_coolparks/differents_cas/cas2/Reference_scenario_cas2/2_Calculated_park_effects/Reference_weather/OUTPUT_T_45_0_23h.tif
NCOLS 137
NROWS 137
XLLCORNER 355585.11
YLLCORNER 6688994.6
CELLSIZE 11.935661
NODATA_VALUE -9999
[rows 58 to 86 of 137, columns 65 to 129 of 137]
24.423229 24.548094 24.682484 24.818622 24.96737 25.128802 25.289191 25.394907 25.454941 25.519401 25.546206 25.548994 25.555716 25.562439 25.569161 25.575884 25.582788 25.589994 25.597201 25.604407 25.611613 25.618128 25.621121 25.624115 25.627109 25.630102 25.633096 25.643219 25.653701 25.664182 25.674664 25.685145 25.682177 25.674487 25.666796 25.659106 25.651415 -9999 -9999 -9999 -9999 -9999 -9999 -9999 -9999 -9999 -9999 -9999 -9999 -9999 -9999 -9999 -9999 -9999 -9999 -9999 -9999 -9999 -9999 -9999 -9999 -9999 -9999 -9999 -9999
24.314696 24.428976 24.554383 24.689933 24.826492 24.975571 25.135623 25.297123 25.402839 25.462873 25.524528 25.555716 25.562439 25.569161 25.575884 25.582788 25.589994 25.597201 25.604407 25.611613 25.618128 25.621121 25.624115 25.627109 25.630102 25.633096 25.643219 25.653701 25.664182 25.674664 25.685145 25.682177 25.674487 25.666796 25.659106 25.651415 25.643837 25.63636 -9999 -9999 -9999 -9999 -9999 -9999 -9999 -9999 -9999 -9999 -9999 -9999 -9999 -9999 -9999 -9999 -9999 -9999 -9999 -9999 -9999 -9999 -9999 -9999 -9999 -9999 -9999
24.206163 24.319945 24.435265 24.561243 24.697253 24.833127 24.982069 25.143035 25.305055 25.412393 25.475183 25.537973 25.569161 25.575884 25.582788 25.589994 25.597201 25.604407 25.611613 25.618128 25.621121 25.624115 25.627109 25.630102 25.633096 25.643219 25.653701 25.664182 25.674664 25.685145 25.682177 25.674487 25.666796 25.659106 25.651415 25.643837 25.63636 25.628883 25.621405 -9999 -9999 -9999 -9999 -9999 -9999 -9999 -9999 -9999 -9999 -9999 -9999 -9999 -9999 -9999 -9999 -9999 -9999 -9999 -9999 -9999 -9999 -9999 -9999 -9999 -9999
24.105891 24.211113 24.326234 24.440738 24.567344 24.70367 24.839625 24.988947 25.179762 25.37939 25.478097 25.516966 25.555836 25.582788 25.589994 25.597201 25.604407 25.611613 25.618128 25.621121 25.624115 25.627109 25.630102 25.633096 25.643219 25.653701 25.664182 25.674664 25.685145 25.682177 25.674487 25.666796 25.659106 25.651415 25.643837 25.63636 25.628883 25.621405 25.613928 25.608316 -9999 -9999 -9999 -9999 -9999 -9999 -9999 -9999 -9999 -9999 -9999 -9999 -9999 -9999 -9999 -9999 -9999 -9999 -9999 -9999 -9999 -9999 -9999 -9999 -9999
24.013688 24.110477 24.216387 24.330689 24.44601 24.572626 24.708952 24.871506 25.074606 25.284672 25.457129 25.555836 25.582788 25.589994 25.597201 25.604407 25.611613 25.618128 25.621121 25.624115 25.627109 25.630102 25.633096 25.643219 25.653701 25.664182 25.674664 25.685145 25.682177 25.674487 25.666796 25.659106 25.651415 25.643837 25.63636 25.628883 25.621405 25.613928 25.608316 25.60674 25.605165 -9999 -9999 -9999 -9999 -9999 -9999 -9999 -9999 -9999 -9999 -9999 -9999 -9999 -9999 -9999 -9999 -9999 -9999 -9999 -9999 -9999 -9999 -9999 -9999
23.920716 24.017679 24.114685 24.220639 24.335577 24.451292 24.604136 24.785032 24.976091 25.180402 25.362411 25.547516 25.589994 25.597201 25.604407 25.611613 25.618128 25.621121 25.624115 25.627109 25.630102 25.633096 25.643219 25.653701 25.664182 25.674664 25.685145 25.682177 25.674487 25.666796 25.659106 25.651415 25.643837 25.63636 25.628883 25.621405 25.613928 25.608316 25.60674 25.605165 25.60359 25.602015 -9999 -9999 -9999 -9999 -9999 -9999 -9999 -9999 -9999 -9999 -9999 -9999 -9999 -9999 -9999 -9999 -9999 -9999 -9999 -9999 -9999 -9999 -9999
23.834501 23.924523 24.021855 24.118937 24.225144 24.364257 24.52342 24.698558 24.885385 25.081887 25.280342 25.486402 25.588352 25.604407 25.611613 25.618128 25.621121 25.624115 25.627109 25.630102 25.633096 25.643219 25.653701 25.664182 25.674664 25.685145 25.682177 25.674487 25.666796 25.659106 25.651415 25.643837 25.63636 25.628883 25.621405 25.613928 25.608316 25.60674 25.605165 25.60359 25.602015 25.60045 25.59897 -9999 -9999 -9999 -9999 -9999 -9999 -9999 -9999 -9999 -9999 -9999 -9999 -9999 -9999 -9999 -9999 -9999 -9999 -9999 -9999 -9999 -9999
23.755567 23.837857 23.927902 24.025233 24.146522 24.293584 24.449168 24.617842 24.79468 24.998549 25.214625 25.425288 25.575802 25.602764 25.618128 25.621121 25.624115 25.627109 25.630102 25.633096 25.643219 25.653701 25.664182 25.674664 25.685145 25.682177 25.674487 25.666796 25.659106 25.651415 25.643837 25.63636 25.628883 25.621405 25.613928 25.608316 25.60674 25.605165 25.60359 25.602015 25.60045 25.59897 25.597491 25.596011 -9999 -9999 -9999 -9999 -9999 -9999 -9999 -9999 -9999 -9999 -9999 -9999 -9999 -9999 -9999 -9999 -9999 -9999 -9999 -9999 -9999
23.676633 23.758647 23.841235 23.955238 24.093281 24.231324 24.378386 24.54359 24.713551 24.922047 25.143495 25.359572 25.563253 25.591384 25.621121 25.624115 25.627109 25.630102 25.633096 25.643219 25.653701 25.664182 25.674664 25.685145 25.682177 25.674487 25.666796 25.659106 25.651415 25.643837 25.63636 25.628883 25.621405 25.613928 25.608316 25.60674 25.605165 25.60359 25.602015 25.60045 25.59897 25.597491 25.596011 25.594532 25.593052 -9999 -9999 -9999 -9999 -9999 -9999 -9999 -9999 -9999 -9999 -9999 -9999 -9999 -9999 -9999 -9999 -9999 -9999 -9999 -9999
23.603679 23.679437 23.781564 23.899855 24.033098 24.174168 24.315239 24.470625 24.642719 24.830371 25.043322 25.268205 25.495737 25.585949 25.620025 25.627109 25.630102 25.633096 25.643219 25.653701 25.664182 25.674664 25.685145 25.682177 25.674487 25.666796 25.659106 25.651415 25.643837 25.63636 25.628883 25.621405 25.613928 25.608316 25.60674 25.605165 25.60359 25.602015 25.60045 25.59897 25.597491 25.596011 25.594532 25.593052 25.587237 25.580895 -9999 -9999 -9999 -9999 -9999 -9999 -9999 -9999 -9999 -9999 -9999 -9999 -9999 -9999 -9999 -9999 -9999 -9999 -9999
23.536568 23.624361 23.735558 23.851349 23.976521 24.109764 24.255463 24.408831 24.571886 24.752093 24.951646 25.167245 25.408246 25.564156 25.614591 25.630102 25.633096 25.643219 25.653701 25.664182 25.674664 25.685145 25.682177 25.674487 25.666796 25.659106 25.651415 25.643837 25.63636 25.628883 25.621405 25.613928 25.608316 25.60674 25.605165 25.60359 25.602015 25.60045 25.59897 25.597491 25.596011 25.594532 25.593052 25.587237 25.580895 25.574553 25.568211 -9999 -9999 -9999 -9999 -9999 -9999 -9999 -9999 -9999 -9999 -9999 -9999 -9999 -9999 -9999 -9999 -9999 -9999
23.487501 23.587913 23.693291 23.805342 23.927954 24.051939 24.199175 24.356724 24.510092 24.673814 24.874089 25.082053 25.320755 25.523122 25.592798 25.633096 25.643219 25.653701 25.664182 25.674664 25.685145 25.682177 25.674487 25.666796 25.659106 25.651415 25.643837 25.63636 25.628883 25.621405 25.613928 25.608316 25.60674 25.605165 25.60359 25.602015 25.60045 25.59897 25.597491 25.596011 25.594532 25.593052 25.587237 25.580895 25.574553 25.568211 25.561869 25.558542 -9999 -9999 -9999 -9999 -9999 -9999 -9999 -9999 -9999 -9999 -9999 -9999 -9999 -9999 -9999 -9999 -9999
23.45651 23.551466 23.654678 23.763076 23.87814 24.000057 24.132806 24.283515 24.443178 24.606597 24.800203 25.004148 25.235563 25.474266 25.551764 25.643219 25.653701 25.664182 25.674664 25.685145 25.682177 25.674487 25.666796 25.659106 25.651415 25.643837 25.63636 25.628883 25.621405 25.613928 25.608316 25.60674 25.605165 25.60359 25.602015 25.60045 25.59897 25.597491 25.596011 25.594532 25.593052 25.587237 25.580895 25.574553 25.568211 25.561869 25.558542 25.556636 25.554729 -9999 -9999 -9999 -9999 -9999 -9999 -9999 -9999 -9999 -9999 -9999 -9999 -9999 -9999 -9999 -9999
23.430553 23.520475 23.616066 23.722234 23.827699 23.948175 24.075602 24.217146 24.371611 24.554133 24.736655 24.930261 25.152951 25.389073 25.537296 25.634871 25.664182 25.674664 25.685145 25.682177 25.674487 25.666796 25.659106 25.651415 25.643837 25.63636 25.628883 25.621405 25.613928 25.608316 25.60674 25.605165 25.60359 25.602015 25.60045 25.59897 25.597491 25.596011 25.594532 25.593052 25.587237 25.580895 25.574553 25.568211 25.561869 25.558542 25.556636 25.554729 25.552823 25.550917 -9999 -9999 -9999 -9999 -9999 -9999 -9999 -9999 -9999 -9999 -9999 -9999 -9999 -9999 -9999
23.397898 23.489596 23.581086 23.6777 23.780176 23.897733 24.018397 24.160691 24.309329 24.488956 24.678856 24.866714 25.070339 25.330791 25.52453 25.621736 25.674664 25.685145 25.682177 25.674487 25.666796 25.659106 25.651415 25.643837 25.63636 25.628883 25.621405 25.613928 25.608316 25.60674 25.605165 25.60359 25.602015 25.60045 25.59897 25.597491 25.596011 25.594532 25.593052 25.587237 25.580895 25.574553 25.568211 25.561869 25.558542 25.556636 25.554729 25.552823 25.550917 25.550751 25.552566 -9999 -9999 -9999 -9999 -9999 -9999 -9999 -9999 -9999 -9999 -9999 -9999 -9999 -9999
23.370312 23.456734 23.547881 23.639027 23.735642 23.8487 23.968527 24.108045 24.254148 24.419556 24.599183 24.789083 25.023921 25.27373 25.512179 25.60897 25.685145 25.682177 25.674487 25.666796 25.659106 25.651415 25.643837 25.63636 25.628883 25.621405 25.613928 25.608316 25.60674 25.605165 25.60359 25.602015 25.60045 25.59897 25.597491 25.596011 25.594532 25.593052 25.587237 25.580895 25.574553 25.568211 25.561869 25.558542 25.556636 25.554729 25.552823 25.550917 25.550751 25.552566 25.554381 25.556196 -9999 -9999 -9999 -9999 -9999 -9999 -9999 -9999 -9999 -9999 -9999 -9999 -9999
23.343482 23.417577 23.506729 23.601679 23.696629 23.800426 23.924116 24.056896 24.201503 24.360672 24.529783 24.753365 24.99144 25.228533 25.478342 25.596619 25.679628 25.674487 25.666796 25.659106 25.651415 25.643837 25.63636 25.628883 25.621405 25.613928 25.608316 25.60674 25.605165 25.60359 25.602015 25.60045 25.59897 25.597491 25.596011 25.594532 25.593052 25.587237 25.580895 25.574553 25.568211 25.561869 25.558542 25.556636 25.554729 25.552823 25.550917 25.550751 25.552566 25.554381 25.556196 25.558012 -9999 -9999 -9999 -9999 -9999 -9999 -9999 -9999 -9999 -9999 -9999 -9999 -9999
23.310428 23.382562 23.465297 23.554449 23.651991 23.76272 23.879704 24.007209 24.150353 24.301787 24.491199 24.694556 24.929942 25.177465 25.424988 25.570485 25.648655 25.666796 25.659106 25.651415 25.643837 25.63636 25.628883 25.621405 25.613928 25.608316 25.60674 25.605165 25.60359 25.602015 25.60045 25.59897 25.597491 25.596011 25.594532 25.593052 25.587237 25.580895 25.574553 25.568211 25.561869 25.558542 25.556636 25.554729 25.552823 25.550917 25.550751 25.552566 25.554381 25.556196 25.558012 -9999 -9999 -9999 -9999 -9999 -9999 -9999 -9999 -9999 -9999 -9999 -9999 -9999 -9999
23.316983 23.349508 23.429028 23.513791 23.618486 23.731269 23.841998 23.958982 24.100666 24.263249 24.453633 24.648169 24.871133 25.106519 25.306164 25.488998 25.617683 25.659106 25.651415 25.643837 25.63636 25.628883 25.621405 25.613928 25.608316 25.60674 25.605165 25.60359 25.602015 25.60045 25.59897 25.597491 25.596011 25.594532 25.593052 25.587237 25.580895 25.574553 25.568211 25.561869 25.558542 25.556636 25.554729 25.552823 25.550917 25.550751 25.552566 25.554381 25.556196 25.558012 -9999 -9999 -9999 -9999 -9999 -9999 -9999 -9999 -9999 -9999 -9999 -9999 -9999 -9999 -9999
23.357212 23.356063 23.393534 23.482238 23.577236 23.685774 23.800964 23.916153 24.069715 24.232536 24.416115 24.606499 24.824746 25.034358 25.222443 25.360253 25.536195 25.651415 25.643837 25.63636 25.628883 25.621405 25.613928 25.608316 25.60674 25.605165 25.60359 25.602015 25.60045 25.59897 25.597491 25.596011 25.594532 25.593052 25.587237 25.580895 25.574553 25.568211 25.561869 25.558542 25.556636 25.554729 25.552823 25.550917 25.550751 25.552566 25.554381 25.556196 25.558012 -9999 -9999 -9999 -9999 -9999 -9999 -9999 -9999 -9999 -9999 -9999 -9999 -9999 -9999 -9999 -9999
23.395405 23.40451 23.4443 23.450685 23.541912 23.644525 23.753062 23.899447 24.047397 24.202525 24.378642 24.568981 24.765006 24.96993 25.200883 25.390657 25.528467 25.617918 25.63636 25.628883 25.621405 25.613928 25.608316 25.60674 25.605165 25.60359 25.602015 25.60045 25.59897 25.597491 25.596011 25.594532 25.593052 25.587237 25.580895 25.574553 25.568211 25.561869 25.558542 25.556636 25.554729 25.552823 25.550917 25.550751 25.552566 25.554381 25.556196 25.558012 -9999 -9999 -9999 -9999 -9999 -9999 -9999 -9999 -9999 -9999 -9999 -9999 -9999 -9999 -9999 -9999 -9999
23.494375 23.494761 23.543635 23.501451 23.507836 23.6092 23.796591 23.874717 24.028978 24.180207 24.34117 24.580409 24.774825 24.905502 25.126143 25.369096 25.510511 25.556737 25.602963 25.621405 25.613928 25.608316 25.60674 25.605165 25.60359 25.602015 25.60045 25.59897 25.597491 25.596011 25.594532 25.593052 25.587237 25.580895 25.574553 25.568211 25.561869 25.558542 25.556636 25.554729 25.552823 25.550917 25.550751 25.552566 25.554381 25.556196 25.558012 -9999 -9999 -9999 -9999 -9999 -9999 -9999 -9999 -9999 -9999 -9999 -9999 -9999 -9999 -9999 -9999 -9999 -9999
23.668803 23.629348 23.633886 23.622201 23.558603 23.660639 23.85437 23.912437 23.990563 24.144825 24.361687 24.60901 24.857192 24.91532 25.051402 25.310347 25.522922 25.546236 25.569551 25.592865 25.608316 25.60674 25.605165 25.60359 25.602015 25.60045 25.59897 25.597491 25.596011 25.594532 25.593052 25.587237 25.580895 25.574553 25.568211 25.561869 25.558542 25.556636 25.554729 25.552823 25.550917 25.550751 25.552566 25.554381 25.556196 25.558012 -9999 -9999 -9999 -9999 -9999 -9999 -9999 -9999 -9999 -9999 -9999 -9999 -9999 -9999 -9999 -9999 -9999 -9999 -9999
23.843231 23.799906 23.768472 23.74295 23.770941 23.80353 23.910164 24.017965 24.028284 24.16901 24.407855 24.646699 24.894021 24.997687 25.075456 25.265892 25.539131 25.569551 25.592865 25.608316 25.60674 25.605165 25.60359 25.602015 25.60045 25.59897 25.597491 25.596011 25.594532 25.593052 25.587237 25.580895 25.574553 25.568211 25.561869 25.558542 25.556636 25.554729 25.552823 25.550917 25.550751 25.552566 25.554381 25.556196 25.558012 -9999 -9999 -9999 -9999 -9999 -9999 -9999 -9999 -9999 -9999 -9999 -9999 -9999 -9999 -9999 -9999 -9999 -9999 -9999 -9999
24.012546 23.971955 23.939031 23.936256 23.976142 24.016188 24.053055 24.123494 24.240427 24.404225 24.590238 24.776252 24.962265 25.099694 25.195018 25.301779 25.494675 25.592865 25.608316 25.60674 25.605165 25.60359 25.602015 25.60045 25.59897 25.597491 25.596011 25.594532 25.593052 25.587237 25.580895 25.574553 25.568211 25.561869 25.558542 25.556636 25.554729 25.552823 25.550917 25.550751 25.552566 25.554381 25.556196 25.558012 -9999 -9999 -9999 -9999 -9999 -9999 -9999 -9999 -9999 -9999 -9999 -9999 -9999 -9999 -9999 -9999 -9999 -9999 -9999 -9999 -9999
24.177904 24.14127 24.138248 24.136912 24.165576 24.205623 24.245669 24.350278 24.490007 24.645224 24.831238 25.017251 25.14726 25.22721 25.31458 25.416171 25.530562 25.608316 25.60674 25.605165 25.60359 25.602015 25.60045 25.59897 25.597491 25.596011 25.594532 25.593052 25.587237 25.580895 25.574553 25.568211 25.561869 25.558542 25.556636 25.554729 25.552823 25.550917 25.550751 25.552566 25.554381 25.556196 25.558012 -9999 -9999 -9999 -9999 -9999 -9999 -9999 -9999 -9999 -9999 -9999 -9999 -9999 -9999 -9999 -9999 -9999 -9999 -9999 -9999 -9999 -9999
24.343262 24.340239 24.338903 24.337568 24.355011 24.395057 24.499667 24.626948 24.754228 24.893956 25.072237 25.185599 25.27106 25.362146 25.442096 25.530562 25.608316 25.60674 25.605165 25.60359 25.602015 25.60045 25.59897 25.597491 25.596011 25.594532 25.593052 25.587237 25.580895 25.574553 25.568211 25.561869 25.558542 25.556636 25.554729 25.552823 25.550917 25.550751 25.552566 25.554381 25.556196 25.558012 -9999 -9999 -9999 -9999 -9999 -9999 -9999 -9999 -9999 -9999 -9999 -9999 -9999 -9999 -9999 -9999 -9999 -9999 -9999 -9999 -9999 -9999 -9999
24.513511 24.522627 24.532513 24.538224 24.544446 24.608995 24.703184 24.850602 24.998021 25.145439 25.240585 25.289008 25.36274 25.454419 25.546099 25.608316 25.60674 25.605165 25.60359 25.602015 25.60045 25.59897 25.597491 25.596011 25.594532 25.593052 25.587237 25.580895 25.574553 25.568211 25.561869 25.558542 25.556636 25.554729 25.552823 25.550917 25.550751 25.552566 25.554381 25.556196 25.558012 -9999 -9999 -9999 -9999 -9999 -9999 -9999 -9999 -9999 -9999 -9999 -9999 -9999 -9999 -9999 -9999 -9999 -9999 -9999 -9999 -9999 -9999 -9999 -9999
24.684006 24.681901 24.691787 24.701672 24.758384 24.831537 24.905589 25.053007 25.200425 25.287248 25.329134 25.392417 25.454419 25.546099 25.608316 25.60674 25.605165 25.60359 25.602015 25.60045 25.59897 25.597491 25.596011 25.594532 25.593052 25.587237 25.580895 25.574553 25.568211 25.561869 25.558542 25.556636 25.554729 25.552823 25.550917 25.550751 25.552566 25.554381 25.556196 25.558012 -9999 -9999 -9999 -9999 -9999 -9999 -9999 -9999 -9999 -9999 -9999 -9999 -9999 -9999 -9999 -9999 -9999 -9999 -9999 -9999 -9999 -9999 -9999 -9999 -9999
