test/data/seminaire_final_coolparks/differents_cas/cas2/Reference_scenario_cas2/2_Calculated_park_effects/Reference_weather/OUTPUT_T_45_0_12h.tif
NCOLS 137
NROWS 137
XLLCORNER 355585.11
YLLCORNER 6688994.6
CELLSIZE 11.935661
NODATA_VALUE -9999
[rows 58 to 86 of 137, columns 65 to 129 of 137]
35.932762 36.002649 36.126677 36.270378 36.484154 36.757633 37.02377 37.200673 37.303981 37.414563 37.463274 37.510149 37.589804 37.66946 37.749115 37.828771 37.921007 38.034087 38.147168 38.260249 38.373329 38.46583 38.453644 38.441458 38.429273 38.417087 38.404901 38.276855 38.142994 38.009132 37.87527 37.741409 37.80715 37.94298 38.07881 38.21464 38.35047 -9999 -9999 -9999 -9999 -9999 -9999 -9999 -9999 -9999 -9999 -9999 -9999 -9999 -9999 -9999 -9999 -9999 -9999 -9999 -9999 -9999 -9999 -9999 -9999 -9999 -9999 -9999 -9999
35.941861 35.950959 36.020847 36.157928 36.30637 36.515266 36.779437 37.046135 37.223038 37.326346 37.469949 37.589804 37.66946 37.749115 37.828771 37.921007 38.034087 38.147168 38.260249 38.373329 38.46583 38.453644 38.441458 38.429273 38.417087 38.404901 38.276855 38.142994 38.009132 37.87527 37.741409 37.80715 37.94298 38.07881 38.21464 38.35047 38.297339 38.075307 -9999 -9999 -9999 -9999 -9999 -9999 -9999 -9999 -9999 -9999 -9999 -9999 -9999 -9999 -9999 -9999 -9999 -9999 -9999 -9999 -9999 -9999 -9999 -9999 -9999 -9999 -9999
35.950959 35.960058 35.969157 36.045478 36.187464 36.32784 36.535128 36.800895 37.068501 37.285697 37.457478 37.62926 37.749115 37.828771 37.921007 38.034087 38.147168 38.260249 38.373329 38.46583 38.453644 38.441458 38.429273 38.417087 38.404901 38.276855 38.142994 38.009132 37.87527 37.741409 37.80715 37.94298 38.07881 38.21464 38.35047 38.297339 38.075307 37.853275 37.631242 -9999 -9999 -9999 -9999 -9999 -9999 -9999 -9999 -9999 -9999 -9999 -9999 -9999 -9999 -9999 -9999 -9999 -9999 -9999 -9999 -9999 -9999 -9999 -9999 -9999 -9999
35.960058 35.969157 35.978256 35.981029 36.059279 36.206155 36.347702 36.555654 36.907601 37.300747 37.530875 37.663353 37.79583 37.921007 38.034087 38.147168 38.260249 38.373329 38.46583 38.453644 38.441458 38.429273 38.417087 38.404901 38.276855 38.142994 38.009132 37.87527 37.741409 37.80715 37.94298 38.07881 38.21464 38.35047 38.297339 38.075307 37.853275 37.631242 37.40921 37.261892 -9999 -9999 -9999 -9999 -9999 -9999 -9999 -9999 -9999 -9999 -9999 -9999 -9999 -9999 -9999 -9999 -9999 -9999 -9999 -9999 -9999 -9999 -9999 -9999 -9999
35.969157 35.978256 35.981029 35.982226 35.983422 36.061673 36.208548 36.417132 36.805682 37.215219 37.565702 37.79583 37.921007 38.034087 38.147168 38.260249 38.373329 38.46583 38.453644 38.441458 38.429273 38.417087 38.404901 38.276855 38.142994 38.009132 37.87527 37.741409 37.80715 37.94298 38.07881 38.21464 38.35047 38.297339 38.075307 37.853275 37.631242 37.40921 37.261892 37.276342 37.290792 -9999 -9999 -9999 -9999 -9999 -9999 -9999 -9999 -9999 -9999 -9999 -9999 -9999 -9999 -9999 -9999 -9999 -9999 -9999 -9999 -9999 -9999 -9999 -9999
35.978256 35.981029 35.982226 35.983422 35.984619 35.985815 36.125774 36.377512 36.715825 37.114692 37.480174 37.863389 38.034087 38.147168 38.260249 38.373329 38.46583 38.453644 38.441458 38.429273 38.417087 38.404901 38.276855 38.142994 38.009132 37.87527 37.741409 37.80715 37.94298 38.07881 38.21464 38.35047 38.297339 38.075307 37.853275 37.631242 37.40921 37.261892 37.276342 37.290792 37.305243 37.319693 -9999 -9999 -9999 -9999 -9999 -9999 -9999 -9999 -9999 -9999 -9999 -9999 -9999 -9999 -9999 -9999 -9999 -9999 -9999 -9999 -9999 -9999 -9999
35.981029 35.982226 35.983422 35.984619 35.985815 36.036087 36.13714 36.337891 36.640157 37.024835 37.427379 37.864828 38.132612 38.260249 38.373329 38.46583 38.453644 38.441458 38.429273 38.417087 38.404901 38.276855 38.142994 38.009132 37.87527 37.741409 37.80715 37.94298 38.07881 38.21464 38.35047 38.297339 38.075307 37.853275 37.631242 37.40921 37.261892 37.276342 37.290792 37.305243 37.319693 37.332565 37.331814 -9999 -9999 -9999 -9999 -9999 -9999 -9999 -9999 -9999 -9999 -9999 -9999 -9999 -9999 -9999 -9999 -9999 -9999 -9999 -9999 -9999 -9999
35.982226 35.983422 35.984619 35.985815 36.036087 36.120677 36.205756 36.349258 36.564488 36.973608 37.423226 37.866267 38.213195 38.358773 38.46583 38.453644 38.441458 38.429273 38.417087 38.404901 38.276855 38.142994 38.009132 37.87527 37.741409 37.80715 37.94298 38.07881 38.21464 38.35047 38.297339 38.075307 37.853275 37.631242 37.40921 37.261892 37.276342 37.290792 37.305243 37.319693 37.332565 37.331814 37.331062 37.330311 -9999 -9999 -9999 -9999 -9999 -9999 -9999 -9999 -9999 -9999 -9999 -9999 -9999 -9999 -9999 -9999 -9999 -9999 -9999 -9999 -9999
35.983422 35.984619 35.985815 36.036087 36.120677 36.205267 36.289857 36.417873 36.561897 36.953219 37.412497 37.862115 38.293779 38.421837 38.453644 38.441458 38.429273 38.417087 38.404901 38.276855 38.142994 38.009132 37.87527 37.741409 37.80715 37.94298 38.07881 38.21464 38.35047 38.297339 38.075307 37.853275 37.631242 37.40921 37.261892 37.276342 37.290792 37.305243 37.319693 37.332565 37.331814 37.331062 37.330311 37.32956 37.328808 -9999 -9999 -9999 -9999 -9999 -9999 -9999 -9999 -9999 -9999 -9999 -9999 -9999 -9999 -9999 -9999 -9999 -9999 -9999 -9999
35.984619 35.985815 36.036087 36.120677 36.205267 36.289857 36.374447 36.487011 36.6319 36.917831 37.34954 37.814995 38.26555 38.395787 38.434731 38.429273 38.417087 38.404901 38.276855 38.142994 38.009132 37.87527 37.741409 37.80715 37.94298 38.07881 38.21464 38.35047 38.297339 38.075307 37.853275 37.631242 37.40921 37.261892 37.276342 37.290792 37.305243 37.319693 37.332565 37.331814 37.331062 37.330311 37.32956 37.328808 37.351747 37.377562 -9999 -9999 -9999 -9999 -9999 -9999 -9999 -9999 -9999 -9999 -9999 -9999 -9999 -9999 -9999 -9999 -9999 -9999 -9999
35.985815 36.036087 36.120677 36.205267 36.289857 36.374447 36.46764 36.575086 36.701903 36.920334 37.314152 37.730961 38.105724 38.342807 38.408681 38.417087 38.404901 38.276855 38.142994 38.009132 37.87527 37.741409 37.80715 37.94298 38.07881 38.21464 38.35047 38.297339 38.075307 37.853275 37.631242 37.40921 37.261892 37.276342 37.290792 37.305243 37.319693 37.332565 37.331814 37.331062 37.330311 37.32956 37.328808 37.351747 37.377562 37.403376 37.42919 -9999 -9999 -9999 -9999 -9999 -9999 -9999 -9999 -9999 -9999 -9999 -9999 -9999 -9999 -9999 -9999 -9999 -9999
36.036087 36.120677 36.205267 36.289857 36.374447 36.46764 36.575086 36.682532 36.789978 36.922838 37.295784 37.575022 37.945897 38.258149 38.355701 38.404901 38.276855 38.142994 38.009132 37.87527 37.741409 37.80715 37.94298 38.07881 38.21464 38.35047 38.297339 38.075307 37.853275 37.631242 37.40921 37.261892 37.276342 37.290792 37.305243 37.319693 37.332565 37.331814 37.331062 37.330311 37.32956 37.328808 37.351747 37.377562 37.403376 37.42919 37.455005 37.458042 -9999 -9999 -9999 -9999 -9999 -9999 -9999 -9999 -9999 -9999 -9999 -9999 -9999 -9999 -9999 -9999 -9999
36.120677 36.205267 36.289857 36.374447 36.46764 36.575086 36.682532 36.789978 36.897424 36.998903 37.171253 37.438035 37.789958 38.160833 38.271043 38.276855 38.142994 38.009132 37.87527 37.741409 37.80715 37.94298 38.07881 38.21464 38.35047 38.297339 38.075307 37.853275 37.631242 37.40921 37.261892 37.276342 37.290792 37.305243 37.319693 37.332565 37.331814 37.331062 37.330311 37.32956 37.328808 37.351747 37.377562 37.403376 37.42919 37.455005 37.458042 37.450345 37.442647 -9999 -9999 -9999 -9999 -9999 -9999 -9999 -9999 -9999 -9999 -9999 -9999 -9999 -9999 -9999 -9999
36.205267 36.289857 36.374447 36.46764 36.575086 36.682532 36.789978 36.897424 36.998903 37.070028 37.141153 37.313503 37.638384 38.004894 38.102522 38.112002 38.009132 37.87527 37.741409 37.80715 37.94298 38.07881 38.21464 38.35047 38.297339 38.075307 37.853275 37.631242 37.40921 37.261892 37.276342 37.290792 37.305243 37.319693 37.332565 37.331814 37.331062 37.330311 37.32956 37.328808 37.351747 37.377562 37.403376 37.42919 37.455005 37.458042 37.450345 37.442647 37.434949 37.427252 -9999 -9999 -9999 -9999 -9999 -9999 -9999 -9999 -9999 -9999 -9999 -9999 -9999 -9999 -9999
36.289857 36.374447 36.46764 36.575086 36.682532 36.789978 36.897424 36.98491 36.970867 37.031954 37.166453 37.283404 37.48681 37.765708 37.930445 37.939272 37.87527 37.741409 37.80715 37.94298 38.07881 38.21464 38.35047 38.297339 38.075307 37.853275 37.631242 37.40921 37.261892 37.276342 37.290792 37.305243 37.319693 37.332565 37.331814 37.331062 37.330311 37.32956 37.328808 37.351747 37.377562 37.403376 37.42919 37.455005 37.458042 37.450345 37.442647 37.434949 37.427252 37.415468 37.399032 -9999 -9999 -9999 -9999 -9999 -9999 -9999 -9999 -9999 -9999 -9999 -9999 -9999 -9999
36.374447 36.46764 36.575086 36.682532 36.789978 36.897424 36.98491 36.970867 36.956824 36.942781 37.003868 37.138366 37.300957 37.522125 37.759101 37.767195 37.741409 37.80715 37.94298 38.07881 38.21464 38.35047 38.297339 38.075307 37.853275 37.631242 37.40921 37.261892 37.276342 37.290792 37.305243 37.319693 37.332565 37.331814 37.331062 37.330311 37.32956 37.328808 37.351747 37.377562 37.403376 37.42919 37.455005 37.458042 37.450345 37.442647 37.434949 37.427252 37.415468 37.399032 37.382596 37.36616 -9999 -9999 -9999 -9999 -9999 -9999 -9999 -9999 -9999 -9999 -9999 -9999 -9999
36.46764 36.575086 36.682532 36.789978 36.897424 36.98491 36.970867 36.956824 36.942781 36.928738 36.914694 36.999455 37.167874 37.331875 37.553044 37.595851 37.802959 37.94298 38.07881 38.21464 38.35047 38.297339 38.075307 37.853275 37.631242 37.40921 37.261892 37.276342 37.290792 37.305243 37.319693 37.332565 37.331814 37.331062 37.330311 37.32956 37.328808 37.351747 37.377562 37.403376 37.42919 37.455005 37.458042 37.450345 37.442647 37.434949 37.427252 37.415468 37.399032 37.382596 37.36616 37.349724 -9999 -9999 -9999 -9999 -9999 -9999 -9999 -9999 -9999 -9999 -9999 -9999 -9999
36.575086 36.682532 36.789978 36.897424 36.98491 36.970867 36.956824 36.942781 36.928738 36.914694 36.787319 36.747431 36.904254 37.115177 37.326099 37.623522 37.900512 38.07881 38.21464 38.35047 38.297339 38.075307 37.853275 37.631242 37.40921 37.261892 37.276342 37.290792 37.305243 37.319693 37.332565 37.331814 37.331062 37.330311 37.32956 37.328808 37.351747 37.377562 37.403376 37.42919 37.455005 37.458042 37.450345 37.442647 37.434949 37.427252 37.415468 37.399032 37.382596 37.36616 37.349724 -9999 -9999 -9999 -9999 -9999 -9999 -9999 -9999 -9999 -9999 -9999 -9999 -9999 -9999
36.689542 36.789978 36.897424 36.98491 36.970867 36.956824 36.942781 36.928738 36.914694 36.787319 36.654255 36.550775 36.65223 36.809053 37.193808 37.639602 37.998065 38.21464 38.35047 38.297339 38.075307 37.853275 37.631242 37.40921 37.261892 37.276342 37.290792 37.305243 37.319693 37.332565 37.331814 37.331062 37.330311 37.32956 37.328808 37.351747 37.377562 37.403376 37.42919 37.455005 37.458042 37.450345 37.442647 37.434949 37.427252 37.415468 37.399032 37.382596 37.36616 37.349724 -9999 -9999 -9999 -9999 -9999 -9999 -9999 -9999 -9999 -9999 -9999 -9999 -9999 -9999 -9999
36.809957 36.904434 36.98491 36.970867 36.956824 36.942781 36.928738 36.914694 36.787319 36.654255 36.521191 36.388126 36.455573 36.757212 37.206381 37.579477 38.014145 38.35047 38.297339 38.075307 37.853275 37.631242 37.40921 37.261892 37.276342 37.290792 37.305243 37.319693 37.332565 37.331814 37.331062 37.330311 37.32956 37.328808 37.351747 37.377562 37.403376 37.42919 37.455005 37.458042 37.450345 37.442647 37.434949 37.427252 37.415468 37.399032 37.382596 37.36616 37.349724 -9999 -9999 -9999 -9999 -9999 -9999 -9999 -9999 -9999 -9999 -9999 -9999 -9999 -9999 -9999 -9999
36.929967 37.015965 37.041429 36.956824 36.942781 36.928738 36.914694 36.787319 36.654255 36.521191 36.388126 36.255062 36.4591 36.831031 37.319591 37.776326 38.149423 38.254807 38.075307 37.853275 37.631242 37.40921 37.261892 37.276342 37.290792 37.305243 37.319693 37.332565 37.331814 37.331062 37.330311 37.32956 37.328808 37.351747 37.377562 37.403376 37.42919 37.455005 37.458042 37.450345 37.442647 37.434949 37.427252 37.415468 37.399032 37.382596 37.36616 37.349724 -9999 -9999 -9999 -9999 -9999 -9999 -9999 -9999 -9999 -9999 -9999 -9999 -9999 -9999 -9999 -9999 -9999
37.066997 37.082307 37.122712 37.013343 36.928738 36.914694 36.92679 36.654255 36.521191 36.388126 36.255062 36.384894 36.607665 36.90485 37.347204 37.889537 38.07856 37.944651 37.810742 37.631242 37.40921 37.261892 37.276342 37.290792 37.305243 37.319693 37.332565 37.331814 37.331062 37.330311 37.32956 37.328808 37.351747 37.377562 37.403376 37.42919 37.455005 37.458042 37.450345 37.442647 37.434949 37.427252 37.415468 37.399032 37.382596 37.36616 37.349724 -9999 -9999 -9999 -9999 -9999 -9999 -9999 -9999 -9999 -9999 -9999 -9999 -9999 -9999 -9999 -9999 -9999 -9999
37.159818 37.15217 37.189054 37.129849 36.985256 36.931281 36.949405 36.660661 36.388126 36.255062 36.384894 36.607039 36.829268 37.053416 37.374817 37.754033 37.889162 37.717657 37.546152 37.374647 37.261892 37.276342 37.290792 37.305243 37.319693 37.332565 37.331814 37.331062 37.330311 37.32956 37.328808 37.351747 37.377562 37.403376 37.42919 37.455005 37.458042 37.450345 37.442647 37.434949 37.427252 37.415468 37.399032 37.382596 37.36616 37.349724 -9999 -9999 -9999 -9999 -9999 -9999 -9999 -9999 -9999 -9999 -9999 -9999 -9999 -9999 -9999 -9999 -9999 -9999 -9999
37.252638 37.224889 37.258917 37.246355 37.132392 37.019967 36.967529 36.791283 36.394533 36.384894 36.607039 36.829185 37.05133 37.275018 37.369224 37.472729 37.706145 37.546152 37.374647 37.261892 37.276342 37.290792 37.305243 37.319693 37.332565 37.331814 37.331062 37.330311 37.32956 37.328808 37.351747 37.377562 37.403376 37.42919 37.455005 37.458042 37.450345 37.442647 37.434949 37.427252 37.415468 37.399032 37.382596 37.36616 37.349724 -9999 -9999 -9999 -9999 -9999 -9999 -9999 -9999 -9999 -9999 -9999 -9999 -9999 -9999 -9999 -9999 -9999 -9999 -9999 -9999
37.307998 37.305354 37.331636 37.333348 37.29559 37.173936 37.056215 36.921905 36.675394 36.605252 36.827214 37.050124 37.273034 37.366679 37.344737 37.321594 37.424841 37.374647 37.261892 37.276342 37.290792 37.305243 37.319693 37.332565 37.331814 37.331062 37.330311 37.32956 37.328808 37.351747 37.377562 37.403376 37.42919 37.455005 37.458042 37.450345 37.442647 37.434949 37.427252 37.415468 37.399032 37.382596 37.36616 37.349724 -9999 -9999 -9999 -9999 -9999 -9999 -9999 -9999 -9999 -9999 -9999 -9999 -9999 -9999 -9999 -9999 -9999 -9999 -9999 -9999 -9999
37.334356 37.360714 37.372039 37.372129 37.394285 37.356646 37.234991 37.142498 37.00901 36.82637 37.047489 37.269451 37.363347 37.341923 37.32025 37.29765 37.273706 37.261892 37.276342 37.290792 37.305243 37.319693 37.332565 37.331814 37.331062 37.330311 37.32956 37.328808 37.351747 37.377562 37.403376 37.42919 37.455005 37.458042 37.450345 37.442647 37.434949 37.427252 37.415468 37.399032 37.382596 37.36616 37.349724 -9999 -9999 -9999 -9999 -9999 -9999 -9999 -9999 -9999 -9999 -9999 -9999 -9999 -9999 -9999 -9999 -9999 -9999 -9999 -9999 -9999 -9999
37.360714 37.38048 37.399916 37.41091 37.424813 37.45534 37.446863 37.364611 37.282359 37.14887 37.268607 37.361254 37.339066 37.316917 37.295494 37.273706 37.261892 37.276342 37.290792 37.305243 37.319693 37.332565 37.331814 37.331062 37.330311 37.32956 37.328808 37.351747 37.377562 37.403376 37.42919 37.455005 37.458042 37.450345 37.442647 37.434949 37.427252 37.415468 37.399032 37.382596 37.36616 37.349724 -9999 -9999 -9999 -9999 -9999 -9999 -9999 -9999 -9999 -9999 -9999 -9999 -9999 -9999 -9999 -9999 -9999 -9999 -9999 -9999 -9999 -9999 -9999
37.38048 37.399916 37.419352 37.438787 37.45534 37.450451 37.433125 37.415799 37.398473 37.381147 37.361254 37.339066 37.316879 37.294691 37.272504 37.261892 37.276342 37.290792 37.305243 37.319693 37.332565 37.331814 37.331062 37.330311 37.32956 37.328808 37.351747 37.377562 37.403376 37.42919 37.455005 37.458042 37.450345 37.442647 37.434949 37.427252 37.415468 37.399032 37.382596 37.36616 37.349724 -9999 -9999 -9999 -9999 -9999 -9999 -9999 -9999 -9999 -9999 -9999 -9999 -9999 -9999 -9999 -9999 -9999 -9999 -9999 -9999 -9999 -9999 -9999 -9999
37.399916 37.419352 37.438787 37.458223 37.450451 37.433125 37.415799 37.398473 37.381147 37.361254 37.339066 37.316879 37.294691 37.272504 37.261892 37.276342 37.290792 37.305243 37.319693 37.332565 37.331814 37.331062 37.330311 37.32956 37.328808 37.351747 37.377562 37.403376 37.42919 37.455005 37.458042 37.450345 37.442647 37.434949 37.427252 37.415468 37.399032 37.382596 37.36616 37.349724 -9999 -9999 -9999 -9999 -9999 -9999 -9999 -9999 -9999 -9999 -9999 -9999 -9999 -9999 -9999 -9999 -9999 -9999 -9999 -9999 -9999 -9999 -9999 -9999 -9999
