test/data/seminaire_final_coolparks/differents_cas/cas2/Reference_scenario_cas2/2_Calculated_park_effects/Reference_weather/OUTPUT_T_45_0_23h.tif
NCOLS 137
NROWS 137
XLLCORNER 355585.11
YLLCORNER 6688994.6
CELLSIZE 11.935661
NODATA_VALUE -9999
[rows 58 to 86 of 137, columns 0 to 64 of 137]
-9999 -9999 -9999 -9999 -9999 -9999 -9999 -9999 -9999 -9999 -9999 -9999 -9999 -9999 -9999 -9999 -9999 -9999 -9999 -9999 -9999 -9999 -9999 -9999 25.669228 25.66587 25.662512 25.659154 25.655796 25.655073 25.657015 25.658957 25.660899 25.662841 25.662082 25.654552 25.647023 25.639494 25.631964 25.624906 25.623819 25.622732 25.621645 25.620558 25.619472 25.620325 25.621491 25.622658 25.623824 25.624991 25.519111 25.282635 25.054006 24.836386 24.640197 24.605889 24.534868 24.435102 24.343885 24.184457 24.079656 24.143661 24.207666 24.281276 24.354892
-9999 -9999 -9999 -9999 -9999 -9999 -9999 -9999 -9999 -9999 -9999 -9999 -9999 -9999 -9999 -9999 -9999 -9999 -9999 -9999 -9999 -9999 -9999 25.669228 25.66587 25.662512 25.659154 25.655796 25.655073 25.657015 25.658957 25.660899 25.662841 25.662082 25.654552 25.647023 25.639494 25.631964 25.624906 25.623819 25.622732 25.621645 25.620558 25.619472 25.620325 25.621491 25.622658 25.623824 25.624991 25.519111 25.355314 25.129753 24.883489 24.65486 24.434882 24.300643 24.246353 24.115008 24.012151 23.901303 23.956633 24.010085 24.070692 24.131964 24.201213
-9999 -9999 -9999 -9999 -9999 -9999 -9999 -9999 -9999 -9999 -9999 -9999 -9999 -9999 -9999 -9999 -9999 -9999 -9999 -9999 -9999 -9999 25.669228 25.66587 25.662512 25.659154 25.655796 25.655073 25.657015 25.658957 25.660899 25.662841 25.662082 25.654552 25.647023 25.639494 25.631964 25.624906 25.623819 25.622732 25.621645 25.620558 25.619472 25.620325 25.621491 25.622658 25.623824 25.624991 25.542327 25.38904 25.191518 24.992577 24.730607 24.492995 24.28417 24.075346 23.941107 23.832206 23.736449 23.785729 23.84246 23.890064 23.943516 24.004575 24.100942
-9999 -9999 -9999 -9999 -9999 -9999 -9999 -9999 -9999 -9999 -9999 -9999 -9999 -9999 -9999 -9999 -9999 -9999 -9999 -9999 -9999 25.669228 25.66587 25.662512 25.659154 25.655796 25.655073 25.657015 25.658957 25.660899 25.662841 25.662082 25.654552 25.647023 25.639494 25.631964 25.624906 25.623819 25.622732 25.621645 25.620558 25.619472 25.620325 25.621491 25.622658 25.623824 25.624991 25.565542 25.414306 25.286286 25.061447 24.855401 24.586971 24.301259 24.049464 23.879334 23.709204 23.590705 23.637424 23.679755 23.726886 23.777365 23.823934 23.913085 24.009525
-9999 -9999 -9999 -9999 -9999 -9999 -9999 -9999 -9999 -9999 -9999 -9999 -9999 -9999 -9999 -9999 -9999 -9999 -9999 -9999 25.669228 25.66587 25.662512 25.659154 25.655796 25.655073 25.657015 25.658957 25.660899 25.662841 25.662082 25.654552 25.647023 25.639494 25.631964 25.624906 25.623819 25.622732 25.621645 25.620558 25.619472 25.620325 25.621491 25.622658 25.623824 25.624991 25.565542 25.473298 25.320734 25.158266 24.960047 24.722583 24.435006 24.158247 23.83772 23.585925 23.462004 23.497491 23.5384 23.583163 23.620913 23.665104 23.745946 23.827341 23.9169
-9999 -9999 -9999 -9999 -9999 -9999 -9999 -9999 -9999 -9999 -9999 -9999 -9999 -9999 -9999 -9999 -9999 -9999 -9999 -9999 25.66587 25.662512 25.659154 25.655796 25.655073 25.657015 25.658957 25.660899 25.662841 25.662082 25.654552 25.647023 25.639494 25.631964 25.624906 25.623819 25.622732 25.621645 25.620558 25.619472 25.620325 25.621491 25.622658 25.623824 25.624991 25.588758 25.508468 25.381054 25.25511 25.064693 24.847377 24.595382 24.306386 24.006282 23.698708 23.413395 23.375327 23.409699 23.445186 23.486095 23.524706 23.59295 23.667959 23.748996 23.831157
-9999 -9999 -9999 -9999 -9999 -9999 -9999 -9999 -9999 -9999 -9999 -9999 -9999 -9999 -9999 -9999 -9999 -9999 -9999 -9999 -9999 25.659154 25.655796 25.655073 25.657015 25.658957 25.660899 25.662841 25.662082 25.654552 25.647023 25.639494 25.631964 25.624906 25.623819 25.622732 25.621645 25.620558 25.619472 25.620325 25.621491 25.622658 25.623824 25.624991 25.611974 25.53229 25.475823 25.32398 25.189487 24.982989 24.744021 24.468182 24.197613 23.877662 23.59891 23.448873 23.342972 23.328553 23.361983 23.39572 23.458555 23.526746 23.595805 23.670813 23.752812
-9999 -9999 -9999 -9999 -9999 -9999 -9999 -9999 -9999 -9999 -9999 -9999 -9999 -9999 -9999 -9999 -9999 -9999 -9999 -9999 -9999 -9999 25.655073 25.657015 25.658957 25.660899 25.662841 25.662082 25.654552 25.647023 25.639494 25.631964 25.624906 25.623819 25.622732 25.621645 25.620558 25.619472 25.620325 25.621491 25.622658 25.623824 25.624991 25.611974 25.591282 25.511714 25.419355 25.294133 25.118601 24.880553 24.653322 24.364826 24.088839 23.805468 23.646683 23.484352 23.353232 23.296199 23.282088 23.339925 23.397761 23.460595 23.529351 23.598659 23.673995
-9999 -9999 -9999 -9999 -9999 -9999 -9999 -9999 -9999 -9999 -9999 -9999 -9999 -9999 -9999 -9999 -9999 -9999 -9999 -9999 -9999 -9999 -9999 25.658957 25.660899 25.662841 25.662082 25.654552 25.647023 25.639494 25.631964 25.624906 25.623819 25.622732 25.621645 25.620558 25.619472 25.620325 25.621491 25.622658 25.623824 25.624991 25.630617 25.620684 25.570591 25.517644 25.398779 25.243395 25.040929 24.802461 24.550886 24.280816 24.017922 23.859463 23.702281 23.532125 23.369794 23.306166 23.230306 23.283718 23.341811 23.399801 23.462897 23.531867 23.601041
-9999 -9999 -9999 -9999 -9999 -9999 -9999 -9999 -9999 -9999 -9999 -9999 -9999 -9999 -9999 -9999 -9999 -9999 -9999 -9999 -9999 -9999 -9999 -9999 25.662841 25.662082 25.654552 25.647023 25.639494 25.631964 25.624906 25.623819 25.622732 25.621645 25.620558 25.619472 25.620325 25.621491 25.622658 25.623824 25.624991 25.630617 25.638655 25.646693 25.579301 25.523573 25.379007 25.190567 24.963257 24.743215 24.472794 24.229099 24.077603 23.918932 23.756276 23.59035 23.417528 23.293349 23.213239 23.231656 23.285068 23.343161 23.401518 23.46499 23.53393
-9999 -9999 -9999 -9999 -9999 -9999 -9999 -9999 -9999 -9999 -9999 -9999 -9999 -9999 -9999 -9999 -9999 -9999 -9999 -9999 -9999 -9999 -9999 -9999 -9999 25.654552 25.647023 25.639494 25.631964 25.624906 25.623819 25.622732 25.621645 25.620558 25.619472 25.620325 25.621491 25.622658 25.623824 25.624991 25.630617 25.638655 25.646693 25.654731 25.608717 25.510485 25.326099 25.148397 24.910429 24.683118 24.441553 24.294368 24.137283 23.982843 23.815745 23.648537 23.472706 23.311707 23.200422 23.183763 23.233007 23.286682 23.345104 23.403526 23.466998
-9999 -9999 -9999 -9999 -9999 -9999 -9999 -9999 -9999 -9999 -9999 -9999 -9999 -9999 -9999 -9999 -9999 -9999 -9999 -9999 -9999 -9999 -9999 -9999 -9999 -9999 25.639494 25.631964 25.624906 25.623819 25.622732 25.621645 25.620558 25.619472 25.620325 25.621491 25.622658 25.623824 25.624991 25.630617 25.638655 25.646693 25.654731 25.662769 25.610699 25.477098 25.298535 25.095489 24.875948 24.654007 24.506919 24.361108 24.202553 24.045467 23.879649 23.711553 23.527883 23.35657 23.21878 23.135871 23.184982 23.234259 23.288162 23.346783 23.405404
-9999 -9999 -9999 -9999 -9999 -9999 -9999 -9999 -9999 -9999 -9999 -9999 -9999 -9999 -9999 -9999 -9999 -9999 -9999 -9999 -9999 -9999 -9999 -9999 -9999 -9999 -9999 25.624906 25.623819 25.622732 25.621645 25.620558 25.619472 25.620325 25.621491 25.622658 25.623824 25.624991 25.630617 25.638655 25.646693 25.654731 25.662769 25.65727 25.61051 25.443711 25.288818 25.067925 24.865184 24.725059 24.577989 24.426474 24.272149 24.11076 23.942967 23.775277 23.590899 23.407229 23.263642 23.129143 23.136924 23.186032 23.235734 23.289637 23.366644
-9999 -9999 -9999 -9999 -9999 -9999 -9999 -9999 -9999 -9999 -9999 -9999 -9999 -9999 -9999 -9999 -9999 -9999 -9999 -9999 -9999 -9999 -9999 -9999 -9999 -9999 -9999 -9999 25.622732 25.621645 25.620558 25.619472 25.620325 25.621491 25.622658 25.623824 25.624991 25.630617 25.638655 25.646693 25.654731 25.662769 25.662675 25.634316 25.611363 25.443522 25.276723 25.077638 24.942054 24.79611 24.653271 24.497544 24.341769 24.18222 24.014288 23.838595 23.660275 23.470246 23.311794 23.178114 23.124071 23.137944 23.187507 23.252922 23.338856
-9999 -9999 -9999 -9999 -9999 -9999 -9999 -9999 -9999 -9999 -9999 -9999 -9999 -9999 -9999 -9999 -9999 -9999 -9999 -9999 -9999 -9999 -9999 -9999 -9999 -9999 -9999 -9999 -9999 25.620558 25.619472 25.620325 25.621491 25.622658 25.623824 25.624991 25.630617 25.638655 25.646693 25.654731 25.662769 25.662675 25.652095 25.624526 25.58841 25.465616 25.290092 25.154375 25.019935 24.87298 24.727037 24.572881 24.421396 24.253679 24.091805 23.909916 23.729651 23.559507 23.388564 23.227086 23.141148 23.125091 23.154994 23.231397 23.311269
-9999 -9999 -9999 -9999 -9999 -9999 -9999 -9999 -9999 -9999 -9999 -9999 -9999 -9999 -9999 -9999 -9999 -9999 -9999 -9999 -9999 -9999 -9999 -9999 -9999 -9999 -9999 -9999 -9999 -9999 25.620325 25.621491 25.622658 25.623824 25.624991 25.62295 25.638655 25.646693 25.654731 25.662769 25.662675 25.652095 25.641515 25.623152 25.578619 25.501268 25.372515 25.237045 25.096673 24.953948 24.803993 24.652481 24.501073 24.333306 24.165589 23.987433 23.82441 23.653722 23.487889 23.303856 23.158225 23.137414 23.135887 23.209873 23.288196
-9999 -9999 -9999 -9999 -9999 -9999 -9999 -9999 -9999 -9999 -9999 -9999 -9999 -9999 -9999 -9999 -9999 -9999 -9999 -9999 -9999 -9999 -9999 -9999 -9999 -9999 -9999 -9999 -9999 -9999 -9999 25.622658 25.623824 25.624991 25.62295 25.619173 25.633409 25.654731 25.662769 25.662675 25.652095 25.641515 25.630935 25.620355 25.583441 25.562005 25.454937 25.323699 25.179343 25.035001 24.891734 24.740413 24.580673 24.418963 24.245216 24.083815 23.925492 23.754688 23.582747 23.403181 23.213688 23.146413 23.122278 23.190767 23.265123
-9999 -9999 -9999 -9999 -9999 -9999 -9999 -9999 -9999 -9999 -9999 -9999 -9999 -9999 -9999 -9999 -9999 -9999 -9999 -9999 -9999 -9999 -9999 -9999 -9999 -9999 -9999 -9999 -9999 -9999 -9999 -9999 25.624991 25.62295 25.619173 25.615396 25.620841 25.649486 25.662675 25.652095 25.641515 25.630935 25.620355 25.61319 25.609637 25.592672 25.515674 25.408606 25.266113 25.130986 24.979475 24.834212 24.668605 24.504621 24.348718 24.191786 24.026573 23.860879 23.683712 23.497046 23.303735 23.182055 23.131277 23.173717 23.256739
-9999 -9999 -9999 -9999 -9999 -9999 -9999 -9999 -9999 -9999 -9999 -9999 -9999 -9999 -9999 -9999 -9999 -9999 -9999 -9999 -9999 -9999 -9999 -9999 -9999 -9999 -9999 -9999 -9999 -9999 -9999 -9999 -9999 25.619173 25.615396 25.611619 25.608273 25.633946 25.652095 25.641515 25.630935 25.620355 25.61319 25.617805 25.622421 25.618868 25.562541 25.469667 25.361995 25.226869 25.075712 24.923949 24.762403 24.613621 24.456667 24.304844 24.134544 23.96707 23.77389 23.576212 23.393782 23.239314 23.166918 23.167758 23.26916
-9999 -9999 -9999 -9999 -9999 -9999 -9999 -9999 -9999 -9999 -9999 -9999 -9999 -9999 -9999 -9999 -9999 -9999 -9999 -9999 -9999 -9999 -9999 -9999 -9999 -9999 -9999 -9999 -9999 -9999 -9999 -9999 -9999 -9999 25.611619 25.607843 25.604739 25.614574 25.636416 25.630935 25.620355 25.61319 25.617805 25.622421 25.627036 25.631652 25.609733 25.542216 25.453693 25.322751 25.177652 25.020186 24.873027 24.728436 24.571642 24.413158 24.247601 24.050734 23.852868 23.648489 23.472948 23.296573 23.258209 23.265505 23.281582
-9999 -9999 -9999 -9999 -9999 -9999 -9999 -9999 -9999 -9999 -9999 -9999 -9999 -9999 -9999 -9999 -9999 -9999 -9999 -9999 -9999 -9999 -9999 -9999 -9999 -9999 -9999 -9999 -9999 -9999 -9999 -9999 -9999 -9999 -9999 25.604739 25.602503 25.604752 25.617044 25.620355 25.61319 25.617805 25.622421 25.627036 25.631652 25.63624 25.638757 25.614765 25.542715 25.414449 25.279591 25.13793 24.995007 24.843251 24.691566 24.528133 24.334091 24.118644 23.920742 23.727467 23.54369 23.417644 23.405886 23.423908 23.379328
-9999 -9999 -9999 -9999 -9999 -9999 -9999 -9999 -9999 -9999 -9999 -9999 -9999 -9999 -9999 -9999 -9999 -9999 -9999 -9999 -9999 -9999 -9999 -9999 -9999 -9999 -9999 -9999 -9999 -9999 -9999 -9999 -9999 -9999 -9999 -9999 25.600267 25.599934 25.607223 25.61319 25.617805 25.622421 25.627036 25.631652 25.63624 25.638757 25.641273 25.643789 25.619798 25.503471 25.39696 25.259611 25.121798 24.965231 24.81149 24.610935 24.390674 24.186553 23.980416 23.795341 23.662392 23.61581 23.579061 23.571585 23.546305
-9999 -9999 -9999 -9999 -9999 -9999 -9999 -9999 -9999 -9999 -9999 -9999 -9999 -9999 -9999 -9999 -9999 -9999 -9999 -9999 -9999 -9999 -9999 -9999 -9999 -9999 -9999 -9999 -9999 -9999 -9999 -9999 -9999 -9999 -9999 -9999 -9999 25.595794 25.601053 25.603088 25.622421 25.627036 25.631652 25.63624 25.638757 25.641273 25.643789 25.646306 25.648822 25.614249 25.513158 25.385017 25.243568 25.092022 24.887779 24.667777 24.441261 24.243136 24.04009 23.904485 23.853478 23.813976 23.771976 23.74476 23.714506
-9999 -9999 -9999 -9999 -9999 -9999 -9999 -9999 -9999 -9999 -9999 -9999 -9999 -9999 -9999 -9999 -9999 -9999 -9999 -9999 -9999 -9999 -9999 -9999 -9999 -9999 -9999 -9999 -9999 -9999 -9999 -9999 -9999 -9999 -9999 -9999 -9999 -9999 25.590226 25.591507 25.612318 25.631652 25.63624 25.638757 25.641273 25.643789 25.646306 25.648822 25.655371 25.662925 25.629357 25.512804 25.368974 25.171136 24.933552 24.713067 24.498102 24.291742 24.146577 24.095594 24.041954 24.005062 23.96556 23.933783 23.883822
-9999 -9999 -9999 -9999 -9999 -9999 -9999 -9999 -9999 -9999 -9999 -9999 -9999 -9999 -9999 -9999 -9999 -9999 -9999 -9999 -9999 -9999 -9999 -9999 -9999 -9999 -9999 -9999 -9999 -9999 -9999 -9999 -9999 -9999 -9999 -9999 -9999 -9999 -9999 25.58068 25.594505 25.621685 25.638757 25.641273 25.643789 25.646306 25.648822 25.655371 25.662925 25.670479 25.678033 25.640592 25.440511 25.205135 24.979325 24.750604 24.543393 24.391326 24.330629 24.27948 24.233063 24.19092 24.15306 24.10301 24.052107
-9999 -9999 -9999 -9999 -9999 -9999 -9999 -9999 -9999 -9999 -9999 -9999 -9999 -9999 -9999 -9999 -9999 -9999 -9999 -9999 -9999 -9999 -9999 -9999 -9999 -9999 -9999 -9999 -9999 -9999 -9999 -9999 -9999 -9999 -9999 -9999 -9999 -9999 -9999 -9999 25.576829 25.614633 25.641273 25.643789 25.646306 25.648822 25.655371 25.662925 25.670479 25.678033 25.685587 25.669015 25.472712 25.233294 25.013324 24.788142 24.633419 24.568012 24.51468 24.45828 24.416949 24.37319 24.317087 24.26702 24.221334
-9999 -9999 -9999 -9999 -9999 -9999 -9999 -9999 -9999 -9999 -9999 -9999 -9999 -9999 -9999 -9999 -9999 -9999 -9999 -9999 -9999 -9999 -9999 -9999 -9999 -9999 -9999 -9999 -9999 -9999 -9999 -9999 -9999 -9999 -9999 -9999 -9999 -9999 -9999 -9999 -9999 25.607581 25.643789 25.646306 25.648822 25.655371 25.662925 25.670479 25.678033 25.685587 25.669015 25.635571 25.496563 25.265495 25.039793 24.875511 24.810413 24.742657 24.691366 24.638034 24.592467 24.531895 24.481113 24.427178 24.385344
-9999 -9999 -9999 -9999 -9999 -9999 -9999 -9999 -9999 -9999 -9999 -9999 -9999 -9999 -9999 -9999 -9999 -9999 -9999 -9999 -9999 -9999 -9999 -9999 -9999 -9999 -9999 -9999 -9999 -9999 -9999 -9999 -9999 -9999 -9999 -9999 -9999 -9999 -9999 -9999 -9999 -9999 25.638333 25.648822 25.655371 25.662925 25.670479 25.678033 25.685587 25.682886 25.661597 25.602128 25.515329 25.289346 25.12026 25.045448 24.979899 24.919651 24.863109 24.811744 24.751294 24.689989 24.639818 24.589036 24.545502
-9999 -9999 -9999 -9999 -9999 -9999 -9999 -9999 -9999 -9999 -9999 -9999 -9999 -9999 -9999 -9999 -9999 -9999 -9999 -9999 -9999 -9999 -9999 -9999 -9999 -9999 -9999 -9999 -9999 -9999 -9999 -9999 -9999 -9999 -9999 -9999 -9999 -9999 -9999 -9999 -9999 -9999 -9999 25.655371 25.662925 25.670479 25.678033 25.685587 25.682886 25.673014 25.663142 25.594711 25.534094 25.353918 25.258256 25.215384 25.144584 25.089137 25.031875 24.96537 24.904693 24.848816 24.794776 24.747741 24.715503
