test/data/seminaire_final_coolparks/differents_cas/cas2/Reference_scenario_cas2/2_Calculated_park_effects/Reference_weather/OUTPUT_T_45_0_12h.tif
NCOLS 137
NROWS 137
XLLCORNER 355585.11
YLLCORNER 6688994.6
CELLSIZE 11.935661
NODATA_VALUE -9999
[rows 58 to 86 of 137, columns 0 to 64 of 137]
-9999 -9999 -9999 -9999 -9999 -9999 -9999 -9999 -9999 -9999 -9999 -9999 -9999 -9999 -9999 -9999 -9999 -9999 -9999 -9999 -9999 -9999 -9999 -9999 37.16942 37.156921 37.144422 37.131922 37.119423 37.154561 37.237861 37.321161 37.404461 37.487761 37.569696 37.648212 37.726727 37.805243 37.883758 37.948434 37.837598 37.726761 37.615925 37.505088 37.394252 37.384075 37.390149 37.396223 37.402297 37.408371 37.349694 36.963393 36.608682 36.298294 36.007195 35.982267 36.116815 36.26177 36.413762 36.303543 36.205785 36.151019 36.096253 36.04657 35.992283
-9999 -9999 -9999 -9999 -9999 -9999 -9999 -9999 -9999 -9999 -9999 -9999 -9999 -9999 -9999 -9999 -9999 -9999 -9999 -9999 -9999 -9999 -9999 37.16942 37.156921 37.144422 37.131922 37.119423 37.154561 37.237861 37.321161 37.404461 37.487761 37.569696 37.648212 37.726727 37.805243 37.883758 37.948434 37.837598 37.726761 37.615925 37.505088 37.394252 37.384075 37.390149 37.396223 37.402297 37.408371 37.349694 37.255985 36.913624 36.487919 36.133208 35.915556 35.972483 36.134323 36.170469 36.303543 36.205785 36.151019 36.096253 36.041486 35.98672 35.932762
-9999 -9999 -9999 -9999 -9999 -9999 -9999 -9999 -9999 -9999 -9999 -9999 -9999 -9999 -9999 -9999 -9999 -9999 -9999 -9999 -9999 -9999 37.16942 37.156921 37.144422 37.131922 37.119423 37.154561 37.237861 37.321161 37.404461 37.487761 37.569696 37.648212 37.726727 37.805243 37.883758 37.948434 37.837598 37.726761 37.615925 37.505088 37.394252 37.384075 37.390149 37.396223 37.402297 37.408371 37.375355 37.293262 37.162275 36.927084 36.43815 36.149505 36.108559 36.067612 36.124539 36.197295 36.205785 36.151019 36.096253 36.041486 35.98672 35.932762 35.941861
-9999 -9999 -9999 -9999 -9999 -9999 -9999 -9999 -9999 -9999 -9999 -9999 -9999 -9999 -9999 -9999 -9999 -9999 -9999 -9999 -9999 37.16942 37.156921 37.144422 37.131922 37.119423 37.154561 37.237861 37.321161 37.404461 37.487761 37.569696 37.648212 37.726727 37.805243 37.883758 37.948434 37.837598 37.726761 37.615925 37.505088 37.394252 37.384075 37.390149 37.396223 37.402297 37.408371 37.375355 37.32119 37.267025 37.105843 36.940544 36.58867 36.379007 36.193229 36.202188 36.211147 36.205785 36.151019 36.096253 36.041486 35.98672 35.932762 35.941861 35.950959
-9999 -9999 -9999 -9999 -9999 -9999 -9999 -9999 -9999 -9999 -9999 -9999 -9999 -9999 -9999 -9999 -9999 -9999 -9999 -9999 37.16942 37.156921 37.144422 37.131922 37.119423 37.154561 37.237861 37.321161 37.404461 37.487761 37.569696 37.648212 37.726727 37.805243 37.883758 37.948434 37.837598 37.726761 37.615925 37.505088 37.394252 37.384075 37.390149 37.396223 37.402297 37.408371 37.375355 37.32119 37.267025 37.212859 37.081102 36.994423 36.915896 36.740728 36.396925 36.211147 36.205785 36.151019 36.096253 36.041486 35.98672 35.932762 35.941861 35.950959 35.960058
-9999 -9999 -9999 -9999 -9999 -9999 -9999 -9999 -9999 -9999 -9999 -9999 -9999 -9999 -9999 -9999 -9999 -9999 -9999 -9999 37.156921 37.144422 37.131922 37.119423 37.154561 37.237861 37.321161 37.404461 37.487761 37.569696 37.648212 37.726727 37.805243 37.883758 37.948434 37.837598 37.726761 37.615925 37.505088 37.394252 37.384075 37.390149 37.396223 37.402297 37.408371 37.375355 37.32119 37.267025 37.212859 37.158694 37.13236 37.143662 37.148626 37.067953 36.774056 36.367385 36.151019 36.096253 36.041486 35.98672 35.932762 35.941861 35.950959 35.960058 35.969157
-9999 -9999 -9999 -9999 -9999 -9999 -9999 -9999 -9999 -9999 -9999 -9999 -9999 -9999 -9999 -9999 -9999 -9999 -9999 -9999 -9999 37.131922 37.119423 37.154561 37.237861 37.321161 37.404461 37.487761 37.569696 37.648212 37.726727 37.805243 37.883758 37.948434 37.837598 37.726761 37.615925 37.505088 37.394252 37.384075 37.390149 37.396223 37.402297 37.408371 37.375355 37.32119 37.267025 37.212859 37.158694 37.163253 37.243524 37.292901 37.301021 37.300684 37.10373 36.533345 36.154971 36.041486 35.98672 35.932762 35.941861 35.950959 35.960058 35.969157 35.978256
-9999 -9999 -9999 -9999 -9999 -9999 -9999 -9999 -9999 -9999 -9999 -9999 -9999 -9999 -9999 -9999 -9999 -9999 -9999 -9999 -9999 -9999 37.154561 37.237861 37.321161 37.404461 37.487761 37.569696 37.648212 37.726727 37.805243 37.883758 37.948434 37.837598 37.726761 37.615925 37.505088 37.394252 37.384075 37.390149 37.396223 37.402297 37.408371 37.375355 37.32119 37.267025 37.212859 37.158694 37.163253 37.243524 37.323794 37.404065 37.453417 37.420516 37.237671 36.699305 36.211217 36.045438 35.932762 35.941861 35.950959 35.960058 35.969157 35.978256 35.981029
-9999 -9999 -9999 -9999 -9999 -9999 -9999 -9999 -9999 -9999 -9999 -9999 -9999 -9999 -9999 -9999 -9999 -9999 -9999 -9999 -9999 -9999 -9999 37.321161 37.404461 37.487761 37.569696 37.648212 37.726727 37.805243 37.883758 37.948434 37.837598 37.726761 37.615925 37.505088 37.394252 37.384075 37.390149 37.396223 37.402297 37.408371 37.375355 37.32119 37.267025 37.212859 37.158694 37.163253 37.243524 37.323794 37.404065 37.484335 37.53109 37.428016 37.282782 36.833247 36.294881 36.101688 35.941861 35.950959 35.960058 35.969157 35.978256 35.981029 35.982226
-9999 -9999 -9999 -9999 -9999 -9999 -9999 -9999 -9999 -9999 -9999 -9999 -9999 -9999 -9999 -9999 -9999 -9999 -9999 -9999 -9999 -9999 -9999 -9999 37.487761 37.569696 37.648212 37.726727 37.805243 37.883758 37.948434 37.837598 37.726761 37.615925 37.505088 37.394252 37.384075 37.390149 37.396223 37.402297 37.408371 37.375355 37.32119 37.267025 37.212859 37.158694 37.163253 37.243524 37.323794 37.404065 37.484335 37.53109 37.462223 37.393356 37.290282 36.939968 36.429924 36.158149 35.992583 35.960058 35.969157 35.978256 35.981029 35.982226 35.983422
-9999 -9999 -9999 -9999 -9999 -9999 -9999 -9999 -9999 -9999 -9999 -9999 -9999 -9999 -9999 -9999 -9999 -9999 -9999 -9999 -9999 -9999 -9999 -9999 -9999 37.648212 37.726727 37.805243 37.883758 37.948434 37.837598 37.726761 37.615925 37.505088 37.394252 37.384075 37.390149 37.396223 37.402297 37.408371 37.375355 37.32119 37.267025 37.212859 37.158694 37.163253 37.243524 37.323794 37.404065 37.484335 37.53109 37.462223 37.393356 37.324489 37.255622 37.047791 36.623798 36.264546 36.049045 35.969157 35.978256 35.981029 35.982226 35.983422 35.984619
-9999 -9999 -9999 -9999 -9999 -9999 -9999 -9999 -9999 -9999 -9999 -9999 -9999 -9999 -9999 -9999 -9999 -9999 -9999 -9999 -9999 -9999 -9999 -9999 -9999 -9999 37.805243 37.883758 37.948434 37.837598 37.726761 37.615925 37.505088 37.394252 37.384075 37.390149 37.396223 37.402297 37.408371 37.375355 37.32119 37.267025 37.212859 37.158694 37.163253 37.243524 37.323794 37.404065 37.484335 37.53109 37.462223 37.393356 37.324489 37.255622 37.187603 37.180127 36.817671 36.413397 36.155442 35.978256 35.981029 35.982226 35.983422 35.984619 35.985815
-9999 -9999 -9999 -9999 -9999 -9999 -9999 -9999 -9999 -9999 -9999 -9999 -9999 -9999 -9999 -9999 -9999 -9999 -9999 -9999 -9999 -9999 -9999 -9999 -9999 -9999 -9999 37.948434 37.837598 37.726761 37.615925 37.505088 37.394252 37.384075 37.390149 37.396223 37.402297 37.408371 37.375355 37.32119 37.267025 37.212859 37.158694 37.163253 37.243524 37.323794 37.404065 37.484335 37.53109 37.462223 37.393356 37.324489 37.255622 37.187603 37.185764 37.183924 36.950007 36.587552 36.304292 36.008269 35.982226 35.983422 35.984619 35.985815 36.036087
-9999 -9999 -9999 -9999 -9999 -9999 -9999 -9999 -9999 -9999 -9999 -9999 -9999 -9999 -9999 -9999 -9999 -9999 -9999 -9999 -9999 -9999 -9999 -9999 -9999 -9999 -9999 -9999 37.726761 37.615925 37.505088 37.394252 37.384075 37.390149 37.396223 37.402297 37.408371 37.375355 37.32119 37.267025 37.212859 37.158694 37.163253 37.243524 37.323794 37.404065 37.484335 37.53109 37.462223 37.393356 37.324489 37.255622 37.187603 37.185764 37.183924 37.182085 37.032414 36.719888 36.415074 36.109566 35.995981 35.984619 35.985815 36.036087 36.120677
-9999 -9999 -9999 -9999 -9999 -9999 -9999 -9999 -9999 -9999 -9999 -9999 -9999 -9999 -9999 -9999 -9999 -9999 -9999 -9999 -9999 -9999 -9999 -9999 -9999 -9999 -9999 -9999 -9999 37.505088 37.394252 37.384075 37.390149 37.396223 37.402297 37.408371 37.375355 37.32119 37.267025 37.212859 37.158694 37.163253 37.243524 37.323794 37.404065 37.484335 37.53109 37.462223 37.393356 37.324489 37.255622 37.187603 37.185764 37.183924 37.182085 37.180245 37.114821 36.813235 36.513779 36.210864 36.020412 35.998374 36.036087 36.120677 36.205267
-9999 -9999 -9999 -9999 -9999 -9999 -9999 -9999 -9999 -9999 -9999 -9999 -9999 -9999 -9999 -9999 -9999 -9999 -9999 -9999 -9999 -9999 -9999 -9999 -9999 -9999 -9999 -9999 -9999 -9999 37.384075 37.390149 37.396223 37.402297 37.408371 37.392471 37.32119 37.267025 37.212859 37.158694 37.163253 37.243524 37.323794 37.404065 37.484335 37.53109 37.462223 37.393356 37.324489 37.255622 37.187603 37.185764 37.183924 37.182085 37.180245 37.178406 37.174481 36.909307 36.610381 36.309569 36.044844 36.06404 36.120677 36.205267 36.289857
-9999 -9999 -9999 -9999 -9999 -9999 -9999 -9999 -9999 -9999 -9999 -9999 -9999 -9999 -9999 -9999 -9999 -9999 -9999 -9999 -9999 -9999 -9999 -9999 -9999 -9999 -9999 -9999 -9999 -9999 -9999 37.396223 37.402297 37.408371 37.392471 37.364682 37.29668 37.212859 37.158694 37.163253 37.243524 37.323794 37.404065 37.484335 37.53109 37.462223 37.393356 37.324489 37.255622 37.187603 37.185764 37.183924 37.182085 37.180245 37.178406 37.174481 37.170037 36.989385 36.70652 36.40617 36.178977 36.158544 36.206577 36.289857 36.374447
-9999 -9999 -9999 -9999 -9999 -9999 -9999 -9999 -9999 -9999 -9999 -9999 -9999 -9999 -9999 -9999 -9999 -9999 -9999 -9999 -9999 -9999 -9999 -9999 -9999 -9999 -9999 -9999 -9999 -9999 -9999 -9999 37.408371 37.392471 37.364682 37.336893 37.288517 37.188349 37.163253 37.243524 37.323794 37.404065 37.484335 37.53109 37.462223 37.393356 37.324489 37.255622 37.187603 37.185764 37.183924 37.182085 37.180245 37.178406 37.174481 37.170037 37.165592 37.05708 36.786597 36.576391 36.400681 36.303441 36.30108 36.374447 36.470439
-9999 -9999 -9999 -9999 -9999 -9999 -9999 -9999 -9999 -9999 -9999 -9999 -9999 -9999 -9999 -9999 -9999 -9999 -9999 -9999 -9999 -9999 -9999 -9999 -9999 -9999 -9999 -9999 -9999 -9999 -9999 -9999 -9999 37.364682 37.336893 37.309105 37.280355 37.22739 37.243524 37.323794 37.404065 37.484335 37.53109 37.462223 37.393356 37.324489 37.255622 37.187603 37.185764 37.183924 37.182085 37.180245 37.178406 37.174481 37.170037 37.165592 37.161148 37.124774 36.910585 36.753157 36.622385 36.489227 36.445977 36.470439 36.585321
-9999 -9999 -9999 -9999 -9999 -9999 -9999 -9999 -9999 -9999 -9999 -9999 -9999 -9999 -9999 -9999 -9999 -9999 -9999 -9999 -9999 -9999 -9999 -9999 -9999 -9999 -9999 -9999 -9999 -9999 -9999 -9999 -9999 -9999 37.309105 37.281316 37.30166 37.327287 37.335178 37.404065 37.484335 37.53109 37.462223 37.393356 37.324489 37.255622 37.187603 37.185764 37.183924 37.182085 37.180245 37.178406 37.174481 37.170037 37.165592 37.161148 37.156703 37.1515 37.073939 36.899116 36.79915 36.675012 36.637808 36.622013 36.700203
-9999 -9999 -9999 -9999 -9999 -9999 -9999 -9999 -9999 -9999 -9999 -9999 -9999 -9999 -9999 -9999 -9999 -9999 -9999 -9999 -9999 -9999 -9999 -9999 -9999 -9999 -9999 -9999 -9999 -9999 -9999 -9999 -9999 -9999 -9999 37.30166 37.38406 37.429621 37.435075 37.484335 37.53109 37.462223 37.393356 37.324489 37.255622 37.187603 37.185764 37.183924 37.182085 37.180245 37.178406 37.174481 37.170037 37.165592 37.161148 37.156703 37.1515 37.145766 37.140032 37.062471 36.941126 36.843681 36.839654 36.812466 36.851777
-9999 -9999 -9999 -9999 -9999 -9999 -9999 -9999 -9999 -9999 -9999 -9999 -9999 -9999 -9999 -9999 -9999 -9999 -9999 -9999 -9999 -9999 -9999 -9999 -9999 -9999 -9999 -9999 -9999 -9999 -9999 -9999 -9999 -9999 -9999 -9999 37.466461 37.533232 37.537409 37.53109 37.462223 37.393356 37.324489 37.255622 37.187603 37.185764 37.183924 37.182085 37.180245 37.178406 37.174481 37.170037 37.165592 37.161148 37.156703 37.1515 37.145766 37.140032 37.134298 37.128563 37.08164 36.981771 36.976954 37.014312 37.033122
-9999 -9999 -9999 -9999 -9999 -9999 -9999 -9999 -9999 -9999 -9999 -9999 -9999 -9999 -9999 -9999 -9999 -9999 -9999 -9999 -9999 -9999 -9999 -9999 -9999 -9999 -9999 -9999 -9999 -9999 -9999 -9999 -9999 -9999 -9999 -9999 -9999 37.631261 37.616943 37.512731 37.393356 37.324489 37.255622 37.187603 37.185764 37.183924 37.182085 37.180245 37.178406 37.174481 37.170037 37.165592 37.161148 37.156703 37.1515 37.145766 37.140032 37.134298 37.128563 37.13218 37.151291 37.119861 37.064283 37.151612 37.199923
-9999 -9999 -9999 -9999 -9999 -9999 -9999 -9999 -9999 -9999 -9999 -9999 -9999 -9999 -9999 -9999 -9999 -9999 -9999 -9999 -9999 -9999 -9999 -9999 -9999 -9999 -9999 -9999 -9999 -9999 -9999 -9999 -9999 -9999 -9999 -9999 -9999 -9999 37.613419 37.510461 37.374997 37.255622 37.187603 37.185764 37.183924 37.182085 37.180245 37.178406 37.174481 37.170037 37.165592 37.161148 37.156703 37.1515 37.145766 37.140032 37.134298 37.128563 37.13218 37.151291 37.170402 37.189512 37.158082 37.228924 37.255282
-9999 -9999 -9999 -9999 -9999 -9999 -9999 -9999 -9999 -9999 -9999 -9999 -9999 -9999 -9999 -9999 -9999 -9999 -9999 -9999 -9999 -9999 -9999 -9999 -9999 -9999 -9999 -9999 -9999 -9999 -9999 -9999 -9999 -9999 -9999 -9999 -9999 -9999 -9999 37.506937 37.3831 37.237553 37.185764 37.183924 37.182085 37.180245 37.178406 37.174481 37.170037 37.165592 37.161148 37.156703 37.1515 37.145766 37.140032 37.134298 37.128563 37.13218 37.151291 37.170402 37.189512 37.208623 37.228924 37.255282 37.28164
-9999 -9999 -9999 -9999 -9999 -9999 -9999 -9999 -9999 -9999 -9999 -9999 -9999 -9999 -9999 -9999 -9999 -9999 -9999 -9999 -9999 -9999 -9999 -9999 -9999 -9999 -9999 -9999 -9999 -9999 -9999 -9999 -9999 -9999 -9999 -9999 -9999 -9999 -9999 -9999 37.391492 37.268552 37.183924 37.182085 37.180245 37.178406 37.174481 37.170037 37.165592 37.161148 37.156703 37.1515 37.145766 37.140032 37.134298 37.128563 37.13218 37.151291 37.170402 37.189512 37.208623 37.228924 37.255282 37.28164 37.307998
-9999 -9999 -9999 -9999 -9999 -9999 -9999 -9999 -9999 -9999 -9999 -9999 -9999 -9999 -9999 -9999 -9999 -9999 -9999 -9999 -9999 -9999 -9999 -9999 -9999 -9999 -9999 -9999 -9999 -9999 -9999 -9999 -9999 -9999 -9999 -9999 -9999 -9999 -9999 -9999 -9999 37.29955 37.182085 37.180245 37.178406 37.174481 37.170037 37.165592 37.161148 37.156703 37.1515 37.145766 37.140032 37.134298 37.128563 37.13218 37.151291 37.170402 37.189512 37.208623 37.228924 37.255282 37.28164 37.307998 37.334356
-9999 -9999 -9999 -9999 -9999 -9999 -9999 -9999 -9999 -9999 -9999 -9999 -9999 -9999 -9999 -9999 -9999 -9999 -9999 -9999 -9999 -9999 -9999 -9999 -9999 -9999 -9999 -9999 -9999 -9999 -9999 -9999 -9999 -9999 -9999 -9999 -9999 -9999 -9999 -9999 -9999 -9999 37.207608 37.178406 37.174481 37.170037 37.165592 37.161148 37.156703 37.1515 37.145766 37.140032 37.134298 37.128563 37.13218 37.151291 37.170402 37.189512 37.208623 37.228924 37.255282 37.28164 37.307998 37.334356 37.360714
-9999 -9999 -9999 -9999 -9999 -9999 -9999 -9999 -9999 -9999 -9999 -9999 -9999 -9999 -9999 -9999 -9999 -9999 -9999 -9999 -9999 -9999 -9999 -9999 -9999 -9999 -9999 -9999 -9999 -9999 -9999 -9999 -9999 -9999 -9999 -9999 -9999 -9999 -9999 -9999 -9999 -9999 -9999 37.174481 37.170037 37.165592 37.161148 37.156703 37.1515 37.145766 37.140032 37.134298 37.128563 37.13218 37.151291 37.170402 37.189512 37.208623 37.228924 37.255282 37.28164 37.307998 37.334356 37.360714 37.38048
