test/data/seminaire_final_coolparks/differents_cas/cas4/Reference_scenario_cas4/2_Calculated_park_effects/Reference_weather/OUTPUT_T_45_0_12h.tif
NCOLS 137
NROWS 137
XLLCORNER 355585.11
YLLCORNER 6688994.6
CELLSIZE 11.935661
NODATA_VALUE -9999
[rows 58 to 86 of 137, columns 65 to 129 of 137]
37.312219 37.326026 37.34416 37.363685 37.387626 37.41485 37.435197 37.44688 37.453302 37.460223 37.463274 37.510149 37.589804 37.66946 37.749115 37.828771 37.921007 38.034087 38.147168 38.260249 38.373329 38.46583 38.453644 38.441458 38.429273 38.417087 38.404901 38.276855 38.142994 38.009132 37.87527 37.741409 37.80715 37.94298 38.07881 38.21464 38.35047 -9999 -9999 -9999 -9999 -9999 -9999 -9999 -9999 -9999 -9999 -9999 -9999 -9999 -9999 -9999 -9999 -9999 -9999 -9999 -9999 -9999 -9999 -9999 -9999 -9999 -9999 -9999 -9999
37.321167 37.330116 37.343922 37.362979 37.38284 37.399796 37.418439 37.436732 37.448415 37.454836 37.507681 37.589804 37.66946 37.749115 37.828771 37.921007 38.034087 38.147168 38.260249 38.373329 38.46583 38.453644 38.441458 38.429273 38.417087 38.404901 38.276855 38.142994 38.009132 37.87527 37.741409 37.80715 37.94298 38.07881 38.21464 38.35047 38.297339 38.075307 -9999 -9999 -9999 -9999 -9999 -9999 -9999 -9999 -9999 -9999 -9999 -9999 -9999 -9999 -9999 -9999 -9999 -9999 -9999 -9999 -9999 -9999 -9999 -9999 -9999 -9999 -9999
37.330116 37.339064 37.348012 37.362274 37.37522 37.386443 37.401677 37.420099 37.438266 37.496373 37.581682 37.666992 37.749115 37.828771 37.921007 38.034087 38.147168 38.260249 38.373329 38.46583 38.453644 38.441458 38.429273 38.417087 38.404901 38.276855 38.142994 38.009132 37.87527 37.741409 37.80715 37.94298 38.07881 38.21464 38.35047 38.297339 38.075307 37.853275 37.631242 -9999 -9999 -9999 -9999 -9999 -9999 -9999 -9999 -9999 -9999 -9999 -9999 -9999 -9999 -9999 -9999 -9999 -9999 -9999 -9999 -9999 -9999 -9999 -9999 -9999 -9999
37.339064 37.348012 37.35696 37.359055 37.365391 37.377026 37.388324 37.403466 37.471237 37.571952 37.660954 37.743851 37.826749 37.921007 38.034087 38.147168 38.260249 38.373329 38.46583 38.453644 38.441458 38.429273 38.417087 38.404901 38.276855 38.142994 38.009132 37.87527 37.741409 37.80715 37.94298 38.07881 38.21464 38.35047 38.297339 38.075307 37.853275 37.631242 37.40921 37.261892 -9999 -9999 -9999 -9999 -9999 -9999 -9999 -9999 -9999 -9999 -9999 -9999 -9999 -9999 -9999 -9999 -9999 -9999 -9999 -9999 -9999 -9999 -9999 -9999 -9999
37.348012 37.35696 37.359055 37.359441 37.359828 37.366165 37.3778 37.437482 37.538897 37.641221 37.737747 37.826749 37.921007 38.034087 38.147168 38.260249 38.373329 38.46583 38.453644 38.441458 38.429273 38.417087 38.404901 38.276855 38.142994 38.009132 37.87527 37.741409 37.80715 37.94298 38.07881 38.21464 38.35047 38.297339 38.075307 37.853275 37.631242 37.40921 37.261892 37.276342 37.290792 -9999 -9999 -9999 -9999 -9999 -9999 -9999 -9999 -9999 -9999 -9999 -9999 -9999 -9999 -9999 -9999 -9999 -9999 -9999 -9999 -9999 -9999 -9999 -9999
37.35696 37.359055 37.359441 37.359828 37.360215 37.360602 37.414985 37.508268 37.606959 37.709018 37.807016 37.917412 38.034087 38.147168 38.260249 38.373329 38.46583 38.453644 38.441458 38.429273 38.417087 38.404901 38.276855 38.142994 38.009132 37.87527 37.741409 37.80715 37.94298 38.07881 38.21464 38.35047 38.297339 38.075307 37.853275 37.631242 37.40921 37.261892 37.276342 37.290792 37.305243 37.319693 -9999 -9999 -9999 -9999 -9999 -9999 -9999 -9999 -9999 -9999 -9999 -9999 -9999 -9999 -9999 -9999 -9999 -9999 -9999 -9999 -9999 -9999 -9999
37.359055 37.359441 37.359828 37.360215 37.360602 37.40804 37.48968 37.579054 37.675493 37.77708 37.890156 38.023531 38.146272 38.260249 38.373329 38.46583 38.453644 38.441458 38.429273 38.417087 38.404901 38.276855 38.142994 38.009132 37.87527 37.741409 37.80715 37.94298 38.07881 38.21464 38.35047 38.297339 38.075307 37.853275 37.631242 37.40921 37.261892 37.276342 37.290792 37.305243 37.319693 37.332565 37.331814 -9999 -9999 -9999 -9999 -9999 -9999 -9999 -9999 -9999 -9999 -9999 -9999 -9999 -9999 -9999 -9999 -9999 -9999 -9999 -9999 -9999 -9999
37.359441 37.359828 37.360215 37.360602 37.40804 37.488383 37.568765 37.653749 37.744027 37.858669 37.994944 38.129651 38.257353 38.372433 38.46583 38.453644 38.441458 38.429273 38.417087 38.404901 38.276855 38.142994 38.009132 37.87527 37.741409 37.80715 37.94298 38.07881 38.21464 38.35047 38.297339 38.075307 37.853275 37.631242 37.40921 37.261892 37.276342 37.290792 37.305243 37.319693 37.332565 37.331814 37.331062 37.330311 -9999 -9999 -9999 -9999 -9999 -9999 -9999 -9999 -9999 -9999 -9999 -9999 -9999 -9999 -9999 -9999 -9999 -9999 -9999 -9999 -9999
37.359828 37.360215 37.360602 37.40804 37.488383 37.568726 37.64907 37.732834 37.829083 37.961533 38.098165 38.234439 38.368434 38.463122 38.453644 38.441458 38.429273 38.417087 38.404901 38.276855 38.142994 38.009132 37.87527 37.741409 37.80715 37.94298 38.07881 38.21464 38.35047 38.297339 38.075307 37.853275 37.631242 37.40921 37.261892 37.276342 37.290792 37.305243 37.319693 37.332565 37.331814 37.331062 37.330311 37.32956 37.328808 -9999 -9999 -9999 -9999 -9999 -9999 -9999 -9999 -9999 -9999 -9999 -9999 -9999 -9999 -9999 -9999 -9999 -9999 -9999 -9999
37.360215 37.360602 37.40804 37.488383 37.568726 37.64907 37.729413 37.823184 37.938099 38.06389 38.199455 38.336315 38.452948 38.450083 38.441044 38.429273 38.417087 38.404901 38.276855 38.142994 38.009132 37.87527 37.741409 37.80715 37.94298 38.07881 38.21464 38.35047 38.297339 38.075307 37.853275 37.631242 37.40921 37.261892 37.276342 37.290792 37.305243 37.319693 37.332565 37.331814 37.331062 37.330311 37.32956 37.328808 37.351747 37.377562 -9999 -9999 -9999 -9999 -9999 -9999 -9999 -9999 -9999 -9999 -9999 -9999 -9999 -9999 -9999 -9999 -9999 -9999 -9999
37.360602 37.40804 37.488383 37.568726 37.64907 37.729413 37.821658 37.933624 38.047115 38.167702 38.301812 38.41715 38.430899 38.435259 38.428005 38.417087 38.404901 38.276855 38.142994 38.009132 37.87527 37.741409 37.80715 37.94298 38.07881 38.21464 38.35047 38.297339 38.075307 37.853275 37.631242 37.40921 37.261892 37.276342 37.290792 37.305243 37.319693 37.332565 37.331814 37.331062 37.330311 37.32956 37.328808 37.351747 37.377562 37.403376 37.42919 -9999 -9999 -9999 -9999 -9999 -9999 -9999 -9999 -9999 -9999 -9999 -9999 -9999 -9999 -9999 -9999 -9999 -9999
37.40804 37.488383 37.568726 37.64907 37.729413 37.821658 37.933624 38.045589 38.157555 38.271513 38.385082 38.394819 38.408849 38.418335 38.413181 38.404901 38.276855 38.142994 38.009132 37.87527 37.741409 37.80715 37.94298 38.07881 38.21464 38.35047 38.297339 38.075307 37.853275 37.631242 37.40921 37.261892 37.276342 37.290792 37.305243 37.319693 37.332565 37.331814 37.331062 37.330311 37.32956 37.328808 37.351747 37.377562 37.403376 37.42919 37.455005 37.458042 -9999 -9999 -9999 -9999 -9999 -9999 -9999 -9999 -9999 -9999 -9999 -9999 -9999 -9999 -9999 -9999 -9999
37.488383 37.568726 37.64907 37.729413 37.821658 37.933624 38.045589 38.157555 38.269521 38.362094 38.363863 38.372942 38.386518 38.400547 38.396257 38.276855 38.142994 38.009132 37.87527 37.741409 37.80715 37.94298 38.07881 38.21464 38.35047 38.297339 38.075307 37.853275 37.631242 37.40921 37.261892 37.276342 37.290792 37.305243 37.319693 37.332565 37.331814 37.331062 37.330311 37.32956 37.328808 37.351747 37.377562 37.403376 37.42919 37.455005 37.458042 37.450345 37.442647 -9999 -9999 -9999 -9999 -9999 -9999 -9999 -9999 -9999 -9999 -9999 -9999 -9999 -9999 -9999 -9999
37.568726 37.64907 37.729413 37.821658 37.933624 38.045589 38.157555 38.269521 38.362094 38.356025 38.349955 38.351723 38.363871 38.378216 38.265594 38.140992 38.009132 37.87527 37.741409 37.80715 37.94298 38.07881 38.21464 38.35047 38.297339 38.075307 37.853275 37.631242 37.40921 37.261892 37.276342 37.290792 37.305243 37.319693 37.332565 37.331814 37.331062 37.330311 37.32956 37.328808 37.351747 37.377562 37.403376 37.42919 37.455005 37.458042 37.450345 37.442647 37.434949 37.427252 -9999 -9999 -9999 -9999 -9999 -9999 -9999 -9999 -9999 -9999 -9999 -9999 -9999 -9999 -9999
37.64907 37.729413 37.821658 37.933624 38.045589 38.157555 38.269521 38.360957 38.347962 38.341076 38.34016 38.337816 38.341224 38.242248 38.1293 38.004619 37.87527 37.741409 37.80715 37.94298 38.07881 38.21464 38.35047 38.297339 38.075307 37.853275 37.631242 37.40921 37.261892 37.276342 37.290792 37.305243 37.319693 37.332565 37.331814 37.331062 37.330311 37.32956 37.328808 37.351747 37.377562 37.403376 37.42919 37.455005 37.458042 37.450345 37.442647 37.434949 37.427252 37.415468 37.399032 -9999 -9999 -9999 -9999 -9999 -9999 -9999 -9999 -9999 -9999 -9999 -9999 -9999 -9999
37.729413 37.821658 37.933624 38.045589 38.157555 38.269521 38.360957 38.347962 38.334967 38.321972 38.315087 38.31417 38.208354 38.100592 37.993096 37.868326 37.741409 37.80715 37.94298 38.07881 38.21464 38.35047 38.297339 38.075307 37.853275 37.631242 37.40921 37.261892 37.276342 37.290792 37.305243 37.319693 37.332565 37.331814 37.331062 37.330311 37.32956 37.328808 37.351747 37.377562 37.403376 37.42919 37.455005 37.458042 37.450345 37.442647 37.434949 37.427252 37.415468 37.399032 37.382596 37.36616 -9999 -9999 -9999 -9999 -9999 -9999 -9999 -9999 -9999 -9999 -9999 -9999 -9999
37.821658 37.933624 38.045589 38.157555 38.269521 38.360957 38.347962 38.334967 38.321972 38.308978 38.295983 38.183951 38.073115 37.962034 37.854272 37.732122 37.806883 37.94298 38.07881 38.21464 38.35047 38.297339 38.075307 37.853275 37.631242 37.40921 37.261892 37.276342 37.290792 37.305243 37.319693 37.332565 37.331814 37.331062 37.330311 37.32956 37.328808 37.351747 37.377562 37.403376 37.42919 37.455005 37.458042 37.450345 37.442647 37.434949 37.427252 37.415468 37.399032 37.382596 37.36616 37.349724 -9999 -9999 -9999 -9999 -9999 -9999 -9999 -9999 -9999 -9999 -9999 -9999 -9999
37.933624 38.045589 38.157555 38.269521 38.360957 38.347962 38.334967 38.321972 38.308978 38.295983 38.168217 38.042164 37.930608 37.822139 37.71367 37.795449 37.940274 38.07881 38.21464 38.35047 38.297339 38.075307 37.853275 37.631242 37.40921 37.261892 37.276342 37.290792 37.305243 37.319693 37.332565 37.331814 37.331062 37.330311 37.32956 37.328808 37.351747 37.377562 37.403376 37.42919 37.455005 37.458042 37.450345 37.442647 37.434949 37.427252 37.415468 37.399032 37.382596 37.36616 37.349724 -9999 -9999 -9999 -9999 -9999 -9999 -9999 -9999 -9999 -9999 -9999 -9999 -9999 -9999
38.01197 38.157555 38.269521 38.360957 38.347962 38.334967 38.321972 38.308978 38.295983 38.168217 38.03469 37.903536 37.78882 37.677264 37.765503 37.922814 38.073665 38.21464 38.35047 38.297339 38.075307 37.853275 37.631242 37.40921 37.261892 37.276342 37.290792 37.305243 37.319693 37.332565 37.331814 37.331062 37.330311 37.32956 37.328808 37.351747 37.377562 37.403376 37.42919 37.455005 37.458042 37.450345 37.442647 37.434949 37.427252 37.415468 37.399032 37.382596 37.36616 37.349724 -9999 -9999 -9999 -9999 -9999 -9999 -9999 -9999 -9999 -9999 -9999 -9999 -9999 -9999 -9999
38.061734 38.235901 38.360957 38.347962 38.334967 38.321972 38.308978 38.295983 38.168217 38.03469 37.901163 37.767636 37.650193 37.735188 37.892676 38.044551 38.201029 38.35047 38.297339 38.075307 37.853275 37.631242 37.40921 37.261892 37.276342 37.290792 37.305243 37.319693 37.332565 37.331814 37.331062 37.330311 37.32956 37.328808 37.351747 37.377562 37.403376 37.42919 37.455005 37.458042 37.450345 37.442647 37.434949 37.427252 37.415468 37.399032 37.382596 37.36616 37.349724 -9999 -9999 -9999 -9999 -9999 -9999 -9999 -9999 -9999 -9999 -9999 -9999 -9999 -9999 -9999 -9999
38.113441 38.24537 38.200933 38.334967 38.321972 38.308978 38.295983 38.168217 38.03469 37.901163 37.767636 37.634109 37.711276 37.866398 38.027618 38.185502 38.337377 38.294703 38.075307 37.853275 37.631242 37.40921 37.261892 37.276342 37.290792 37.305243 37.319693 37.332565 37.331814 37.331062 37.330311 37.32956 37.328808 37.351747 37.377562 37.403376 37.42919 37.455005 37.458042 37.450345 37.442647 37.434949 37.427252 37.415468 37.399032 37.382596 37.36616 37.349724 -9999 -9999 -9999 -9999 -9999 -9999 -9999 -9999 -9999 -9999 -9999 -9999 -9999 -9999 -9999 -9999 -9999
38.005555 38.049869 37.978771 38.174944 38.308978 38.295983 38.15294 38.03469 37.901163 37.767636 37.634109 37.647997 37.780155 37.997607 38.156412 38.320445 38.28378 38.067209 37.850639 37.631242 37.40921 37.261892 37.276342 37.290792 37.305243 37.319693 37.332565 37.331814 37.331062 37.330311 37.32956 37.328808 37.351747 37.377562 37.403376 37.42919 37.455005 37.458042 37.450345 37.442647 37.434949 37.427252 37.415468 37.399032 37.382596 37.36616 37.349724 -9999 -9999 -9999 -9999 -9999 -9999 -9999 -9999 -9999 -9999 -9999 -9999 -9999 -9999 -9999 -9999 -9999 -9999
37.713146 37.866453 37.783269 37.889925 38.148954 38.152448 38.00236 37.885886 37.767636 37.634109 37.647997 37.713649 37.788128 38.066486 38.285206 38.261678 38.06377 37.844869 37.625969 37.407068 37.261892 37.276342 37.290792 37.305243 37.319693 37.332565 37.331814 37.331062 37.330311 37.32956 37.328808 37.351747 37.377562 37.403376 37.42919 37.455005 37.458042 37.450345 37.442647 37.434949 37.427252 37.415468 37.399032 37.382596 37.36616 37.349724 -9999 -9999 -9999 -9999 -9999 -9999 -9999 -9999 -9999 -9999 -9999 -9999 -9999 -9999 -9999 -9999 -9999 -9999 -9999
37.420737 37.692844 37.599854 37.604906 37.733395 37.855331 37.852272 37.723475 37.618832 37.647997 37.713649 37.7793 37.844952 38.07446 38.207901 38.03526 37.844081 37.625969 37.407068 37.261892 37.276342 37.290792 37.305243 37.319693 37.332565 37.331814 37.331062 37.330311 37.32956 37.328808 37.351747 37.377562 37.403376 37.42919 37.455005 37.458042 37.450345 37.442647 37.434949 37.427252 37.415468 37.399032 37.382596 37.36616 37.349724 -9999 -9999 -9999 -9999 -9999 -9999 -9999 -9999 -9999 -9999 -9999 -9999 -9999 -9999 -9999 -9999 -9999 -9999 -9999 -9999
37.307998 37.473453 37.426244 37.478689 37.482726 37.495719 37.555155 37.561064 37.535349 37.523809 37.569997 37.716826 37.863655 37.937517 37.941426 37.817754 37.617663 37.407068 37.261892 37.276342 37.290792 37.305243 37.319693 37.332565 37.331814 37.331062 37.330311 37.32956 37.328808 37.351747 37.377562 37.403376 37.42919 37.455005 37.458042 37.450345 37.442647 37.434949 37.427252 37.415468 37.399032 37.382596 37.36616 37.349724 -9999 -9999 -9999 -9999 -9999 -9999 -9999 -9999 -9999 -9999 -9999 -9999 -9999 -9999 -9999 -9999 -9999 -9999 -9999 -9999 -9999
37.334356 37.360714 37.39807 37.457815 37.471583 37.475373 37.488366 37.484183 37.479582 37.480364 37.436919 37.483107 37.583555 37.642545 37.67495 37.608955 37.400157 37.261892 37.276342 37.290792 37.305243 37.319693 37.332565 37.331814 37.331062 37.330311 37.32956 37.328808 37.351747 37.377562 37.403376 37.42919 37.455005 37.458042 37.450345 37.442647 37.434949 37.427252 37.415468 37.399032 37.382596 37.36616 37.349724 -9999 -9999 -9999 -9999 -9999 -9999 -9999 -9999 -9999 -9999 -9999 -9999 -9999 -9999 -9999 -9999 -9999 -9999 -9999 -9999 -9999 -9999
37.360714 37.38048 37.399916 37.436941 37.467906 37.464229 37.450844 37.44063 37.430416 37.425814 37.393474 37.361254 37.339066 37.320987 37.379977 37.400157 37.261892 37.276342 37.290792 37.305243 37.319693 37.332565 37.331814 37.331062 37.330311 37.32956 37.328808 37.351747 37.377562 37.403376 37.42919 37.455005 37.458042 37.450345 37.442647 37.434949 37.427252 37.415468 37.399032 37.382596 37.36616 37.349724 -9999 -9999 -9999 -9999 -9999 -9999 -9999 -9999 -9999 -9999 -9999 -9999 -9999 -9999 -9999 -9999 -9999 -9999 -9999 -9999 -9999 -9999 -9999
37.38048 37.399916 37.419352 37.438787 37.464229 37.450451 37.433125 37.415799 37.398473 37.381147 37.361254 37.339066 37.316879 37.294691 37.272504 37.261892 37.276342 37.290792 37.305243 37.319693 37.332565 37.331814 37.331062 37.330311 37.32956 37.328808 37.351747 37.377562 37.403376 37.42919 37.455005 37.458042 37.450345 37.442647 37.434949 37.427252 37.415468 37.399032 37.382596 37.36616 37.349724 -9999 -9999 -9999 -9999 -9999 -9999 -9999 -9999 -9999 -9999 -9999 -9999 -9999 -9999 -9999 -9999 -9999 -9999 -9999 -9999 -9999 -9999 -9999 -9999
37.399916 37.419352 37.438787 37.458223 37.450451 37.433125 37.415799 37.398473 37.381147 37.361254 37.339066 37.316879 37.294691 37.272504 37.261892 37.276342 37.290792 37.305243 37.319693 37.332565 37.331814 37.331062 37.330311 37.32956 37.328808 37.351747 37.377562 37.403376 37.42919 37.455005 37.458042 37.450345 37.442647 37.434949 37.427252 37.415468 37.399032 37.382596 37.36616 37.349724 -9999 -9999 -9999 -9999 -9999 -9999 -9999 -9999 -9999 -9999 -9999 -9999 -9999 -9999 -9999 -9999 -9999 -9999 -9999 -9999 -9999 -9999 -9999 -9999 -9999
