test/data/seminaire_final_coolparks/differents_cas/cas4/Reference_scenario_cas4/2_Calculated_park_effects/Reference_weather/OUTPUT_T_45_0_12h.tif
NCOLS 137
NROWS 137
XLLCORNER 355585.11
YLLCORNER 6688994.6
CELLSIZE 11.935661
NODATA_VALUE -9999
[rows 58 to 86 of 137, columns 0 to 64 of 137]
-9999 -9999 -9999 -9999 -9999 -9999 -9999 -9999 -9999 -9999 -9999 -9999 -9999 -9999 -9999 -9999 -9999 -9999 -9999 -9999 -9999 -9999 -9999 -9999 37.16942 37.156921 37.144422 37.131922 37.119423 37.154561 37.237861 37.321161 37.404461 37.487761 37.569696 37.648212 37.726727 37.805243 37.883758 37.948434 37.837598 37.726761 37.615925 37.505088 37.394252 37.384075 37.390149 37.396223 37.402297 37.408371 37.376291 37.334235 37.291027 37.246203 37.202143 37.219598 37.3034 37.387075 37.471195 37.538726 37.579051 37.525527 37.472002 37.418896 37.365411
-9999 -9999 -9999 -9999 -9999 -9999 -9999 -9999 -9999 -9999 -9999 -9999 -9999 -9999 -9999 -9999 -9999 -9999 -9999 -9999 -9999 -9999 -9999 37.16942 37.156921 37.144422 37.131922 37.119423 37.154561 37.237861 37.321161 37.404461 37.487761 37.569696 37.648212 37.726727 37.805243 37.883758 37.948434 37.837598 37.726761 37.615925 37.505088 37.394252 37.384075 37.390149 37.396223 37.402297 37.408371 37.376291 37.323567 37.279909 37.23929 37.196082 37.208414 37.293216 37.378944 37.455803 37.538726 37.579051 37.525527 37.472002 37.418478 37.364954 37.312219
-9999 -9999 -9999 -9999 -9999 -9999 -9999 -9999 -9999 -9999 -9999 -9999 -9999 -9999 -9999 -9999 -9999 -9999 -9999 -9999 -9999 -9999 37.16942 37.156921 37.144422 37.131922 37.119423 37.154561 37.237861 37.321161 37.404461 37.487761 37.569696 37.648212 37.726727 37.805243 37.883758 37.948434 37.837598 37.726761 37.615925 37.505088 37.394252 37.384075 37.390149 37.396223 37.402297 37.408371 37.375355 37.322208 37.270844 37.223278 37.184964 37.199885 37.283822 37.36776 37.452562 37.532004 37.579051 37.525527 37.472002 37.418478 37.364954 37.312219 37.321167
-9999 -9999 -9999 -9999 -9999 -9999 -9999 -9999 -9999 -9999 -9999 -9999 -9999 -9999 -9999 -9999 -9999 -9999 -9999 -9999 -9999 37.16942 37.156921 37.144422 37.131922 37.119423 37.154561 37.237861 37.321161 37.404461 37.487761 37.569696 37.648212 37.726727 37.805243 37.883758 37.948434 37.837598 37.726761 37.615925 37.505088 37.394252 37.384075 37.390149 37.396223 37.402297 37.408371 37.375355 37.32119 37.267025 37.216761 37.166648 37.184145 37.274537 37.36318 37.445298 37.527417 37.579051 37.525527 37.472002 37.418478 37.364954 37.312219 37.321167 37.330116
-9999 -9999 -9999 -9999 -9999 -9999 -9999 -9999 -9999 -9999 -9999 -9999 -9999 -9999 -9999 -9999 -9999 -9999 -9999 -9999 37.16942 37.156921 37.144422 37.131922 37.119423 37.154561 37.237861 37.321161 37.404461 37.487761 37.569696 37.648212 37.726727 37.805243 37.883758 37.948434 37.837598 37.726761 37.615925 37.505088 37.394252 37.384075 37.390149 37.396223 37.402297 37.408371 37.375355 37.32119 37.267025 37.212859 37.161523 37.169409 37.255283 37.344737 37.438773 37.527417 37.579051 37.525527 37.472002 37.418478 37.364954 37.312219 37.321167 37.330116 37.339064
-9999 -9999 -9999 -9999 -9999 -9999 -9999 -9999 -9999 -9999 -9999 -9999 -9999 -9999 -9999 -9999 -9999 -9999 -9999 -9999 37.156921 37.144422 37.131922 37.119423 37.154561 37.237861 37.321161 37.404461 37.487761 37.569696 37.648212 37.726727 37.805243 37.883758 37.948434 37.837598 37.726761 37.615925 37.505088 37.394252 37.384075 37.390149 37.396223 37.402297 37.408371 37.375355 37.32119 37.267025 37.212859 37.158694 37.16438 37.247165 37.329988 37.415875 37.508555 37.572697 37.525527 37.472002 37.418478 37.364954 37.312219 37.321167 37.330116 37.339064 37.348012
-9999 -9999 -9999 -9999 -9999 -9999 -9999 -9999 -9999 -9999 -9999 -9999 -9999 -9999 -9999 -9999 -9999 -9999 -9999 -9999 -9999 37.131922 37.119423 37.154561 37.237861 37.321161 37.404461 37.487761 37.569696 37.648212 37.726727 37.805243 37.883758 37.948434 37.837598 37.726761 37.615925 37.505088 37.394252 37.384075 37.390149 37.396223 37.402297 37.408371 37.375355 37.32119 37.267025 37.212859 37.158694 37.163253 37.243524 37.324921 37.407725 37.49058 37.548024 37.507596 37.466178 37.418478 37.364954 37.312219 37.321167 37.330116 37.339064 37.348012 37.35696
-9999 -9999 -9999 -9999 -9999 -9999 -9999 -9999 -9999 -9999 -9999 -9999 -9999 -9999 -9999 -9999 -9999 -9999 -9999 -9999 -9999 -9999 37.154561 37.237861 37.321161 37.404461 37.487761 37.569696 37.648212 37.726727 37.805243 37.883758 37.948434 37.837598 37.726761 37.615925 37.505088 37.394252 37.384075 37.390149 37.396223 37.402297 37.408371 37.375355 37.32119 37.267025 37.212859 37.158694 37.163253 37.243524 37.323794 37.404065 37.485462 37.534795 37.473028 37.442495 37.401643 37.359129 37.312219 37.321167 37.330116 37.339064 37.348012 37.35696 37.359055
-9999 -9999 -9999 -9999 -9999 -9999 -9999 -9999 -9999 -9999 -9999 -9999 -9999 -9999 -9999 -9999 -9999 -9999 -9999 -9999 -9999 -9999 -9999 37.321161 37.404461 37.487761 37.569696 37.648212 37.726727 37.805243 37.883758 37.948434 37.837598 37.726761 37.615925 37.505088 37.394252 37.384075 37.390149 37.396223 37.402297 37.408371 37.375355 37.32119 37.267025 37.212859 37.158694 37.163253 37.243524 37.323794 37.404065 37.484335 37.53109 37.463369 37.397061 37.367499 37.336966 37.295464 37.321167 37.330116 37.339064 37.348012 37.35696 37.359055 37.359441
-9999 -9999 -9999 -9999 -9999 -9999 -9999 -9999 -9999 -9999 -9999 -9999 -9999 -9999 -9999 -9999 -9999 -9999 -9999 -9999 -9999 -9999 -9999 -9999 37.487761 37.569696 37.648212 37.726727 37.805243 37.883758 37.948434 37.837598 37.726761 37.615925 37.505088 37.394252 37.384075 37.390149 37.396223 37.402297 37.408371 37.375355 37.32119 37.267025 37.212859 37.158694 37.163253 37.243524 37.323794 37.404065 37.484335 37.53109 37.462223 37.393356 37.325635 37.284092 37.26283 37.299714 37.325987 37.339064 37.348012 37.35696 37.359055 37.359441 37.359828
-9999 -9999 -9999 -9999 -9999 -9999 -9999 -9999 -9999 -9999 -9999 -9999 -9999 -9999 -9999 -9999 -9999 -9999 -9999 -9999 -9999 -9999 -9999 -9999 -9999 37.648212 37.726727 37.805243 37.883758 37.948434 37.837598 37.726761 37.615925 37.505088 37.394252 37.384075 37.390149 37.396223 37.402297 37.408371 37.375355 37.32119 37.267025 37.212859 37.158694 37.163253 37.243524 37.323794 37.404065 37.484335 37.53109 37.462223 37.393356 37.324489 37.255622 37.201545 37.247427 37.293332 37.330237 37.348012 37.35696 37.359055 37.359441 37.359828 37.360215
-9999 -9999 -9999 -9999 -9999 -9999 -9999 -9999 -9999 -9999 -9999 -9999 -9999 -9999 -9999 -9999 -9999 -9999 -9999 -9999 -9999 -9999 -9999 -9999 -9999 -9999 37.805243 37.883758 37.948434 37.837598 37.726761 37.615925 37.505088 37.394252 37.384075 37.390149 37.396223 37.402297 37.408371 37.375355 37.32119 37.267025 37.212859 37.158694 37.163253 37.243524 37.323794 37.404065 37.484335 37.53109 37.462223 37.393356 37.324489 37.255622 37.187603 37.186614 37.232023 37.277912 37.323856 37.35696 37.359055 37.359441 37.359828 37.360215 37.360602
-9999 -9999 -9999 -9999 -9999 -9999 -9999 -9999 -9999 -9999 -9999 -9999 -9999 -9999 -9999 -9999 -9999 -9999 -9999 -9999 -9999 -9999 -9999 -9999 -9999 -9999 -9999 37.948434 37.837598 37.726761 37.615925 37.505088 37.394252 37.384075 37.390149 37.396223 37.402297 37.408371 37.375355 37.32119 37.267025 37.212859 37.158694 37.163253 37.243524 37.323794 37.404065 37.484335 37.53109 37.462223 37.393356 37.324489 37.255622 37.187603 37.185764 37.183924 37.217092 37.262501 37.308436 37.354675 37.359441 37.359828 37.360215 37.360602 37.40804
-9999 -9999 -9999 -9999 -9999 -9999 -9999 -9999 -9999 -9999 -9999 -9999 -9999 -9999 -9999 -9999 -9999 -9999 -9999 -9999 -9999 -9999 -9999 -9999 -9999 -9999 -9999 -9999 37.726761 37.615925 37.505088 37.394252 37.384075 37.390149 37.396223 37.402297 37.408371 37.375355 37.32119 37.267025 37.212859 37.158694 37.163253 37.243524 37.323794 37.404065 37.484335 37.53109 37.462223 37.393356 37.324489 37.255622 37.187603 37.185764 37.183924 37.182085 37.202545 37.247571 37.293311 37.339625 37.357615 37.360215 37.360602 37.40804 37.488383
-9999 -9999 -9999 -9999 -9999 -9999 -9999 -9999 -9999 -9999 -9999 -9999 -9999 -9999 -9999 -9999 -9999 -9999 -9999 -9999 -9999 -9999 -9999 -9999 -9999 -9999 -9999 -9999 -9999 37.505088 37.394252 37.384075 37.390149 37.396223 37.402297 37.408371 37.375355 37.32119 37.267025 37.212859 37.158694 37.163253 37.243524 37.323794 37.404065 37.484335 37.53109 37.462223 37.393356 37.324489 37.255622 37.187603 37.185764 37.183924 37.182085 37.180245 37.187998 37.23094 37.275872 37.324574 37.353908 37.358389 37.40804 37.488383 37.568726
-9999 -9999 -9999 -9999 -9999 -9999 -9999 -9999 -9999 -9999 -9999 -9999 -9999 -9999 -9999 -9999 -9999 -9999 -9999 -9999 -9999 -9999 -9999 -9999 -9999 -9999 -9999 -9999 -9999 -9999 37.384075 37.390149 37.396223 37.402297 37.408371 37.392471 37.32119 37.267025 37.212859 37.158694 37.163253 37.243524 37.323794 37.404065 37.484335 37.53109 37.462223 37.393356 37.324489 37.255622 37.187603 37.185764 37.183924 37.182085 37.180245 37.178406 37.174481 37.21379 37.256494 37.307135 37.350201 37.403115 37.488383 37.568726 37.64907
-9999 -9999 -9999 -9999 -9999 -9999 -9999 -9999 -9999 -9999 -9999 -9999 -9999 -9999 -9999 -9999 -9999 -9999 -9999 -9999 -9999 -9999 -9999 -9999 -9999 -9999 -9999 -9999 -9999 -9999 -9999 37.396223 37.402297 37.408371 37.392471 37.364682 37.29668 37.212859 37.158694 37.163253 37.243524 37.323794 37.404065 37.484335 37.53109 37.462223 37.393356 37.324489 37.255622 37.187603 37.185764 37.183924 37.182085 37.180245 37.178406 37.174481 37.170037 37.196638 37.239064 37.287757 37.353429 37.481712 37.568496 37.64907 37.729413
-9999 -9999 -9999 -9999 -9999 -9999 -9999 -9999 -9999 -9999 -9999 -9999 -9999 -9999 -9999 -9999 -9999 -9999 -9999 -9999 -9999 -9999 -9999 -9999 -9999 -9999 -9999 -9999 -9999 -9999 -9999 -9999 37.408371 37.392471 37.364682 37.336893 37.288517 37.188349 37.163253 37.243524 37.323794 37.404065 37.484335 37.53109 37.462223 37.393356 37.324489 37.255622 37.187603 37.185764 37.183924 37.182085 37.180245 37.178406 37.174481 37.170037 37.165592 37.179483 37.221911 37.28341 37.359593 37.503266 37.647092 37.729413 37.808235
-9999 -9999 -9999 -9999 -9999 -9999 -9999 -9999 -9999 -9999 -9999 -9999 -9999 -9999 -9999 -9999 -9999 -9999 -9999 -9999 -9999 -9999 -9999 -9999 -9999 -9999 -9999 -9999 -9999 -9999 -9999 -9999 -9999 37.364682 37.336893 37.309105 37.280355 37.22739 37.243524 37.323794 37.404065 37.484335 37.53109 37.462223 37.393356 37.324489 37.255622 37.187603 37.185764 37.183924 37.182085 37.180245 37.178406 37.174481 37.170037 37.165592 37.161148 37.162329 37.193946 37.246403 37.365757 37.478538 37.668647 37.808235 37.884536
-9999 -9999 -9999 -9999 -9999 -9999 -9999 -9999 -9999 -9999 -9999 -9999 -9999 -9999 -9999 -9999 -9999 -9999 -9999 -9999 -9999 -9999 -9999 -9999 -9999 -9999 -9999 -9999 -9999 -9999 -9999 -9999 -9999 -9999 37.309105 37.281316 37.30166 37.327287 37.335178 37.404065 37.484335 37.53109 37.462223 37.393356 37.324489 37.255622 37.187603 37.185764 37.183924 37.182085 37.180245 37.178406 37.174481 37.170037 37.165592 37.161148 37.156703 37.1515 37.158421 37.182478 37.32875 37.453811 37.595904 37.708554 37.960838
-9999 -9999 -9999 -9999 -9999 -9999 -9999 -9999 -9999 -9999 -9999 -9999 -9999 -9999 -9999 -9999 -9999 -9999 -9999 -9999 -9999 -9999 -9999 -9999 -9999 -9999 -9999 -9999 -9999 -9999 -9999 -9999 -9999 -9999 -9999 37.30166 37.38406 37.429621 37.435075 37.484335 37.53109 37.462223 37.393356 37.324489 37.255622 37.187603 37.185764 37.183924 37.182085 37.180245 37.178406 37.174481 37.170037 37.165592 37.161148 37.156703 37.1515 37.145766 37.140032 37.146953 37.258321 37.402794 37.443608 37.506147 37.861157
-9999 -9999 -9999 -9999 -9999 -9999 -9999 -9999 -9999 -9999 -9999 -9999 -9999 -9999 -9999 -9999 -9999 -9999 -9999 -9999 -9999 -9999 -9999 -9999 -9999 -9999 -9999 -9999 -9999 -9999 -9999 -9999 -9999 -9999 -9999 -9999 37.466461 37.533232 37.537409 37.53109 37.462223 37.393356 37.324489 37.255622 37.187603 37.185764 37.183924 37.182085 37.180245 37.178406 37.174481 37.170037 37.165592 37.161148 37.156703 37.1515 37.145766 37.140032 37.134298 37.128563 37.179588 37.310302 37.351856 37.353851 37.618692
-9999 -9999 -9999 -9999 -9999 -9999 -9999 -9999 -9999 -9999 -9999 -9999 -9999 -9999 -9999 -9999 -9999 -9999 -9999 -9999 -9999 -9999 -9999 -9999 -9999 -9999 -9999 -9999 -9999 -9999 -9999 -9999 -9999 -9999 -9999 -9999 -9999 37.631261 37.616943 37.512731 37.393356 37.324489 37.255622 37.187603 37.185764 37.183924 37.182085 37.180245 37.178406 37.174481 37.170037 37.165592 37.161148 37.156703 37.1515 37.145766 37.140032 37.134298 37.128563 37.13218 37.151291 37.217809 37.306978 37.262099 37.368021
-9999 -9999 -9999 -9999 -9999 -9999 -9999 -9999 -9999 -9999 -9999 -9999 -9999 -9999 -9999 -9999 -9999 -9999 -9999 -9999 -9999 -9999 -9999 -9999 -9999 -9999 -9999 -9999 -9999 -9999 -9999 -9999 -9999 -9999 -9999 -9999 -9999 -9999 37.613419 37.510461 37.374997 37.255622 37.187603 37.185764 37.183924 37.182085 37.180245 37.178406 37.174481 37.170037 37.165592 37.161148 37.156703 37.1515 37.145766 37.140032 37.134298 37.128563 37.13218 37.151291 37.170402 37.189512 37.256031 37.228924 37.255282
-9999 -9999 -9999 -9999 -9999 -9999 -9999 -9999 -9999 -9999 -9999 -9999 -9999 -9999 -9999 -9999 -9999 -9999 -9999 -9999 -9999 -9999 -9999 -9999 -9999 -9999 -9999 -9999 -9999 -9999 -9999 -9999 -9999 -9999 -9999 -9999 -9999 -9999 -9999 37.506937 37.3831 37.237553 37.185764 37.183924 37.182085 37.180245 37.178406 37.174481 37.170037 37.165592 37.161148 37.156703 37.1515 37.145766 37.140032 37.134298 37.128563 37.13218 37.151291 37.170402 37.189512 37.208623 37.228924 37.255282 37.28164
-9999 -9999 -9999 -9999 -9999 -9999 -9999 -9999 -9999 -9999 -9999 -9999 -9999 -9999 -9999 -9999 -9999 -9999 -9999 -9999 -9999 -9999 -9999 -9999 -9999 -9999 -9999 -9999 -9999 -9999 -9999 -9999 -9999 -9999 -9999 -9999 -9999 -9999 -9999 -9999 37.391492 37.268552 37.183924 37.182085 37.180245 37.178406 37.174481 37.170037 37.165592 37.161148 37.156703 37.1515 37.145766 37.140032 37.134298 37.128563 37.13218 37.151291 37.170402 37.189512 37.208623 37.228924 37.255282 37.28164 37.307998
-9999 -9999 -9999 -9999 -9999 -9999 -9999 -9999 -9999 -9999 -9999 -9999 -9999 -9999 -9999 -9999 -9999 -9999 -9999 -9999 -9999 -9999 -9999 -9999 -9999 -9999 -9999 -9999 -9999 -9999 -9999 -9999 -9999 -9999 -9999 -9999 -9999 -9999 -9999 -9999 -9999 37.29955 37.182085 37.180245 37.178406 37.174481 37.170037 37.165592 37.161148 37.156703 37.1515 37.145766 37.140032 37.134298 37.128563 37.13218 37.151291 37.170402 37.189512 37.208623 37.228924 37.255282 37.28164 37.307998 37.334356
-9999 -9999 -9999 -9999 -9999 -9999 -9999 -9999 -9999 -9999 -9999 -9999 -9999 -9999 -9999 -9999 -9999 -9999 -9999 -9999 -9999 -9999 -9999 -9999 -9999 -9999 -9999 -9999 -9999 -9999 -9999 -9999 -9999 -9999 -9999 -9999 -9999 -9999 -9999 -9999 -9999 -9999 37.207608 37.178406 37.174481 37.170037 37.165592 37.161148 37.156703 37.1515 37.145766 37.140032 37.134298 37.128563 37.13218 37.151291 37.170402 37.189512 37.208623 37.228924 37.255282 37.28164 37.307998 37.334356 37.360714
-9999 -9999 -9999 -9999 -9999 -9999 -9999 -9999 -9999 -9999 -9999 -9999 -9999 -9999 -9999 -9999 -9999 -9999 -9999 -9999 -9999 -9999 -9999 -9999 -9999 -9999 -9999 -9999 -9999 -9999 -9999 -9999 -9999 -9999 -9999 -9999 -9999 -9999 -9999 -9999 -9999 -9999 -9999 37.174481 37.170037 37.165592 37.161148 37.156703 37.1515 37.145766 37.140032 37.134298 37.128563 37.13218 37.151291 37.170402 37.189512 37.208623 37.228924 37.255282 37.28164 37.307998 37.334356 37.360714 37.38048
