test/data/seminaire_final_coolparks/differents_cas/cas4/Reference_scenario_cas4/2_Calculated_park_effects/Reference_weather/OUTPUT_T_45_0_23h.tif
NCOLS 137
NROWS 137
XLLCORNER 355585.11
YLLCORNER 6688994.6
CELLSIZE 11.935661
NODATA_VALUE -9999
[rows 58 to 86 of 137, columns 0 to 64 of 137]
-9999 -9999 -9999 -9999 -9999 -9999 -9999 -9999 -9999 -9999 -9999 -9999 -9999 -9999 -9999 -9999 -9999 -9999 -9999 -9999 -9999 -9999 -9999 -9999 25.669228 25.66587 25.662512 25.659154 25.655796 25.655073 25.657015 25.658957 25.660899 25.662841 25.662082 25.654552 25.647023 25.639494 25.631964 25.624906 25.623819 25.622732 25.621645 25.620558 25.619472 25.620325 25.621491 25.622658 25.623824 25.624991 25.583616 25.488591 25.396873 25.309795 25.231874 25.211574 25.165145 25.113949 25.064317 25.00513 24.966761 24.996791 25.02682 25.058343 25.090094
-9999 -9999 -9999 -9999 -9999 -9999 -9999 -9999 -9999 -9999 -9999 -9999 -9999 -9999 -9999 -9999 -9999 -9999 -9999 -9999 -9999 -9999 -9999 25.669228 25.66587 25.662512 25.659154 25.655796 25.655073 25.657015 25.658957 25.660899 25.662841 25.662082 25.654552 25.647023 25.639494 25.631964 25.624906 25.623819 25.622732 25.621645 25.620558 25.619472 25.620325 25.621491 25.622658 25.623824 25.624991 25.583616 25.519226 25.428801 25.329649 25.237931 25.138351 25.060446 25.016638 24.960755 24.909126 24.869666 24.89803 24.926243 24.955777 24.985408 25.016562
-9999 -9999 -9999 -9999 -9999 -9999 -9999 -9999 -9999 -9999 -9999 -9999 -9999 -9999 -9999 -9999 -9999 -9999 -9999 -9999 -9999 -9999 25.669228 25.66587 25.662512 25.659154 25.655796 25.655073 25.657015 25.658957 25.660899 25.662841 25.662082 25.654552 25.647023 25.639494 25.631964 25.624906 25.623819 25.622732 25.621645 25.620558 25.619472 25.620325 25.621491 25.622658 25.623824 25.624991 25.593402 25.533441 25.454835 25.37563 25.269859 25.162846 25.05313 24.943415 24.865509 24.813143 24.775103 24.802254 24.830846 24.857949 24.886163 24.915954 24.965833
-9999 -9999 -9999 -9999 -9999 -9999 -9999 -9999 -9999 -9999 -9999 -9999 -9999 -9999 -9999 -9999 -9999 -9999 -9999 -9999 -9999 25.669228 25.66587 25.662512 25.659154 25.655796 25.655073 25.657015 25.658957 25.660899 25.662841 25.662082 25.654552 25.647023 25.639494 25.631964 25.624906 25.623819 25.622732 25.621645 25.620558 25.619472 25.620325 25.621491 25.622658 25.623824 25.624991 25.603187 25.544091 25.49478 25.404659 25.32246 25.199574 25.049234 24.916771 24.830614 24.744456 24.68427 24.710873 24.736675 24.763434 24.791006 24.818125 24.866675 24.916565
-9999 -9999 -9999 -9999 -9999 -9999 -9999 -9999 -9999 -9999 -9999 -9999 -9999 -9999 -9999 -9999 -9999 -9999 -9999 -9999 25.669228 25.66587 25.662512 25.659154 25.655796 25.655073 25.657015 25.658957 25.660899 25.662841 25.662082 25.654552 25.647023 25.639494 25.631964 25.624906 25.623819 25.622732 25.621645 25.620558 25.619472 25.620325 25.621491 25.622658 25.623824 25.624991 25.603187 25.568956 25.5093 25.445469 25.366569 25.258296 25.107224 24.962272 24.790978 24.658515 24.597149 24.621305 24.646643 24.672889 24.697855 24.724318 24.771369 24.818509 24.867124
-9999 -9999 -9999 -9999 -9999 -9999 -9999 -9999 -9999 -9999 -9999 -9999 -9999 -9999 -9999 -9999 -9999 -9999 -9999 -9999 25.66587 25.662512 25.659154 25.655796 25.655073 25.657015 25.658957 25.660899 25.662841 25.662082 25.654552 25.647023 25.639494 25.631964 25.624906 25.623819 25.622732 25.621645 25.620558 25.619472 25.620325 25.621491 25.622658 25.623824 25.624991 25.612973 25.58378 25.534725 25.486289 25.410678 25.310898 25.179959 25.028083 24.869922 24.706424 24.554069 24.535592 24.559522 24.583678 24.609015 24.634315 24.678777 24.724614 24.771696 24.818958
-9999 -9999 -9999 -9999 -9999 -9999 -9999 -9999 -9999 -9999 -9999 -9999 -9999 -9999 -9999 -9999 -9999 -9999 -9999 -9999 -9999 25.659154 25.655796 25.655073 25.657015 25.658957 25.660899 25.662841 25.662082 25.654552 25.647023 25.639494 25.631964 25.624906 25.623819 25.622732 25.621645 25.620558 25.619472 25.620325 25.621491 25.622658 25.623824 25.624991 25.622758 25.593822 25.57467 25.515318 25.463279 25.36962 25.246052 25.101621 24.960172 24.790781 24.643217 24.564504 24.506483 24.499094 24.52283 24.546799 24.590014 24.634466 24.679073 24.72491 24.772145
-9999 -9999 -9999 -9999 -9999 -9999 -9999 -9999 -9999 -9999 -9999 -9999 -9999 -9999 -9999 -9999 -9999 -9999 -9999 -9999 -9999 -9999 25.655073 25.657015 25.658957 25.660899 25.662841 25.662082 25.654552 25.647023 25.639494 25.631964 25.624906 25.623819 25.622732 25.621645 25.620558 25.619472 25.620325 25.621491 25.622658 25.623824 25.624991 25.622758 25.618687 25.589799 25.555519 25.507388 25.428342 25.305295 25.188368 25.036775 24.892261 24.742784 24.660846 24.574939 24.505095 24.469984 24.462827 24.504888 24.54695 24.590165 24.634717 24.679368 24.724755
-9999 -9999 -9999 -9999 -9999 -9999 -9999 -9999 -9999 -9999 -9999 -9999 -9999 -9999 -9999 -9999 -9999 -9999 -9999 -9999 -9999 -9999 -9999 25.658957 25.660899 25.662841 25.662082 25.654552 25.647023 25.639494 25.631964 25.624906 25.623819 25.622732 25.621645 25.620558 25.619472 25.620325 25.621491 25.622658 25.623824 25.624991 25.630617 25.63108 25.614616 25.596948 25.551496 25.480943 25.378029 25.254744 25.124043 24.982877 24.845183 24.763481 24.682698 24.592569 24.506662 24.468416 24.421982 24.462895 24.505008 24.5471 24.590362 24.634488 24.678493
-9999 -9999 -9999 -9999 -9999 -9999 -9999 -9999 -9999 -9999 -9999 -9999 -9999 -9999 -9999 -9999 -9999 -9999 -9999 -9999 -9999 -9999 -9999 -9999 25.662841 25.662082 25.654552 25.647023 25.639494 25.631964 25.624906 25.623819 25.622732 25.621645 25.620558 25.619472 25.620325 25.621491 25.622658 25.623824 25.624991 25.630617 25.638655 25.646693 25.622937 25.604097 25.539666 25.444688 25.327717 25.214858 25.073493 24.946663 24.869977 24.788122 24.703396 24.616314 24.524238 24.452775 24.40341 24.421995 24.462908 24.505021 24.546722 24.589476 24.633473
-9999 -9999 -9999 -9999 -9999 -9999 -9999 -9999 -9999 -9999 -9999 -9999 -9999 -9999 -9999 -9999 -9999 -9999 -9999 -9999 -9999 -9999 -9999 -9999 -9999 25.654552 25.647023 25.639494 25.631964 25.624906 25.623819 25.622732 25.621645 25.620558 25.619472 25.620325 25.621491 25.622658 25.623824 25.624991 25.630617 25.638655 25.646693 25.654731 25.639986 25.596646 25.503365 25.414464 25.291462 25.17449 25.049063 24.975483 24.89477 24.815963 24.728037 24.640006 24.543799 24.453819 24.387768 24.382164 24.422008 24.462509 24.504107 24.545705 24.58846
-9999 -9999 -9999 -9999 -9999 -9999 -9999 -9999 -9999 -9999 -9999 -9999 -9999 -9999 -9999 -9999 -9999 -9999 -9999 -9999 -9999 -9999 -9999 -9999 -9999 -9999 25.639494 25.631964 25.624906 25.623819 25.622732 25.621645 25.620558 25.619472 25.620325 25.621491 25.622658 25.623824 25.624991 25.630617 25.638655 25.646693 25.654731 25.662769 25.638886 25.572148 25.481406 25.378164 25.265588 25.151462 25.077952 25.005362 24.92359 24.842877 24.755845 24.665036 24.563359 24.469049 24.388813 24.342332 24.381748 24.421067 24.461473 24.503078 24.544684
-9999 -9999 -9999 -9999 -9999 -9999 -9999 -9999 -9999 -9999 -9999 -9999 -9999 -9999 -9999 -9999 -9999 -9999 -9999 -9999 -9999 -9999 -9999 -9999 -9999 -9999 -9999 25.624906 25.623819 25.622732 25.621645 25.620558 25.619472 25.620325 25.621491 25.622658 25.623824 25.624991 25.630617 25.638655 25.646693 25.654731 25.662769 25.660077 25.632111 25.54765 25.469544 25.356204 25.252942 25.184448 25.110951 25.034252 24.955528 24.871685 24.781087 24.69056 24.58839 24.486713 24.404043 24.331537 24.341382 24.380693 24.42003 24.460436 24.515494
-9999 -9999 -9999 -9999 -9999 -9999 -9999 -9999 -9999 -9999 -9999 -9999 -9999 -9999 -9999 -9999 -9999 -9999 -9999 -9999 -9999 -9999 -9999 -9999 -9999 -9999 -9999 -9999 25.622732 25.621645 25.620558 25.619472 25.620325 25.621491 25.622658 25.623824 25.624991 25.630617 25.638655 25.646693 25.654731 25.662769 25.662675 25.643552 25.627026 25.540875 25.456413 25.355342 25.29012 25.217434 25.146985 25.067251 24.987452 24.902607 24.811912 24.715802 24.617858 24.511743 24.427003 24.356422 24.327308 24.340326 24.379657 24.432061 24.495453
-9999 -9999 -9999 -9999 -9999 -9999 -9999 -9999 -9999 -9999 -9999 -9999 -9999 -9999 -9999 -9999 -9999 -9999 -9999 -9999 -9999 -9999 -9999 -9999 -9999 -9999 -9999 -9999 -9999 25.620558 25.619472 25.620325 25.621491 25.622658 25.623824 25.624991 25.630617 25.638655 25.646693 25.654731 25.662769 25.662675 25.652095 25.633351 25.6105 25.545996 25.457742 25.392424 25.328026 25.254612 25.181926 25.103292 25.024073 24.933529 24.847062 24.746628 24.647327 24.557054 24.467115 24.381308 24.335586 24.326252 24.35235 24.413893 24.475965
-9999 -9999 -9999 -9999 -9999 -9999 -9999 -9999 -9999 -9999 -9999 -9999 -9999 -9999 -9999 -9999 -9999 -9999 -9999 -9999 -9999 -9999 -9999 -9999 -9999 -9999 -9999 -9999 -9999 -9999 25.620325 25.621491 25.622658 25.623824 25.624991 25.62295 25.638655 25.646693 25.654731 25.662769 25.662675 25.652095 25.641515 25.627195 25.600299 25.559221 25.49892 25.43378 25.365108 25.294742 25.219131 25.139895 25.06073 24.97015 24.879606 24.781777 24.69609 24.606312 24.519582 24.421421 24.343865 24.331731 24.335058 24.395725 24.457561
-9999 -9999 -9999 -9999 -9999 -9999 -9999 -9999 -9999 -9999 -9999 -9999 -9999 -9999 -9999 -9999 -9999 -9999 -9999 -9999 -9999 -9999 -9999 -9999 -9999 -9999 -9999 -9999 -9999 -9999 -9999 25.622658 25.623824 25.624991 25.62295 25.619173 25.633409 25.654731 25.662769 25.662675 25.652095 25.641515 25.630935 25.620355 25.598895 25.590858 25.540098 25.478006 25.406465 25.334899 25.261415 25.182311 25.097333 25.01098 24.916227 24.831673 24.749661 24.659809 24.569243 24.473887 24.372124 24.335254 24.321163 24.378433 24.439156
-9999 -9999 -9999 -9999 -9999 -9999 -9999 -9999 -9999 -9999 -9999 -9999 -9999 -9999 -9999 -9999 -9999 -9999 -9999 -9999 -9999 -9999 -9999 -9999 -9999 -9999 -9999 -9999 -9999 -9999 -9999 -9999 25.624991 25.62295 25.619173 25.615396 25.620841 25.649486 25.662675 25.652095 25.641515 25.630935 25.620355 25.61319 25.61388 25.608125 25.571735 25.520975 25.450738 25.382935 25.303699 25.228822 25.13975 25.05181 24.97071 24.889571 24.803232 24.716589 24.622741 24.522753 24.418471 24.352689 24.324685 24.361887 24.431283
-9999 -9999 -9999 -9999 -9999 -9999 -9999 -9999 -9999 -9999 -9999 -9999 -9999 -9999 -9999 -9999 -9999 -9999 -9999 -9999 -9999 -9999 -9999 -9999 -9999 -9999 -9999 -9999 -9999 -9999 -9999 -9999 -9999 25.619173 25.615396 25.611619 25.608273 25.633946 25.652095 25.641515 25.630935 25.620355 25.61319 25.617805 25.622421 25.623111 25.597269 25.552764 25.498703 25.4309 25.351911 25.272498 25.18626 25.109746 25.028594 24.950665 24.861129 24.773369 24.669631 24.562834 24.464818 24.381414 24.342121 24.354815 24.439911
-9999 -9999 -9999 -9999 -9999 -9999 -9999 -9999 -9999 -9999 -9999 -9999 -9999 -9999 -9999 -9999 -9999 -9999 -9999 -9999 -9999 -9999 -9999 -9999 -9999 -9999 -9999 -9999 -9999 -9999 -9999 -9999 -9999 -9999 25.611619 25.607843 25.604739 25.614574 25.636416 25.630935 25.620355 25.61319 25.617805 25.622421 25.627036 25.631652 25.622956 25.590377 25.545997 25.478864 25.404102 25.32071 25.245329 25.171943 25.090892 25.008778 24.922223 24.816509 24.709604 24.598949 24.5049 24.410139 24.394483 24.413586 24.448539
-9999 -9999 -9999 -9999 -9999 -9999 -9999 -9999 -9999 -9999 -9999 -9999 -9999 -9999 -9999 -9999 -9999 -9999 -9999 -9999 -9999 -9999 -9999 -9999 -9999 -9999 -9999 -9999 -9999 -9999 -9999 -9999 -9999 -9999 -9999 25.604739 25.602503 25.604752 25.617044 25.620355 25.61319 25.617805 25.622421 25.627036 25.631652 25.63624 25.638757 25.627989 25.592863 25.526158 25.456294 25.384365 25.312027 25.23414 25.156298 25.071076 24.967137 24.850108 24.743183 24.638922 24.540131 24.477013 24.48601 24.50952 24.507311
-9999 -9999 -9999 -9999 -9999 -9999 -9999 -9999 -9999 -9999 -9999 -9999 -9999 -9999 -9999 -9999 -9999 -9999 -9999 -9999 -9999 -9999 -9999 -9999 -9999 -9999 -9999 -9999 -9999 -9999 -9999 -9999 -9999 -9999 -9999 -9999 25.600267 25.599934 25.607223 25.61319 25.617805 25.622421 25.627036 25.631652 25.63624 25.638757 25.641273 25.643789 25.633022 25.573024 25.520308 25.450875 25.381747 25.300838 25.221705 25.114015 24.994214 24.883708 24.77204 24.672502 24.605409 24.592075 24.588013 24.601047 24.606767
-9999 -9999 -9999 -9999 -9999 -9999 -9999 -9999 -9999 -9999 -9999 -9999 -9999 -9999 -9999 -9999 -9999 -9999 -9999 -9999 -9999 -9999 -9999 -9999 -9999 -9999 -9999 -9999 -9999 -9999 -9999 -9999 -9999 -9999 -9999 -9999 -9999 25.595794 25.601053 25.603088 25.622421 25.627036 25.631652 25.63624 25.638757 25.641273 25.643789 25.646306 25.648822 25.633878 25.584647 25.520071 25.448313 25.370558 25.260893 25.141241 25.017838 24.910785 24.800898 24.731301 24.713797 24.707138 24.698125 24.703049 24.704567
-9999 -9999 -9999 -9999 -9999 -9999 -9999 -9999 -9999 -9999 -9999 -9999 -9999 -9999 -9999 -9999 -9999 -9999 -9999 -9999 -9999 -9999 -9999 -9999 -9999 -9999 -9999 -9999 -9999 -9999 -9999 -9999 -9999 -9999 -9999 -9999 -9999 -9999 25.590226 25.591507 25.612318 25.631652 25.63624 25.638757 25.641273 25.643789 25.646306 25.648822 25.655371 25.662925 25.648986 25.590984 25.517509 25.411521 25.281745 25.161816 25.045065 24.933268 24.857192 24.83971 24.819723 24.815526 24.808868 24.809163 24.790407
-9999 -9999 -9999 -9999 -9999 -9999 -9999 -9999 -9999 -9999 -9999 -9999 -9999 -9999 -9999 -9999 -9999 -9999 -9999 -9999 -9999 -9999 -9999 -9999 -9999 -9999 -9999 -9999 -9999 -9999 -9999 -9999 -9999 -9999 -9999 -9999 -9999 -9999 -9999 25.58068 25.594505 25.621685 25.638757 25.641273 25.643789 25.646306 25.648822 25.655371 25.662925 25.670479 25.678033 25.661897 25.554428 25.425593 25.302597 25.177925 25.065639 24.985588 24.958948 24.94131 24.928132 24.918985 24.913759 24.894942 24.875533
-9999 -9999 -9999 -9999 -9999 -9999 -9999 -9999 -9999 -9999 -9999 -9999 -9999 -9999 -9999 -9999 -9999 -9999 -9999 -9999 -9999 -9999 -9999 -9999 -9999 -9999 -9999 -9999 -9999 -9999 -9999 -9999 -9999 -9999 -9999 -9999 -9999 -9999 -9999 -9999 25.576829 25.614633 25.641273 25.643789 25.646306 25.648822 25.655371 25.662925 25.670479 25.678033 25.685587 25.675609 25.567576 25.436336 25.31667 25.194035 25.11148 25.080401 25.060704 25.038115 25.029733 25.018947 24.995937 24.977109 24.961312
-9999 -9999 -9999 -9999 -9999 -9999 -9999 -9999 -9999 -9999 -9999 -9999 -9999 -9999 -9999 -9999 -9999 -9999 -9999 -9999 -9999 -9999 -9999 -9999 -9999 -9999 -9999 -9999 -9999 -9999 -9999 -9999 -9999 -9999 -9999 -9999 -9999 -9999 -9999 -9999 -9999 25.607581 25.643789 25.646306 25.648822 25.655371 25.662925 25.670479 25.678033 25.685587 25.675609 25.653372 25.575754 25.449483 25.326406 25.237372 25.206583 25.173289 25.155517 25.13582 25.123543 25.09744 25.078116 25.056608 25.043479
-9999 -9999 -9999 -9999 -9999 -9999 -9999 -9999 -9999 -9999 -9999 -9999 -9999 -9999 -9999 -9999 -9999 -9999 -9999 -9999 -9999 -9999 -9999 -9999 -9999 -9999 -9999 -9999 -9999 -9999 -9999 -9999 -9999 -9999 -9999 -9999 -9999 -9999 -9999 -9999 -9999 -9999 25.638333 25.648822 25.655371 25.662925 25.670479 25.678033 25.685587 25.682886 25.667025 25.631134 25.580906 25.457661 25.365768 25.325821 25.294607 25.268391 25.245668 25.228139 25.202121 25.175511 25.156609 25.137284 25.122978
-9999 -9999 -9999 -9999 -9999 -9999 -9999 -9999 -9999 -9999 -9999 -9999 -9999 -9999 -9999 -9999 -9999 -9999 -9999 -9999 -9999 -9999 -9999 -9999 -9999 -9999 -9999 -9999 -9999 -9999 -9999 -9999 -9999 -9999 -9999 -9999 -9999 -9999 -9999 -9999 -9999 -9999 -9999 25.655371 25.662925 25.670479 25.678033 25.685587 25.682886 25.673014 25.663142 25.62255 25.586057 25.48763 25.435398 25.41427 25.378106 25.356416 25.333327 25.303116 25.276941 25.254088 25.232507 25.215778 25.203549
