test/data/seminaire_final_coolparks/differents_cas/cas4/Reference_scenario_cas4/2_Calculated_park_effects/Reference_weather/OUTPUT_T_45_0_23h.tif
NCOLS 137
NROWS 137
XLLCORNER 355585.11
YLLCORNER 6688994.6
CELLSIZE 11.935661
NODATA_VALUE -9999
[rows 58 to 86 of 137, columns 65 to 129 of 137]
25.121355 25.175721 25.231492 25.287461 25.345098 25.404348 25.462801 25.499355 25.518281 25.538769 25.546206 25.548994 25.555716 25.562439 25.569161 25.575884 25.582788 25.589994 25.597201 25.604407 25.611613 25.618128 25.621121 25.624115 25.627109 25.630102 25.633096 25.643219 25.653701 25.664182 25.674664 25.685145 25.682177 25.674487 25.666796 25.659106 25.651415 -9999 -9999 -9999 -9999 -9999 -9999 -9999 -9999 -9999 -9999 -9999 -9999 -9999 -9999 -9999 -9999 -9999 -9999 -9999 -9999 -9999 -9999 -9999 -9999 -9999 -9999 -9999 -9999
25.069264 25.122067 25.176502 25.232405 25.288423 25.345403 25.40365 25.461922 25.498477 25.517403 25.540544 25.555716 25.562439 25.569161 25.575884 25.582788 25.589994 25.597201 25.604407 25.611613 25.618128 25.621121 25.624115 25.627109 25.630102 25.633096 25.643219 25.653701 25.664182 25.674664 25.685145 25.682177 25.674487 25.666796 25.659106 25.651415 25.643837 25.63636 -9999 -9999 -9999 -9999 -9999 -9999 -9999 -9999 -9999 -9999 -9999 -9999 -9999 -9999 -9999 -9999 -9999 -9999 -9999 -9999 -9999 -9999 -9999 -9999 -9999 -9999 -9999
25.017173 25.069913 25.122849 25.177349 25.23262 25.287705 25.344499 25.402763 25.461044 25.501813 25.527901 25.553988 25.569161 25.575884 25.582788 25.589994 25.597201 25.604407 25.611613 25.618128 25.621121 25.624115 25.627109 25.630102 25.633096 25.643219 25.653701 25.664182 25.674664 25.685145 25.682177 25.674487 25.666796 25.659106 25.651415 25.643837 25.63636 25.628883 25.621405 -9999 -9999 -9999 -9999 -9999 -9999 -9999 -9999 -9999 -9999 -9999 -9999 -9999 -9999 -9999 -9999 -9999 -9999 -9999 -9999 -9999 -9999 -9999 -9999 -9999 -9999
24.966444 25.017784 25.070694 25.122937 25.176621 25.231715 25.286802 25.343603 25.416457 25.494256 25.533308 25.551134 25.568959 25.582788 25.589994 25.597201 25.604407 25.611613 25.618128 25.621121 25.624115 25.627109 25.630102 25.633096 25.643219 25.653701 25.664182 25.674664 25.685145 25.682177 25.674487 25.666796 25.659106 25.651415 25.643837 25.63636 25.628883 25.621405 25.613928 25.608316 -9999 -9999 -9999 -9999 -9999 -9999 -9999 -9999 -9999 -9999 -9999 -9999 -9999 -9999 -9999 -9999 -9999 -9999 -9999 -9999 -9999 -9999 -9999 -9999 -9999
24.917064 24.967003 25.017846 25.069916 25.122009 25.175693 25.230788 25.300209 25.382061 25.464695 25.529908 25.568959 25.582788 25.589994 25.597201 25.604407 25.611613 25.618128 25.621121 25.624115 25.627109 25.630102 25.633096 25.643219 25.653701 25.664182 25.674664 25.685145 25.682177 25.674487 25.666796 25.659106 25.651415 25.643837 25.63636 25.628883 25.621405 25.613928 25.608316 25.60674 25.605165 -9999 -9999 -9999 -9999 -9999 -9999 -9999 -9999 -9999 -9999 -9999 -9999 -9999 -9999 -9999 -9999 -9999 -9999 -9999 -9999 -9999 -9999 -9999 -9999
24.867573 24.916952 24.966192 25.016895 25.06898 25.121081 25.189093 25.268534 25.348764 25.430709 25.500347 25.570333 25.589994 25.597201 25.604407 25.611613 25.618128 25.621121 25.624115 25.627109 25.630102 25.633096 25.643219 25.653701 25.664182 25.674664 25.685145 25.682177 25.674487 25.666796 25.659106 25.651415 25.643837 25.63636 25.628883 25.621405 25.613928 25.608316 25.60674 25.605165 25.60359 25.602015 -9999 -9999 -9999 -9999 -9999 -9999 -9999 -9999 -9999 -9999 -9999 -9999 -9999 -9999 -9999 -9999 -9999 -9999 -9999 -9999 -9999 -9999 -9999
24.818829 24.866752 24.916 24.965241 25.01595 25.082134 25.158485 25.23686 25.316761 25.397413 25.47556 25.553455 25.594179 25.604407 25.611613 25.618128 25.621121 25.624115 25.627109 25.630102 25.633096 25.643219 25.653701 25.664182 25.674664 25.685145 25.682177 25.674487 25.666796 25.659106 25.651415 25.643837 25.63636 25.628883 25.621405 25.613928 25.608316 25.60674 25.605165 25.60359 25.602015 25.60045 25.59897 -9999 -9999 -9999 -9999 -9999 -9999 -9999 -9999 -9999 -9999 -9999 -9999 -9999 -9999 -9999 -9999 -9999 -9999 -9999 -9999 -9999 -9999
24.771294 24.817854 24.865778 24.915026 24.978369 25.053034 25.129074 25.206251 25.284758 25.367737 25.454573 25.536577 25.594641 25.608592 25.618128 25.621121 25.624115 25.627109 25.630102 25.633096 25.643219 25.653701 25.664182 25.674664 25.685145 25.682177 25.674487 25.666796 25.659106 25.651415 25.643837 25.63636 25.628883 25.621405 25.613928 25.608316 25.60674 25.605165 25.60359 25.602015 25.60045 25.59897 25.597491 25.596011 -9999 -9999 -9999 -9999 -9999 -9999 -9999 -9999 -9999 -9999 -9999 -9999 -9999 -9999 -9999 -9999 -9999 -9999 -9999 -9999 -9999
24.72376 24.770312 24.816881 24.8789 24.9521 25.0253 25.099964 25.17684 25.25513 25.341063 25.428755 25.515591 25.595102 25.608996 25.621121 25.624115 25.627109 25.630102 25.633096 25.643219 25.653701 25.664182 25.674664 25.685145 25.682177 25.674487 25.666796 25.659106 25.651415 25.643837 25.63636 25.628883 25.621405 25.613928 25.608316 25.60674 25.605165 25.60359 25.602015 25.60045 25.59897 25.597491 25.596011 25.594532 25.593052 -9999 -9999 -9999 -9999 -9999 -9999 -9999 -9999 -9999 -9999 -9999 -9999 -9999 -9999 -9999 -9999 -9999 -9999 -9999 -9999
24.677497 24.722769 24.78298 24.853004 24.925156 24.99865 25.072145 25.148542 25.228676 25.311583 25.398309 25.486548 25.575028 25.609112 25.622719 25.627109 25.630102 25.633096 25.643219 25.653701 25.664182 25.674664 25.685145 25.682177 25.674487 25.666796 25.659106 25.651415 25.643837 25.63636 25.628883 25.621405 25.613928 25.608316 25.60674 25.605165 25.60359 25.602015 25.60045 25.59897 25.597491 25.596011 25.594532 25.593052 25.587237 25.580895 -9999 -9999 -9999 -9999 -9999 -9999 -9999 -9999 -9999 -9999 -9999 -9999 -9999 -9999 -9999 -9999 -9999 -9999 -9999
24.632478 24.689942 24.75862 24.828372 24.899144 24.971296 25.046209 25.123473 25.202221 25.283801 25.368829 25.455796 25.545498 25.603547 25.622835 25.630102 25.633096 25.643219 25.653701 25.664182 25.674664 25.685145 25.682177 25.674487 25.666796 25.659106 25.651415 25.643837 25.63636 25.628883 25.621405 25.613928 25.608316 25.60674 25.605165 25.60359 25.602015 25.60045 25.59897 25.597491 25.596011 25.594532 25.593052 25.587237 25.580895 25.574553 25.568211 -9999 -9999 -9999 -9999 -9999 -9999 -9999 -9999 -9999 -9999 -9999 -9999 -9999 -9999 -9999 -9999 -9999 -9999
24.600899 24.667761 24.735229 24.804011 24.874505 24.945467 25.021791 25.099888 25.177152 25.256019 25.341029 25.426483 25.515969 25.5913 25.61727 25.633096 25.643219 25.653701 25.664182 25.674664 25.685145 25.682177 25.674487 25.666796 25.659106 25.651415 25.643837 25.63636 25.628883 25.621405 25.613928 25.608316 25.60674 25.605165 25.60359 25.602015 25.60045 25.59897 25.597491 25.596011 25.594532 25.593052 25.587237 25.580895 25.574553 25.568211 25.561869 25.558542 -9999 -9999 -9999 -9999 -9999 -9999 -9999 -9999 -9999 -9999 -9999 -9999 -9999 -9999 -9999 -9999 -9999
24.579959 24.645581 24.712784 24.78062 24.85005 24.921316 24.994998 25.072096 25.150615 25.229686 25.313134 25.398048 25.486657 25.576143 25.605022 25.643219 25.653701 25.664182 25.674664 25.685145 25.682177 25.674487 25.666796 25.659106 25.651415 25.643837 25.63636 25.628883 25.621405 25.613928 25.608316 25.60674 25.605165 25.60359 25.602015 25.60045 25.59897 25.597491 25.596011 25.594532 25.593052 25.587237 25.580895 25.574553 25.568211 25.561869 25.558542 25.556636 25.554729 -9999 -9999 -9999 -9999 -9999 -9999 -9999 -9999 -9999 -9999 -9999 -9999 -9999 -9999 -9999 -9999
24.560168 24.624641 24.69034 24.757932 24.825866 24.897164 24.96966 25.045304 25.122953 25.204829 25.286705 25.370153 25.457589 25.546831 25.606655 25.647201 25.664182 25.674664 25.685145 25.682177 25.674487 25.666796 25.659106 25.651415 25.643837 25.63636 25.628883 25.621405 25.613928 25.608316 25.60674 25.605165 25.60359 25.602015 25.60045 25.59897 25.597491 25.596011 25.594532 25.593052 25.587237 25.580895 25.574553 25.568211 25.561869 25.558542 25.556636 25.554729 25.552823 25.550917 -9999 -9999 -9999 -9999 -9999 -9999 -9999 -9999 -9999 -9999 -9999 -9999 -9999 -9999 -9999
24.539464 24.604179 24.66891 24.734841 24.802029 24.872981 24.944321 25.02004 25.096566 25.178061 25.261047 25.343725 25.428521 25.531539 25.609112 25.64953 25.674664 25.685145 25.682177 25.674487 25.666796 25.659106 25.651415 25.643837 25.63636 25.628883 25.621405 25.613928 25.608316 25.60674 25.605165 25.60359 25.602015 25.60045 25.59897 25.597491 25.596011 25.594532 25.593052 25.587237 25.580895 25.574553 25.568211 25.561869 25.558542 25.556636 25.554729 25.552823 25.550917 25.550751 25.552566 -9999 -9999 -9999 -9999 -9999 -9999 -9999 -9999 -9999 -9999 -9999 -9999 -9999 -9999
24.519976 24.583491 24.648249 24.713006 24.778937 24.848767 24.920213 24.995156 25.071255 25.150602 25.232098 25.315083 25.414768 25.516939 25.611714 25.651988 25.685145 25.682177 25.674487 25.666796 25.659106 25.651415 25.643837 25.63636 25.628883 25.621405 25.613928 25.608316 25.60674 25.605165 25.60359 25.602015 25.60045 25.59897 25.597491 25.596011 25.594532 25.593052 25.587237 25.580895 25.574553 25.568211 25.561869 25.558542 25.556636 25.554729 25.552823 25.550917 25.550751 25.552566 25.554381 25.556196 -9999 -9999 -9999 -9999 -9999 -9999 -9999 -9999 -9999 -9999 -9999 -9999 -9999
24.500543 24.560837 24.625369 24.691189 24.757008 24.82467 24.896716 24.970471 25.046372 25.124669 25.204639 25.302708 25.403356 25.503878 25.60605 25.654589 25.681298 25.674487 25.666796 25.659106 25.651415 25.643837 25.63636 25.628883 25.621405 25.613928 25.608316 25.60674 25.605165 25.60359 25.602015 25.60045 25.59897 25.597491 25.596011 25.594532 25.593052 25.587237 25.580895 25.574553 25.568211 25.561869 25.558542 25.556636 25.554729 25.552823 25.550917 25.550751 25.552566 25.554381 25.556196 25.558012 -9999 -9999 -9999 -9999 -9999 -9999 -9999 -9999 -9999 -9999 -9999 -9999 -9999
24.479405 24.539086 24.60208 24.666612 24.733031 24.802504 24.873218 24.945981 25.021687 25.098736 25.192091 25.287963 25.388243 25.490096 25.591948 25.643626 25.665571 25.666796 25.659106 25.651415 25.643837 25.63636 25.628883 25.621405 25.613928 25.608316 25.60674 25.605165 25.60359 25.602015 25.60045 25.59897 25.597491 25.596011 25.594532 25.593052 25.587237 25.580895 25.574553 25.568211 25.561869 25.558542 25.556636 25.554729 25.552823 25.550917 25.550751 25.552566 25.554381 25.556196 25.558012 -9999 -9999 -9999 -9999 -9999 -9999 -9999 -9999 -9999 -9999 -9999 -9999 -9999 -9999
24.485451 24.517948 24.579937 24.643519 24.711675 24.781579 24.851051 24.921765 24.997197 25.08622 25.180216 25.274829 25.373498 25.473778 25.546279 25.608473 25.649844 25.659106 25.651415 25.643837 25.63636 25.628883 25.621405 25.613928 25.608316 25.60674 25.605165 25.60359 25.602015 25.60045 25.59897 25.597491 25.596011 25.594532 25.593052 25.587237 25.580895 25.574553 25.568211 25.561869 25.558542 25.556636 25.554729 25.552823 25.550917 25.550751 25.552566 25.554381 25.556196 25.558012 -9999 -9999 -9999 -9999 -9999 -9999 -9999 -9999 -9999 -9999 -9999 -9999 -9999 -9999 -9999
24.514609 24.523995 24.557992 24.622575 24.688639 24.757699 24.82811 24.898521 24.985911 25.075485 25.168372 25.262368 25.360364 25.445606 25.510251 25.555145 25.614692 25.651415 25.643837 25.63636 25.628883 25.621405 25.613928 25.608316 25.60674 25.605165 25.60359 25.602015 25.60045 25.59897 25.597491 25.596011 25.594532 25.593052 25.587237 25.580895 25.574553 25.568211 25.561869 25.558542 25.556636 25.554729 25.552823 25.550917 25.550751 25.552566 25.554381 25.556196 25.558012 -9999 -9999 -9999 -9999 -9999 -9999 -9999 -9999 -9999 -9999 -9999 -9999 -9999 -9999 -9999 -9999
24.542264 24.556621 24.583007 24.60163 24.666807 24.734664 24.803724 24.889811 24.976685 25.064862 25.156558 25.250524 25.333803 25.41433 25.498113 25.562969 25.607863 25.634891 25.63636 25.628883 25.621405 25.613928 25.608316 25.60674 25.605165 25.60359 25.602015 25.60045 25.59897 25.597491 25.596011 25.594532 25.593052 25.587237 25.580895 25.574553 25.568211 25.561869 25.558542 25.556636 25.554729 25.552823 25.550917 25.550751 25.552566 25.554381 25.556196 25.558012 -9999 -9999 -9999 -9999 -9999 -9999 -9999 -9999 -9999 -9999 -9999 -9999 -9999 -9999 -9999 -9999 -9999
24.599379 24.606894 24.637394 24.626645 24.645268 24.712831 24.828092 24.880175 24.968176 25.055635 25.144744 25.250445 25.332549 25.383053 25.465546 25.550831 25.59782 25.608879 25.619937 25.621405 25.613928 25.608316 25.60674 25.605165 25.60359 25.602015 25.60045 25.59897 25.597491 25.596011 25.594532 25.593052 25.587237 25.580895 25.574553 25.568211 25.561869 25.558542 25.556636 25.554729 25.552823 25.550917 25.550751 25.552566 25.554381 25.556196 25.558012 -9999 -9999 -9999 -9999 -9999 -9999 -9999 -9999 -9999 -9999 -9999 -9999 -9999 -9999 -9999 -9999 -9999 -9999
24.688759 24.677277 24.687666 24.690733 24.670284 24.739471 24.858232 24.904013 24.956096 25.044098 25.14614 25.254488 25.360631 25.381799 25.43298 25.523849 25.597207 25.600358 25.603508 25.606658 25.608316 25.60674 25.605165 25.60359 25.602015 25.60045 25.59897 25.597491 25.596011 25.594532 25.593052 25.587237 25.580895 25.574553 25.568211 25.561869 25.558542 25.556636 25.554729 25.552823 25.550917 25.550751 25.552566 25.554381 25.556196 25.558012 -9999 -9999 -9999 -9999 -9999 -9999 -9999 -9999 -9999 -9999 -9999 -9999 -9999 -9999 -9999 -9999 -9999 -9999 -9999
24.778138 24.763977 24.758049 24.754821 24.783979 24.815628 24.887305 24.959841 24.979935 25.046059 25.153032 25.260005 25.368353 25.409881 25.436504 25.50186 25.597722 25.603508 25.606658 25.608316 25.60674 25.605165 25.60359 25.602015 25.60045 25.59897 25.597491 25.596011 25.594532 25.593052 25.587237 25.580895 25.574553 25.568211 25.561869 25.558542 25.556636 25.554729 25.552823 25.550917 25.550751 25.552566 25.554381 25.556196 25.558012 -9999 -9999 -9999 -9999 -9999 -9999 -9999 -9999 -9999 -9999 -9999 -9999 -9999 -9999 -9999 -9999 -9999 -9999 -9999 -9999
24.863978 24.851709 24.844749 24.852997 24.890608 24.928329 24.963462 25.015668 25.070112 25.141318 25.223596 25.305874 25.388152 25.443417 25.474915 25.509674 25.575732 25.606658 25.608316 25.60674 25.605165 25.60359 25.602015 25.60045 25.59897 25.597491 25.596011 25.594532 25.593052 25.587237 25.580895 25.574553 25.568211 25.561869 25.558542 25.556636 25.554729 25.552823 25.550917 25.550751 25.552566 25.554381 25.556196 25.558012 -9999 -9999 -9999 -9999 -9999 -9999 -9999 -9999 -9999 -9999 -9999 -9999 -9999 -9999 -9999 -9999 -9999 -9999 -9999 -9999 -9999
24.947078 24.937549 24.945625 24.954585 24.984396 25.022118 25.05984 25.111341 25.172351 25.23928 25.321558 25.403836 25.456985 25.484097 25.513326 25.54661 25.583547 25.608316 25.60674 25.605165 25.60359 25.602015 25.60045 25.59897 25.597491 25.596011 25.594532 25.593052 25.587237 25.580895 25.574553 25.568211 25.561869 25.558542 25.556636 25.554729 25.552823 25.550917 25.550751 25.552566 25.554381 25.556196 25.558012 -9999 -9999 -9999 -9999 -9999 -9999 -9999 -9999 -9999 -9999 -9999 -9999 -9999 -9999 -9999 -9999 -9999 -9999 -9999 -9999 -9999 -9999
25.030177 25.038254 25.047213 25.056173 25.078185 25.115907 25.167407 25.223747 25.280086 25.341096 25.41952 25.467921 25.496605 25.526893 25.554005 25.583547 25.608316 25.60674 25.605165 25.60359 25.602015 25.60045 25.59897 25.597491 25.596011 25.594532 25.593052 25.587237 25.580895 25.574553 25.568211 25.561869 25.558542 25.556636 25.554729 25.552823 25.550917 25.550751 25.552566 25.554381 25.556196 25.558012 -9999 -9999 -9999 -9999 -9999 -9999 -9999 -9999 -9999 -9999 -9999 -9999 -9999 -9999 -9999 -9999 -9999 -9999 -9999 -9999 -9999 -9999 -9999
25.110921 25.127145 25.143904 25.157761 25.171974 25.206338 25.248521 25.313474 25.378428 25.443381 25.483605 25.501724 25.527063 25.55752 25.587978 25.608316 25.60674 25.605165 25.60359 25.602015 25.60045 25.59897 25.597491 25.596011 25.594532 25.593052 25.587237 25.580895 25.574553 25.568211 25.561869 25.558542 25.556636 25.554729 25.552823 25.550917 25.550751 25.552566 25.554381 25.556196 25.558012 -9999 -9999 -9999 -9999 -9999 -9999 -9999 -9999 -9999 -9999 -9999 -9999 -9999 -9999 -9999 -9999 -9999 -9999 -9999 -9999 -9999 -9999 -9999 -9999
25.191546 25.199971 25.21673 25.233488 25.262405 25.29559 25.329159 25.394112 25.459065 25.496915 25.51317 25.535528 25.55752 25.587978 25.608316 25.60674 25.605165 25.60359 25.602015 25.60045 25.59897 25.597491 25.596011 25.594532 25.593052 25.587237 25.580895 25.574553 25.568211 25.561869 25.558542 25.556636 25.554729 25.552823 25.550917 25.550751 25.552566 25.554381 25.556196 25.558012 -9999 -9999 -9999 -9999 -9999 -9999 -9999 -9999 -9999 -9999 -9999 -9999 -9999 -9999 -9999 -9999 -9999 -9999 -9999 -9999 -9999 -9999 -9999 -9999 -9999
